ID_cell_morphology,cell_len,rgStart_len,rgEnd_len,cell_len_unit,cell_width,rgStart_wid,rgEnd_wid,cell_width_unit,cell_shape,motility,flagellum_arrangement,gram_stain,ID_strains,ID_reference,manual_annotation,api_import,last_change
2,1.1-2.3,1.1,2.3,µm,,,,,rod-shaped,,,,131,22887,1,,2017-01-23 08:54:19
3,1.4,1.4,1.4,µm,0.6,0.6,0.6,µm,,,,,132,21411,1,,2016-06-07 08:53:46
39,1.3-1.6,1.3,1.6,µm,0.8-1.2,0.8,1.2,µm,,0.0,,,11,23232,1,,2017-01-23 09:18:52
6,1.4,1.4,1.4,µm,0.8,0.8,0.8,µm,rod-shaped,,monotrichous,,374,22906,1,,2017-01-13 12:05:12
8,5.5-6,5.5,6.0,µm,,,,µm,,,,,654,22893,1,,2017-01-23 08:54:19
9,1-1.2,1.0,1.2,µm,0.5-0.7,0.5,0.7,µm,,,,,1264,22902,1,,2017-01-23 09:18:52
10,3-10,3.0,10.0,µm,,,,µm,,,,,1265,22896,1,,2017-01-23 08:54:19
11,,,,,,,,,,,,positive,1265,22897,1,,2016-06-07 08:53:46
12,,,,,,,,,rod-shaped,,,positive,1290,22892,1,,2017-01-13 12:05:12
13,1.5,1.5,1.5,µm,0.5,0.5,0.5,µm,,,,variable,1757,22917,1,,2016-06-07 08:53:46
14,,,,,,,,,rod-shaped,,"monotrichous, polar",,2085,22944,1,,2017-01-13 12:05:12
15,1-1.5,1.0,1.5,µm,,,,µm,,,,,2421,22907,1,,2017-01-23 08:54:19
16,2,2.0,2.0,µm,0.5-1.5,0.5,1.5,µm,,,,,5117,22945,1,,2017-01-23 09:18:52
17,,,,,,,,,,,,negative,5762,22916,1,,2016-06-07 08:53:46
18,2.5-5,2.5,5.0,µm,0.5-1,0.5,1.0,µm,rod-shaped,,polar,negative,6102,22920,1,,2017-01-23 09:18:52
19,,,,,,,,,,,,positive,6596,22931,1,,2016-06-07 08:53:46
20,,,,,,,,,,,,positive,6655,22929,1,,2016-06-07 08:53:46
21,,,,,,,,,rod-shaped,,,,6875,22933,1,,2017-01-13 12:05:12
22,,,,,,,,,,,,positive,11256,22955,1,,2016-06-07 08:53:46
23,,,,,,,,,rod-shaped,,,negative,11874,22935,1,,2017-01-13 12:05:12
24,,,,,,,,,rod-shaped,,,,11874,22936,1,,2017-01-13 12:05:12
25,,,,,,,,,,,,positive,12583,22921,1,,2016-06-07 08:53:46
26,0.2-0.6,0.2,0.6,µm,,,,µm,rod-shaped,,"monotrichous, polar",negative,12800,22938,1,,2017-01-23 08:54:19
27,,,,,,,,,rod-shaped,,,,12800,22939,1,,2017-01-13 12:05:12
28,,,,,,,,,rod-shaped,,,negative,12851,22942,1,,2017-12-05 13:55:35
29,1-2,1.0,2.0,µm,0.3-0.6,0.3,0.6,µm,,,,,12851,22941,1,,2017-01-23 09:18:52
30,,,,,,,,,rod-shaped,,polar,negative,12871,22942,1,,2017-01-13 12:05:12
31,,,,,,,,,,,,positive,16741,22925,1,,2016-06-07 08:53:46
32,,,,,,,,,rod-shaped,,,negative,17569,22949,1,,2017-01-13 12:05:12
33,1.5,1.5,1.5,µm,0.5,0.5,0.5,µm,rod-shaped,,polar,negative,17532,22951,1,,2017-01-13 12:05:12
34,2.2,2.2,2.2,µm,0.4,0.4,0.4,µm,,,,,18100,22889,1,,2016-06-07 08:53:46
35,4.7,4.7,4.7,µm,0.8,0.8,0.8,µm,rod-shaped,1.0,,,18157,18281,1,,2017-01-13 12:05:12
36,10,10.0,10.0,µm,0.85,0.85,0.85,µm,other,1.0,,negative,23454,21410,1,,2016-06-07 08:53:46
37,2.75,2.75,2.75,µm,0.9,0.9,0.9,µm,rod-shaped,,,negative,24776,21408,1,,2017-01-13 12:05:12
38,2.75,2.75,2.75,µm,0.65,0.65,0.65,µm,rod-shaped,0.0,,negative,24777,21408,1,,2017-01-13 12:05:12
40,2.0-4.0,2.0,4.0,µm,1,1.0,1.0,µm,rod-shaped,0.0,,negative,12,23233,1,,2017-01-23 08:54:19
41,1.1-1.3,1.1,1.3,µm,0.9,0.9,0.9,µm,ellipsoidal,0.0,,negative,13,23233,1,,2017-01-23 09:18:52
42,3.6-5.1,3.6,5.1,µm,0.8-0.9,0.8,0.9,µm,rod-shaped,1.0,peritrichous,negative,19,23234,1,,2017-01-23 09:18:52
43,1.5-2.0,1.5,2.0,µm,0.1-0.2,0.1,0.2,µm,rod-shaped,1.0,polar,negative,20,23235,1,,2017-01-23 09:18:52
44,1.2-2.0,1.2,2.0,µm,0.8,0.8,0.8,µm,coccus-shaped,1.0,,negative,21,23236,1,,2017-01-23 08:54:19
45,1.5-2.5,1.5,2.5,µm,0.8,0.8,0.8,µm,rod-shaped,,,negative,22,23237,1,,2017-01-23 08:54:19
46,1.2-3.0,1.2,3.0,µm,0.8,0.8,0.8,µm,rod-shaped,1.0,,negative,23,23238,1,,2017-01-23 08:54:19
47,0.6-0.8,0.6,0.8,µm,0.3-0.4,0.3,0.4,µm,rod-shaped,1.0,"monotrichous, polar",negative,26,23239,1,,2017-01-23 09:18:52
48,0.6-0.8,0.6,0.8,µm,0.3-0.4,0.3,0.4,µm,rod-shaped,1.0,lophotrichous,negative,26,23239,1,,2017-01-23 09:18:52
49,1.0-4.5,1.0,4.5,µm,0.6-1.0,0.6,1.0,µm,rod-shaped,1.0,peritrichous,negative,34,23240,1,,2017-01-23 09:18:52
50,,,,,,,,,coccus-shaped,0.0,,negative,38,23241,1,,2017-01-13 12:40:56
51,1.8,1.8,1.8,µm,1.8,1.8,1.8,µm,coccus-shaped,0.0,,negative,39,23242,1,,2017-01-13 12:40:56
52,1.3-2.2,1.3,2.2,µm,0.7-0.9,0.7,0.9,µm,rod-shaped,1.0,peritrichous,negative,42,23243,1,,2017-01-23 09:18:52
53,1.6-2.0,1.6,2.0,µm,0.5-0.6,0.5,0.6,µm,rod-shaped,1.0,peritrichous,negative,43,22919,1,,2017-01-23 09:18:52
54,1.5-1.9,1.5,1.9,µm,0.5-0.6,0.5,0.6,µm,rod-shaped,1.0,peritrichous,negative,44,22919,1,,2017-01-23 09:18:52
55,,,,,,,,,rod-shaped,,,negative,48,23244,1,,2017-01-13 12:40:56
56,,,,,,,,,rod-shaped,,,negative,53,23244,1,,2017-01-13 12:40:56
57,2.0-3.0,2.0,3.0,µm,0.6-0.8,0.6,0.8,µm,rod-shaped,0.0,,negative,58,23245,1,,2017-01-23 09:18:52
58,1.3-1.6,1.3,1.6,µm,0.9-1.3,0.9,1.3,µm,coccus-shaped,1.0,"monotrichous, polar",negative,60,23246,1,,2017-01-23 09:18:52
59,2.5-4.0,2.5,4.0,µm,0.8-1.0,0.8,1.0,µm,rod-shaped,0.0,,negative,63,23247,1,,2017-01-23 09:18:52
60,0.7-3.0,0.7,3.0,µm,,,,,star-shaped,0.0,,negative,64,23248,1,,2017-01-23 08:54:19
61,1.9-2.5,1.9,2.5,µm,,,,,star-shaped,0.0,,negative,65,23248,1,,2017-01-23 08:54:19
62,0.8-1.2,0.8,1.2,µm,0.7-1.0,0.7,1.0,µm,coccus-shaped,0.0,,negative,67,23249,1,,2017-01-23 09:18:52
63,0.8-1.5,0.8,1.5,µm,0.5-0.8,0.5,0.8,µm,coccus-shaped,0.0,,negative,71,23250,1,,2017-01-23 09:18:52
64,1.2-2.0,1.2,2.0,µm,1.0,1.0,1.0,µm,,0.0,,negative,72,22959,1,,2017-01-23 08:54:19
65,0.9-2.2,0.9,2.2,µm,0.9-1.0,0.9,1.0,µm,rod-shaped,0.0,,negative,73,22960,1,,2017-01-23 09:18:52
66,1.2-1.5,1.2,1.5,µm,,,,,coccus-shaped,0.0,,negative,76,22961,1,,2017-01-23 08:54:19
67,,,,,,,,,coccus-shaped,0.0,,negative,77,22962,1,,2017-01-13 12:40:56
68,,,,,,,,,coccus-shaped,0.0,,negative,80,22963,1,,2017-01-13 12:40:56
69,1.9-4.1,1.9,4.1,µm,0.8-1.5,0.8,1.5,µm,coccus-shaped,0.0,,negative,81,22964,1,,2017-01-23 09:18:52
70,1.4-3.1,1.4,3.1,µm,0.7-1.2,0.7,1.2,µm,coccus-shaped,0.0,,negative,82,22964,1,,2017-01-23 09:18:52
71,0.5-0.6,0.5,0.6,µm,,,,,coccus-shaped,0.0,,negative,99,22965,1,,2017-01-23 08:54:19
72,<1.8,1.8,1.8,µm,0.3-0.5,0.3,0.5,µm,rod-shaped,0.0,,negative,103,22966,1,,2017-01-23 09:18:52
73,2.0-10.0,2.0,10.0,µm,0.5,0.5,0.5,µm,vibrio-shaped,1.0,,negative,105,22967,1,,2017-01-23 08:54:19
74,1.0-1.5,1.0,1.5,µm,0.35-0.4,0.35,0.4,µm,rod-shaped,1.0,,positive,106,22968,1,,2017-01-23 09:18:52
75,1.0-3.0,1.0,3.0,µm,0.5,0.5,0.5,µm,rod-shaped,1.0,,negative,108,22969,1,,2017-01-23 08:54:19
76,1.0-3.0,1.0,3.0,mm,,,,,filament-shaped,0.0,,negative,109,22969,1,,2017-01-23 08:54:19
77,1.5-2.1,1.5,2.1,µm,0.7-0.9,0.7,0.9,µm,rod-shaped,0.0,,negative,133,21411,1,,2017-01-23 09:18:52
78,1.5-3.0,1.5,3.0,µm,0.5-0.7,0.5,0.7,µm,rod-shaped,0.0,,negative,135,22970,1,,2017-01-23 09:18:52
79,1.5-9.0,1.5,9.0,µm,0.5-1.0,0.5,1.0,µm,rod-shaped,0.0,,negative,136,22971,1,,2017-01-23 09:18:52
80,1.5-15.0,1.5,15.0,µm,0.8-1.0,0.8,1.0,µm,rod-shaped,0.0,,negative,137,22971,1,,2017-01-23 09:18:52
81,1.5-10.0,1.5,10.0,µm,0.8-1.5,0.8,1.5,µm,rod-shaped,0.0,,negative,138,22971,1,,2017-01-23 09:18:52
82,1.5-3.5,1.5,3.5,µm,0.4-0.6,0.4,0.6,µm,rod-shaped,0.0,,negative,139,22971,1,,2017-01-23 09:18:52
83,2.0-10.0,2.0,10.0,µm,0.4-0.6,0.4,0.6,µm,rod-shaped,1.0,,negative,140,22887,1,,2017-01-23 09:18:52
84,1.7-4.0,1.7,4.0,µm,0.7-1.0,0.7,1.0,µm,rod-shaped,0.0,,negative,141,23106,1,,2017-01-23 09:18:52
85,1.0-3.0,1.0,3.0,µm,0.6-0.9,0.6,0.9,µm,rod-shaped,0.0,,negative,142,23352,1,,2017-01-23 09:18:52
86,1.0-2.0,1.0,2.0,µm,0.5-0.8,0.5,0.8,µm,rod-shaped,0.0,,negative,143,23352,1,,2017-01-23 09:18:52
87,1.0-3.0,1.0,3.0,µm,0.5,0.5,0.5,µm,rod-shaped,0.0,,positive,144,23353,1,,2017-01-23 08:54:19
88,2.0-3.0,2.0,3.0,µm,0.3-0.5,0.3,0.5,µm,rod-shaped,0.0,,positive,144,23354,1,,2017-01-23 09:18:52
89,,,,,,,,,rod-shaped,0.0,,positive,145,23353,1,,2017-01-13 12:40:56
90,,,,,,,,,,0.0,,positive,159,23355,1,,2017-01-13 12:40:56
91,,,,,,,,,rod-shaped,,,,160,23107,1,,2017-01-13 12:40:56
92,0.9-3.0,0.9,3.0,µm,0.5-0.9,0.5,0.9,µm,rod-shaped,0.0,,positive,161,23108,1,,2017-01-23 09:18:52
94,3.3-6.1,3.3,6.1,µm,0.9-1.0,0.9,1.0,µm,rod-shaped,0.0,,positive,162,23355,1,,2017-01-23 09:18:52
95,,,,,,,,,rod-shaped,0.0,,positive,167,23109,1,,2017-01-13 12:40:56
96,,,,,,,,,rod-shaped,0.0,,positive,174,23110,1,,2017-01-13 12:40:56
97,,,,,,,,,rod-shaped,0.0,,positive,175,23111,1,,2017-01-13 12:40:56
98,2.0-4.0,2.0,4.0,µm,,,,,rod-shaped,0.0,,positive,177,23112,1,,2017-01-23 08:54:19
99,,,,,,,,,rod-shaped,0.0,,positive,178,23113,1,,2017-01-13 12:40:56
100,,,,,,,,,rod-shaped,0.0,,positive,179,23114,1,,2017-01-13 12:40:56
101,,,,,,,,,rod-shaped,0.0,,positive,180,23115,1,,2017-01-13 12:40:56
102,,,,,,,,,rod-shaped,,,positive,181,23117,1,,2017-01-13 12:40:56
103,,,,,,,,,rod-shaped,0.0,,positive,182,23118,1,,2017-01-13 12:40:56
104,,,,,,,,,rod-shaped,0.0,,positive,185,23119,1,,2017-01-13 12:40:56
105,,,,,,,,,rod-shaped,0.0,,positive,186,23120,1,,2017-01-13 12:40:56
106,,,,,,,,,rod-shaped,0.0,,positive,187,23121,1,,2017-01-13 12:40:56
107,,,,,,,,,rod-shaped,,,positive,188,23122,1,,2017-01-13 12:40:56
108,,,,,,,,,rod-shaped,0.0,,positive,189,23123,1,,2017-01-13 12:40:56
109,2.5-3.2,2.5,3.2,µm,0.9-1.2,0.9,1.2,µm,rod-shaped,0.0,,negative,294,23264,1,,2017-01-23 09:18:52
110,,,,,,,,,,0.0,,positive,197,22976,1,,2017-01-13 12:40:56
111,,,,,,,,,,0.0,,positive,202,22972,1,,2017-01-13 12:40:56
112,,,,,,,,,rod-shaped,0.0,,positive,203,22973,1,,2017-01-13 12:40:56
113,1.0-2.0,1.0,2.0,µm,0.5,0.5,0.5,µm,rod-shaped,0.0,,positive,204,22974,1,,2017-01-23 08:54:19
114,2.9,2.9,2.9,µm,<0.5,0.5,0.5,µm,rod-shaped,1.0,lophotrichous,negative,206,22975,1,,2017-01-13 12:40:56
115,1.7,1.7,1.7,µm,<0.5,0.5,0.5,µm,rod-shaped,1.0,lophotrichous,variable,208,22975,1,,2017-01-13 12:40:56
116,1.7,1.7,1.7,µm,<0.5,0.5,0.5,µm,rod-shaped,1.0,lophotrichous,variable,209,22975,1,,2017-01-13 12:40:56
117,0.3-2.5,0.3,2.5,µm,0.2-0.9,0.2,0.9,µm,coccus-shaped,0.0,,,212,22976,1,,2017-01-23 09:18:52
118,0.3-2.5,0.3,2.5,µm,0.2-0.9,0.2,0.9,µm,coccus-shaped,0.0,,,214,22976,1,,2017-01-23 09:18:52
119,0.3-2.5,0.3,2.5,µm,0.2-0.9,0.2,0.9,µm,coccus-shaped,0.0,,,216,22976,1,,2017-01-23 09:18:52
120,0.3-2.5,0.3,2.5,µm,0.2-0.9,0.2,0.9,µm,coccus-shaped,0.0,,,217,22976,1,,2017-01-23 09:18:52
121,0.3-2.5,0.3,2.5,µm,0.2-0.9,0.2,0.9,µm,coccus-shaped,0.0,,,218,22976,1,,2017-01-23 09:18:52
122,,,,,,,,,sphere-shaped,0.0,,positive,222,22981,1,,2017-01-13 12:40:56
123,,,,,,,,,coccus-shaped,,,positive,224,22977,1,,2017-01-13 12:40:56
124,,,,,,,,,coccus-shaped,,,positive,225,22978,1,,2017-01-13 12:40:56
125,,,,,,,,,coccus-shaped,0.0,,positive,226,22979,1,,2017-01-13 12:40:56
126,,,,,,,,,coccus-shaped,0.0,,positive,227,22980,1,,2017-01-13 12:40:56
127,,,,,,,,,ovoid-shaped,0.0,,positive,229,23251,1,,2017-01-13 12:40:56
128,,,,,,,,,coccus-shaped,,,positive,230,23252,1,,2017-01-13 12:40:56
129,,,,,,,,,coccus-shaped,,,variable,234,23374,1,,2017-01-13 12:40:56
130,,,,,,,,,coccus-shaped,0.0,,positive,235,23253,1,,2017-01-13 12:40:56
131,1-2,1.0,2.0,µm,,,,,rod-shaped,0.0,,negative,242,23254,1,,2017-01-23 08:54:19
132,,,,,,,,,rod-shaped,1.0,,negative,258,23255,1,,2017-01-13 12:40:56
133,,,,,,,,,rod-shaped,1.0,"monotrichous, polar",negative,261,23256,1,,2017-01-13 12:40:56
134,1.2-2.2,1.2,2.2,µm,0.5-1.0,0.5,1.0,µm,rod-shaped,1.0,"monotrichous, polar",negative,262,23257,1,,2017-01-23 09:18:52
135,1-2,1.0,2.0,µm,0.4-0.5,0.4,0.5,µm,rod-shaped,1.0,"monotrichous, polar",negative,271,23258,1,,2017-01-23 09:18:52
136,,,,,,,,,rod-shaped,1.0,,negative,279,23259,1,,2017-01-13 12:40:56
137,,,,,,,,,coccus-shaped,,,,280,23260,1,,2017-01-13 12:40:56
138,0.5-2.0,0.5,2.0,µm,0.3-1.0,0.3,1.0,µm,rod-shaped,1.0,"monotrichous, polar",negative,280,23260,1,,2017-01-23 09:18:52
139,3-3.5,3.0,3.5,µm,0.6-0.7,0.6,0.7,µm,rod-shaped,1.0,"monotrichous, polar",negative,283,23261,1,,2017-01-23 09:18:52
140,1.8-2.5,1.8,2.5,µm,0.8-1,0.8,1.0,µm,rod-shaped,1.0,,negative,285,23262,1,,2017-01-23 09:18:52
141,2.5,2.5,2.5,µm,0.7,0.7,0.7,µm,rod-shaped,1.0,,negative,286,23262,1,,2017-01-13 12:40:56
142,2.0-2.5,2.0,2.5,µm,0.5-0.7,0.5,0.7,µm,rod-shaped,1.0,"monotrichous, polar",negative,288,23263,1,,2017-01-23 09:18:52
143,2.4-3.6,2.4,3.6,µm,0.9,0.9,0.9,µm,rod-shaped,0.0,,negative,295,23265,1,,2017-01-23 09:18:52
144,1-2,1.0,2.0,µm,,,,,coccus-shaped,,,negative,322,23266,1,,2017-01-23 08:54:19
145,1-2,1.0,2.0,µm,,,,,coccus-shaped,,,negative,323,23266,1,,2017-01-23 08:54:19
146,0.9-1.1,0.9,1.1,µm,,,,,coccus-shaped,0.0,,negative,343,23267,1,,2017-01-23 08:54:19
147,1.2-2.0,1.2,2.0,µm,0.3-0.5,0.3,0.5,µm,rod-shaped,0.0,,negative,349,23268,1,,2017-01-23 09:18:52
148,1.6-2.5,1.6,2.5,µm,0.7-0.8,0.7,0.8,µm,rod-shaped,1.0,,negative,350,23269,1,,2017-01-23 09:18:52
149,1.4-1.7,1.4,1.7,µm,0.3-0.5,0.3,0.5,µm,rod-shaped,1.0,,negative,351,23270,1,,2017-01-23 09:18:52
150,1-2,1.0,2.0,µm,,,,,coccus-shaped,,,negative,354,23271,1,,2017-01-23 08:54:19
151,1,1.0,1.0,µm,,,,,rod-shaped,0.0,,negative,355,23272,1,,2017-01-13 12:40:56
152,1,1.0,1.0,µm,,,,,rod-shaped,1.0,peritrichous,negative,356,23272,1,,2017-01-13 12:40:56
153,1.3-4,1.3,4.0,µm,0.7-1.2,0.7,1.2,µm,rod-shaped,1.0,,negative,357,23273,1,,2017-01-23 09:18:52
154,0.7-2.5,0.7,2.5,µm,0.3-0.6,0.3,0.6,µm,rod-shaped,0.0,,negative,360,23274,1,,2017-01-23 09:18:52
155,1.0-2.5,1.0,2.5,µm,0.5-0.8,0.5,0.8,µm,rod-shaped,0.0,,negative,361,23275,1,,2017-01-23 09:18:52
156,1-1.5,1.0,1.5,µm,0.5-0.8,0.5,0.8,µm,rod-shaped,1.0,"monotrichous, polar",negative,362,23276,1,,2017-01-23 09:18:52
157,0.7-1.0,0.7,1.0,µm,0.3-0.5,0.3,0.5,µm,rod-shaped,1.0,,negative,363,23277,1,,2017-01-23 09:18:52
158,0.5-0.8,0.5,0.8,µm,0.3-0.6,0.3,0.6,µm,rod-shaped,1.0,,negative,364,23278,1,,2017-01-23 09:18:52
159,0.6-0.9,0.6,0.9,µm,0.5-0.7,0.5,0.7,µm,rod-shaped,1.0,amphitrichous,negative,365,23279,1,,2017-01-23 09:18:52
160,1-2,1.0,2.0,µm,0.4-0.5,0.4,0.5,µm,rod-shaped,1.0,peritrichous,negative,377,23280,1,,2017-01-23 09:18:52
161,,,,,,,,,rod-shaped,1.0,peritrichous,negative,378,23281,1,,2017-01-13 12:40:56
162,1-1.8,1.0,1.8,µm,0.5-0.6,0.5,0.6,µm,rod-shaped,1.0,peritrichous,negative,379,22905,1,,2017-01-23 09:18:52
163,1.0-2.8,1.0,2.8,µm,0.4-0.7,0.4,0.7,µm,rod-shaped,0.0,,negative,382,23282,1,,2017-01-23 09:18:52
164,1-2,1.0,2.0,µm,,,,,rod-shaped,,,negative,385,23283,1,,2017-01-23 08:54:19
165,0.8-2.0,0.8,2.0,µm,0.3-0.7,0.3,0.7,µm,rod-shaped,1.0,lophotrichous,negative,394,23284,1,,2017-01-23 09:18:52
166,4.8-6.3,4.8,6.3,µm,0.9-1.1,0.9,1.1,µm,rod-shaped,1.0,,positive,414,23285,1,,2017-01-23 09:18:52
167,1.2-1.8,1.2,1.8,µm,0.5-0.6,0.5,0.6,µm,rod-shaped,1.0,"monotrichous, polar",negative,437,23286,1,,2017-01-23 09:18:52
168,1.0-1.8,1.0,1.8,µm,0.4-0.6,0.4,0.6,µm,rod-shaped,1.0,"monotrichous, polar",negative,438,23286,1,,2017-01-23 09:18:52
169,2,2.0,2.0,µm,0.5-1.0,0.5,1.0,µm,rod-shaped,0.0,,negative,440,23287,1,,2017-01-23 09:18:52
170,2.0-7.0,2.0,7.0,µm,0.4,0.4,0.4,µm,rod-shaped,1.0,"monotrichous, polar",negative,447,23288,1,,2017-01-23 08:54:19
171,0.7-0.9,0.7,0.9,µm,,,,,rod-shaped,1.0,"monotrichous, polar",negative,449,23289,1,,2017-01-23 08:54:19
172,1.8,1.8,1.8,µm,0.9,0.9,0.9,µm,rod-shaped,1.0,"monotrichous, polar",negative,450,23290,1,,2017-01-13 12:40:56
173,,,,,,,,,rod-shaped,1.0,,negative,451,23291,1,,2017-01-13 12:40:56
174,1-5,1.0,5.0,µm,0.2-0.4,0.2,0.4,µm,,,,,451,23291,1,,2017-01-23 09:18:52
175,1.6-2.3,1.6,2.3,µm,0.5-0.7,0.5,0.7,µm,rod-shaped,1.0,"monotrichous, polar",negative,459,23292,1,,2017-01-23 09:18:52
176,2.1-3.0,2.1,3.0,µm,0.5-0.7,0.5,0.7,µm,rod-shaped,1.0,"monotrichous, polar",negative,460,23293,1,,2017-01-23 09:18:52
177,1.1-1.7,1.1,1.7,µm,0.3-0.5,0.3,0.5,µm,rod-shaped,0.0,,negative,465,23292,1,,2017-01-23 09:18:52
178,1.5-3.0,1.5,3.0,µm,0.5,0.5,0.5,µm,rod-shaped,1.0,"monotrichous, polar",negative,470,23294,1,,2017-01-23 08:54:19
179,,,,,,,,,pleomorphic-shaped,,,,470,23294,1,,2017-01-13 12:40:56
180,2-3,2.0,3.0,µm,0.3-0.6,0.3,0.6,µm,rod-shaped,1.0,"monotrichous, polar",negative,473,23295,1,,2017-01-23 09:18:52
181,2.5-3.5,2.5,3.5,µm,0.3-0.5,0.3,0.5,µm,rod-shaped,1.0,,negative,478,23296,1,,2017-01-23 09:18:52
182,1.8-2.5,1.8,2.5,µm,0.3-0.4,0.3,0.4,µm,rod-shaped,1.0,,negative,479,23297,1,,2017-01-23 09:18:52
183,1.0-1.3,1.0,1.3,µm,0.4-0.5,0.4,0.5,µm,rod-shaped,1.0,,negative,480,23297,1,,2017-01-23 09:18:52
184,1.5-3.0,1.5,3.0,µm,0.6-0.9,0.6,0.9,µm,rod-shaped,1.0,"monotrichous, polar",negative,481,23298,1,,2017-01-23 09:18:52
185,1.5-3.0,1.5,3.0,µm,0.6-0.8,0.6,0.8,µm,rod-shaped,1.0,"monotrichous, polar",negative,483,23298,1,,2017-01-23 09:18:52
186,1.2-4.5,1.2,4.5,µm,0.5-1.3,0.5,1.3,µm,rod-shaped,1.0,polar,negative,491,23124,1,,2017-01-23 09:18:52
187,1.6-3.0,1.6,3.0,µm,0.3-0.5,0.3,0.5,µm,rod-shaped,1.0,,negative,492,23125,1,,2017-01-23 09:18:52
188,1.7-2.4,1.7,2.4,µm,0.6-0.8,0.6,0.8,µm,rod-shaped,1.0,polar,negative,493,23126,1,,2017-01-23 09:18:52
189,>100,100.0,100.0,µm,0.2-0.3,0.2,0.3,µm,filament-shaped,0.0,,negative,501,23127,1,,2017-01-23 09:18:52
190,>100,100.0,100.0,µm,0.3-0.4,0.3,0.4,µm,filament-shaped,0.0,,negative,502,23356,1,,2017-01-23 09:18:52
191,>100,100.0,100.0,µm,<0.2,0.2,0.2,µm,filament-shaped,0.0,,negative,503,23356,1,,2017-01-13 12:40:56
192,>100,100.0,100.0,µm,0.4-0.5,0.4,0.5,µm,filament-shaped,0.0,,negative,504,23356,1,,2017-01-23 09:18:52
193,2.0-3.0,2.0,3.0,µm,0.3-0.5,0.3,0.5,µm,rod-shaped,0.0,,negative,512,23128,1,,2017-01-23 09:18:52
194,2-4,2.0,4.0,µm,0.3-0.4,0.3,0.4,µm,rod-shaped,1.0,,negative,515,23129,1,,2017-01-23 09:18:52
195,2.4-3.9,2.4,3.9,µm,0.5-0.6,0.5,0.6,µm,rod-shaped,1.0,,negative,525,23130,1,,2017-01-23 09:18:52
196,1.5-2.5,1.5,2.5,µm,1.0,1.0,1.0,µm,rod-shaped,1.0,polar,negative,526,23131,1,,2017-01-23 09:18:52
197,0.7-1.4,0.7,1.4,µm,0.4-1.0,0.4,1.0,µm,rod-shaped,0.0,,negative,528,23132,1,,2017-01-23 09:18:52
198,1.3-1.5,1.3,1.5,µm,0.4-1.1,0.4,1.1,µm,rod-shaped,0.0,,negative,531,23133,1,,2017-01-23 09:18:52
199,0.4-1.2,0.4,1.2,µm,0.9,0.9,0.9,µm,rod-shaped,0.0,,negative,532,23134,1,,2017-01-23 08:54:19
200,1.0-1.5,1.0,1.5,µm,0.4-1.3,0.4,1.3,µm,rod-shaped,1.0,,negative,533,23135,1,,2017-01-23 09:18:52
201,0.8-1.2,0.8,1.2,µm,0.6-0.8,0.6,0.8,µm,rod-shaped,1.0,,negative,534,23136,1,,2017-01-23 09:18:52
202,3.0-5.0,3.0,5.0,µm,1.0,1.0,1.0,µm,rod-shaped,1.0,,positive,569,23137,1,,2017-01-23 08:54:19
203,3.0-8.0,3.0,8.0,µm,0.8-1.0,0.8,1.0,µm,rod-shaped,1.0,,variable,570,23359,1,,2017-01-23 09:18:52
204,3.0-8.0,3.0,8.0,µm,0.8-1.0,0.8,1.0,µm,rod-shaped,1.0,,variable,571,23359,1,,2017-01-23 09:18:52
205,,,,,,,,,rod-shaped,1.0,,positive,572,23138,1,,2017-01-13 12:40:56
206,1.8-3.0,1.8,3.0,µm,0.7-0.9,0.7,0.9,µm,rod-shaped,1.0,peritrichous,positive,598,24474,1,,2017-03-15 08:39:31
207,3-10,3.0,10.0,µm,0.9-1.0,0.9,1.0,µm,rod-shaped,1.0,peritrichous,positive,599,23140,1,,2017-01-23 09:18:52
208,2.0-4.0,2.0,4.0,µm,0.5-1.0,0.5,1.0,µm,rod-shaped,1.0,,positive,1077,23299,1,,2017-01-23 09:18:52
209,,,,,0.6-0.7,0.6,0.7,µm,,1.0,peritrichous,positive,1081,23300,1,,2017-01-23 09:18:52
210,2.0-4.0,2.0,4.0,µm,0.5-1.0,0.5,1.0,µm,rod-shaped,,,positive,1093,23301,1,,2017-01-23 09:18:52
211,2.0-4.0,2.0,4.0,µm,0.8-1.0,0.8,1.0,µm,,1.0,,positive,1150,23302,1,,2017-01-23 09:18:52
212,3.0-5.0,3.0,5.0,µm,1.0,1.0,1.0,µm,rod-shaped,0.0,,positive,1151,23303,1,,2017-01-23 08:54:19
213,,,,,,,,,rod-shaped,,,positive,1153,23304,1,,2017-01-13 12:40:56
214,1.5-6.0,1.5,6.0,µm,0.6-0.8,0.6,0.8,µm,rod-shaped,1.0,peritrichous,negative,1154,23305,1,,2017-01-23 09:18:52
215,2-5,2.0,5.0,µm,1.0,1.0,1.0,µm,rod-shaped,1.0,,positive,1201,23306,1,,2017-01-23 08:54:19
216,2.5-3.5,2.5,3.5,µm,0.5-1.5,0.5,1.5,µm,rod-shaped,0.0,,positive,1203,23307,1,,2017-01-23 09:18:52
217,1.0-4.0,1.0,4.0,µm,0.5-0.8,0.5,0.8,µm,rod-shaped,1.0,,variable,1208,23308,1,,2017-01-23 09:18:52
218,4-5,4.0,5.0,µm,1,1.0,1.0,µm,rod-shaped,1.0,,positive,1209,23309,1,,2017-01-23 08:54:19
219,4.0-6.0,4.0,6.0,µm,0.8-2.0,0.8,2.0,µm,filament-shaped,1.0,peritrichous,variable,1210,23310,1,,2017-01-23 09:18:52
220,2-5,2.0,5.0,µm,0.7-0.9,0.7,0.9,µm,rod-shaped,1.0,,positive,1212,23311,1,,2017-01-23 09:18:52
221,,,,,,,,,,,,positive,1213,23312,1,,2017-01-13 12:40:56
222,0.6-1.2,0.6,1.2,µm,,,,,pleomorphic-shaped,1.0,,variable,1213,23312,1,,2017-01-23 08:54:19
223,,,,,,,,,,,,positive,1214,23312,1,,2017-01-13 12:40:56
224,0.7-1.2,0.7,1.2,µm,,,,,rod-shaped,1.0,,variable,1214,23312,1,,2017-01-23 08:54:19
225,0.6-0.9,0.6,0.9,µm,,,,,,1.0,,negative,1215,23312,1,,2017-01-23 08:54:19
226,0.6-1.2,0.6,1.2,µm,,,,,,1.0,,positive,1216,23312,1,,2017-01-23 08:54:19
227,,,,,,,,,,,,positive,1217,23312,1,,2017-01-13 12:40:56
228,0.6-1.2,0.6,1.2,µm,,,,,rod-shaped,1.0,,variable,1217,23312,1,,2017-01-23 08:54:19
229,0.6-08,0.6,8.0,µm,1.0-3.5,1.0,3.5,µm,rod-shaped,1.0,,negative,1219,23313,1,,2017-01-23 09:18:52
230,1.2-4.0,1.2,4.0,µm,0.5-0.8,0.5,0.8,µm,rod-shaped,1.0,,negative,1220,23313,1,,2017-01-23 09:18:52
231,1.6-3.5,1.6,3.5,µm,0.6-0.8,0.6,0.8,µm,rod-shaped,1.0,,negative,1221,23313,1,,2017-01-23 09:18:52
232,1.5-3.5,1.5,3.5,µm,0.6-0.8,0.6,0.8,µm,rod-shaped,1.0,"monotrichous, polar",positive,1224,23314,1,,2017-01-23 09:18:52
233,1.2-3.5,1.2,3.5,µm,0.5-0.7,0.5,0.7,µm,rod-shaped,1.0,peritrichous,variable,1225,23314,1,,2017-01-23 09:18:52
234,3.3-5.3,3.3,5.3,µm,0.9-1.2,0.9,1.2,µm,rod-shaped,0.0,,positive,1233,23315,1,,2017-01-23 09:18:52
235,3.0-5.0,3.0,5.0,µm,0.5-0.9,0.5,0.9,µm,rod-shaped,1.0,peritrichous,positive,1239,23316,1,,2017-01-23 09:18:52
236,4.0-6.0,4.0,6.0,µm,0.8-1.1,0.8,1.1,µm,rod-shaped,1.0,peritrichous,variable,1250,23317,1,,2017-01-23 09:18:52
237,4-8,4.0,8.0,µm,0.5-0.8,0.5,0.8,µm,rod-shaped,1.0,,positive,1251,23318,1,,2017-01-23 09:18:52
238,3-6,3.0,6.0,µm,0.4-0.8,0.4,0.8,µm,rod-shaped,1.0,,variable,1256,23319,1,,2017-01-23 09:18:52
239,,,,,,,,,rod-shaped,,,positive,1263,23320,1,,2017-01-13 12:40:56
240,1.5-3.0,1.5,3.0,µm,0.5-0.7,0.5,0.7,µm,rod-shaped,,,positive,1280,23141,1,,2017-01-23 09:18:52
241,>1.0,1.0,1.0,µm,,,,,rod-shaped,1.0,,positive,1323,23142,1,,2017-01-13 12:40:56
242,,,,,,,,,rod-shaped,1.0,,positive,1327,22983,1,,2017-01-13 12:40:56
243,2.0-4.5,2.0,4.5,µm,0.7-1.4,0.7,1.4,µm,rod-shaped,1.0,lophotrichous,positive,1342,22983,1,,2017-01-23 09:18:52
244,2.0-4.5,2.0,4.5,µm,0.7 -1.1,0.7,1.1,µm,rod-shaped,1.0,lophotrichous,positive,1343,22983,1,,2017-01-23 09:18:52
245,2.5-4.0,2.5,4.0,µm,0.8-0.9,0.8,0.9,µm,rod-shaped,0.0,,positive,1344,22984,1,,2017-01-23 09:18:52
246,2.0-100.0,2.0,100.0,µm,0.4-0.6,0.4,0.6,µm,rod-shaped,1.0,,positive,1346,22986,1,,2017-01-23 09:18:52
247,1.0-2.8,1.0,2.8,µm,0.6-1.2,0.6,1.2,µm,rod-shaped,1.0,peritrichous,positive,1347,22987,1,,2017-01-23 09:18:52
248,2.2-4.2,2.2,4.2,µm,0.6-0.9,0.6,0.9,µm,rod-shaped,1.0,peritrichous,positive,1348,22987,1,,2017-01-23 09:18:52
249,1.6-3.3,1.6,3.3,µm,0.5-1.0,0.5,1.0,µm,rod-shaped,0.0,,positive,1349,22985,1,,2017-01-23 09:18:52
250,1.0-2.9,1.0,2.9,µm,0.5-1.0,0.5,1.0,µm,rod-shaped,0.0,,positive,1350,22985,1,,2017-01-23 09:18:52
251,1.5-4.0,1.5,4.0,µm,0.7-1.1,0.7,1.1,µm,rod-shaped,1.0,peritrichous,positive,1351,22988,1,,2017-01-23 09:18:52
252,2.4-3.4,2.4,3.4,µm,1.6-1.8,1.6,1.8,µm,rod-shaped,0.0,,positive,1352,22989,1,,2017-01-23 09:18:52
253,1.0-2.0,1.0,2.0,µm,0.5-1.0,0.5,1.0,µm,rod-shaped,1.0,,positive,1353,22990,1,,2017-01-23 09:18:52
254,1.0-4.0,1.0,4.0,µm,0.5-0.9,0.5,0.9,µm,rod-shaped,1.0,"monotrichous, polar",positive,1354,22991,1,,2017-01-23 09:18:52
255,1.57,1.57,1.57,µm,,,,,coccus-shaped,0.0,,positive,1355,22992,1,,2017-01-13 12:40:56
256,1.5-3.0,1.5,3.0,µm,0.5-0.9,0.5,0.9,µm,rod-shaped,1.0,peritrichous,positive,1356,22993,1,,2017-01-23 09:18:52
257,3.6-4.5,3.6,4.5,µm,0.6-0.9,0.6,0.9,µm,rod-shaped,1.0,peritrichous,positive,1357,22995,1,,2017-01-23 09:18:52
258,3.6-4.5,3.6,4.5,µm,0.6-0.9,0.6,0.9,µm,rod-shaped,1.0,peritrichous,positive,1358,22995,1,,2017-01-23 09:18:52
259,2.0-4.0,2.0,4.0,µm,0.4-0.7,0.4,0.7,µm,rod-shaped,1.0,monotrichous,variable,1359,22996,1,,2017-01-23 09:18:52
260,1.5-3.0,1.5,3.0,µm,0.2-0.3,0.2,0.3,µm,rod-shaped,1.0,,positive,1360,22997,1,,2017-01-23 09:18:52
261,1.2-3.0,1.2,3.0,µm,0.4-0.6,0.4,0.6,µm,rod-shaped,1.0,peritrichous,positive,1361,22998,1,,2017-01-23 09:18:52
262,1.0-3.0,1.0,3.0,µm,0.4-0.6,0.4,0.6,µm,rod-shaped,1.0,,positive,1362,22999,1,,2017-01-23 09:18:52
263,0.8-2.5,0.8,2.5,µm,0.2-0.4,0.2,0.4,µm,rod-shaped,0.0,,positive,1363,23000,1,,2017-01-23 09:18:52
264,1.5-2.5,1.5,2.5,µm,0.5,0.5,0.5,µm,rod-shaped,0.0,,positive,1364,23001,1,,2017-01-23 08:54:19
265,2.0-4.0,2.0,4.0,µm,0.7-1.2,0.7,1.2,µm,rod-shaped,1.0,peritrichous,positive,1365,23002,1,,2017-01-23 09:18:52
266,0.8-2.5,0.8,2.5,µm,0.4-0.6,0.4,0.6,µm,rod-shaped,1.0,peritrichous,positive,1366,23003,1,,2017-01-23 09:18:52
267,2.0-4.0,2.0,4.0,µm,0.5-1.0,0.5,1.0,µm,rod-shaped,0.0,,positive,1367,23004,1,,2017-01-23 09:18:52
268,1.5-4.0,1.5,4.0,µm,0.9,0.9,0.9,µm,rod-shaped,1.0,,positive,1368,23005,1,,2017-01-23 08:54:19
269,1.0-1.2,1.0,1.2,µm,,,,,coccus-shaped,1.0,"monotrichous, polar",positive,1370,23006,1,,2017-01-23 08:54:19
270,0.1-0.5,0.1,0.5,µm,,,,,coccus-shaped,1.0,,positive,1371,23007,1,,2017-01-23 08:54:19
271,,,,,,,,,rod-shaped,1.0,peritrichous,positive,1373,23030,1,,2017-01-13 12:40:56
272,1.2-2.0,1.2,2.0,µm,0.5-0.8,0.5,0.8,µm,rod-shaped,1.0,peritrichous,positive,1374,23031,1,,2017-01-23 09:18:52
273,1.3-3.0,1.3,3.0,µm,0.8-1.0,0.8,1.0,µm,rod-shaped,1.0,peritrichous,positive,1375,23009,1,,2017-01-23 09:18:52
274,0.8-2.0,0.8,2.0,µm,0.2-0.4,0.2,0.4,µm,rod-shaped,1.0,peritrichous,positive,1376,23010,1,,2017-01-23 09:18:52
275,2.0-2.2,2.0,2.2,µm,0.5-0.6,0.5,0.6,µm,rod-shaped,1.0,monotrichous,positive,1377,23011,1,,2017-01-23 09:18:52
276,0.8-3.0,0.8,3.0,µm,0.4-0.5,0.4,0.5,µm,rod-shaped,1.0,peritrichous,positive,1378,23012,1,,2017-01-23 09:18:52
277,1.5-2.5,1.5,2.5,µm,0.7-1.2,0.7,1.2,µm,rod-shaped,1.0,polar,positive,1380,23013,1,,2017-01-23 09:18:52
278,2.0-6.0,2.0,6.0,µm,0.4,0.4,0.4,µm,rod-shaped,1.0,,positive,1381,23014,1,,2017-01-23 08:54:19
279,2.0-6.0,2.0,6.0,µm,0.4,0.4,0.4,µm,rod-shaped,1.0,,positive,1382,23014,1,,2017-01-23 08:54:19
280,2.0-3.0,2.0,3.0,µm,0.8-1.0,0.8,1.0,µm,rod-shaped,0.0,,positive,1383,23015,1,,2017-01-23 09:18:52
281,3.0-5.0,3.0,5.0,µm,0.4-0.6,0.4,0.6,µm,rod-shaped,1.0,peritrichous,positive,1385,23016,1,,2017-01-23 09:18:52
282,2.3-3.0,2.3,3.0,µm,0.6-0.9,0.6,0.9,µm,rod-shaped,1.0,peritrichous,positive,1386,23017,1,,2017-01-23 09:18:52
283,3.3-4.0,3.3,4.0,µm,0.4-0.9,0.4,0.9,µm,rod-shaped,1.0,peritrichous,positive,1387,23018,1,,2017-01-23 09:18:52
284,3.5-4.0,3.5,4.0,µm,0.6-0.9,0.6,0.9,µm,rod-shaped,1.0,peritrichous,positive,1388,23019,1,,2017-01-23 09:18:52
285,3.5-5.0,3.5,5.0,µm,0.4-0.8,0.4,0.8,µm,rod-shaped,1.0,peritrichous,positive,1389,23020,1,,2017-01-23 09:18:52
286,2.0-4.0,2.0,4.0,µm,1.0-1.2,1.0,1.2,µm,rod-shaped,1.0,,positive,1391,23021,1,,2017-01-23 09:18:52
287,1.3-8.5,1.3,8.5,µm,0.6-0.8,0.6,0.8,µm,rod-shaped,1.0,,positive,1392,23022,1,,2017-01-23 09:18:52
288,1.5-6.0,1.5,6.0,µm,1.0,1.0,1.0,µm,rod-shaped,1.0,,positive,1393,23023,1,,2017-01-23 08:54:19
289,1.0-6.0,1.0,6.0,µm,0.5-0.7,0.5,0.7,µm,rod-shaped,1.0,,negative,1394,23024,1,,2017-01-23 09:18:52
290,1.0-6.0,1.0,6.0,µm,0.5-0.7,0.5,0.7,µm,rod-shaped,1.0,,negative,1396,23024,1,,2017-01-23 09:18:52
291,1.5-2.0,1.5,2.0,µm,0.5-0.7,0.5,0.7,µm,rod-shaped,1.0,peritrichous,negative,1398,23025,1,,2017-01-23 09:18:52
292,2.5-4.0,2.5,4.0,µm,0.7-0.9,0.7,0.9,µm,rod-shaped,1.0,,negative,1400,23026,1,,2017-01-23 09:18:52
293,2.5-3.5,2.5,3.5,µm,0.8-1.2,0.8,1.2,µm,rod-shaped,1.0,,negative,1401,23026,1,,2017-01-23 09:18:52
294,4.0-5.0,4.0,5.0,µm,0.2-0.3,0.2,0.3,µm,rod-shaped,0.0,,positive,1402,23027,1,,2017-01-23 09:18:52
295,0.9-1.9,0.9,1.9,µm,0.3-0.5,0.3,0.5,µm,rod-shaped,0.0,,positive,1403,23029,1,,2017-01-23 09:18:52
296,,,,,,,,,rod-shaped,1.0,,positive,1404,23028,1,,2017-01-13 12:40:56
297,,,,,,,,,rod-shaped,0.0,,positive,1406,23032,1,,2017-01-13 12:40:56
298,2.0-3.2,2.0,3.2,µm,0.4-0.6,0.4,0.6,µm,rod-shaped,1.0,peritrichous,positive,1407,23033,1,,2017-01-23 09:18:52
299,2.0-7.0,2.0,7.0,µm,0.5-0.6,0.5,0.6,µm,rod-shaped,1.0,,variable,1408,23034,1,,2017-01-23 09:18:52
300,1.8-3.5,1.8,3.5,µm,0.7-1.0,0.7,1.0,µm,rod-shaped,1.0,peritrichous,positive,1409,23035,1,,2017-01-23 09:18:52
301,2.0-3.5,2.0,3.5,µm,0.6-1.0,0.6,1.0,µm,rod-shaped,1.0,peritrichous,,1419,23042,1,,2017-01-23 09:18:52
302,6.0-12.0,6.0,12.0,µm,0.9-1.5,0.9,1.5,µm,rod-shaped,1.0,peritrichous,positive,1422,23043,1,,2017-01-23 09:18:52
303,3.0-7.0,3.0,7.0,µm,0.5-1.2,0.5,1.2,µm,rod-shaped,1.0,peritrichous,positive,1430,23042,1,,2017-01-23 09:18:52
304,2.0-6.0,2.0,6.0,µm,0.7-1.5,0.7,1.5,µm,rod-shaped,,,positive,1433,23043,1,,2017-01-23 09:18:52
305,,,,,,,,,rod-shaped,,,positive,1437,23044,1,,2017-01-13 12:40:56
306,3.0-5.0,3.0,5.0,µm,0.5-2.0,0.5,2.0,µm,rod-shaped,1.0,,positive,1438,23042,1,,2017-01-23 09:18:52
307,4.0-7.0,4.0,7.0,µm,0.6-0.8,0.6,0.8,µm,rod-shaped,1.0,,positive,1439,23039,1,,2017-01-23 09:18:52
308,4.0-6.0,4.0,6.0,µm,0.5-1.0,0.5,1.0,µm,rod-shaped,1.0,,positive,1440,23038,1,,2017-01-23 09:18:52
309,4.7-8.0,4.7,8.0,µm,0.9-1.3,0.9,1.3,µm,rod-shaped,1.0,peritrichous,positive,1446,23044,1,,2017-01-23 09:18:52
310,2.0-3.5,2.0,3.5,µm,0.5-0.9,0.5,0.9,µm,rod-shaped,1.0,,positive,1449,23037,1,,2017-01-23 09:18:52
311,4.4-5.8,4.4,5.8,µm,1.1-1.4,1.1,1.4,µm,rod-shaped,1.0,peritrichous,positive,1450,23036,1,,2017-01-23 09:18:52
312,,,,,,,,,rod-shaped,1.0,peritrichous,positive,1452,23042,1,,2017-01-13 12:40:56
313,,,,,,,,,,1.0,,positive,1459,23041,1,,2017-01-13 12:40:56
314,2.0-5.0,2.0,5.0,µm,0.4-0.6,0.4,0.6,µm,rod-shaped,1.0,peritrichous,positive,1460,23041,1,,2017-01-23 09:18:52
315,2.0-4.5,2.0,4.5,µm,0.3-0.9,0.3,0.9,µm,rod-shaped,1.0,monotrichous,positive,1461,23040,1,,2017-01-23 09:18:52
316,4.0-8.0,4.0,8.0,µm,0.3-0.5,0.3,0.5,µm,rod-shaped,1.0,peritrichous,positive,1463,23045,1,,2017-01-23 09:18:52
317,1.0-2.2,1.0,2.2,µm,0.2-1.0,0.2,1.0,µm,rod-shaped,1.0,amphitrichous,positive,1464,23046,1,,2017-01-23 09:18:52
318,2.0-10.0,2.0,10.0,µm,0.7-0.9,0.7,0.9,µm,rod-shaped,1.0,,positive,1465,23047,1,,2017-01-23 09:18:52
319,3.0-4.0,3.0,4.0,µm,0.3-0.4,0.3,0.4,µm,rod-shaped,1.0,peritrichous,positive,1466,23048,1,,2017-01-23 09:18:52
320,1.5-4.5,1.5,4.5,µm,0.7-1.0,0.7,1.0,µm,rod-shaped,1.0,peritrichous,positive,1467,23049,1,,2017-01-23 09:18:52
321,1.50-4.00,1.5,4.0,µm,0.20-1.05,0.2,1.05,µm,rod-shaped,1.0,peritrichous,positive,1468,23050,1,,2017-01-23 09:18:52
322,2.5-4.0,2.5,4.0,µm,0.3-0.5,0.3,0.5,µm,rod-shaped,1.0,monotrichous,positive,1469,23051,1,,2017-01-23 09:18:52
323,2.0-8.0,2.0,8.0,mm,0.5-0.7,0.5,0.7,mm,rod-shaped,1.0,,positive,1474,23061,1,,2017-01-23 09:18:52
324,1.5-3.5,1.5,3.5,µm,0.3-0.6,0.3,0.6,µm,rod-shaped,1.0,,positive,1476,23060,1,,2017-01-23 09:18:52
325,2.0-3.6,2.0,3.6,µm,0.5-0.7,0.5,0.7,µm,rod-shaped,1.0,,positive,1477,23063,1,,2017-01-23 09:18:52
326,2.0-8.0,2.0,8.0,mm,0.5-0.7,0.5,0.7,mm,rod-shaped,1.0,,positive,1480,23061,1,,2017-01-23 09:18:52
327,2.0-5.0,2.0,5.0,µm,0.5-0.7,0.5,0.7,µm,rod-shaped,1.0,,positive,1481,23062,1,,2017-01-23 09:18:52
328,2.0-7.0,2.0,7.0,µm,0.5-0.7,0.5,0.7,µm,rod-shaped,1.0,,positive,1482,23062,1,,2017-01-23 09:18:52
329,1.75,1.75,1.75,µm,0.5,0.5,0.5,µm,rod-shaped,1.0,,positive,1483,23055,1,,2017-01-13 12:40:56
330,2.5-5.0,2.5,5.0,µm,0.6-0.8,0.6,0.8,µm,rod-shaped,1.0,peritrichous,variable,1484,23054,1,,2017-01-23 09:18:52
331,1.8,1.8,1.8,µm,0.26,0.26,0.26,µm,rod-shaped,1.0,peritrichous,positive,1485,23053,1,,2017-01-13 12:40:56
332,1.8-3.5,1.8,3.5,µm,0.6-0.9,0.6,0.9,µm,rod-shaped,1.0,,positive,1486,23052,1,,2017-01-23 09:18:52
333,2.0-5.0,2.0,5.0,µm,0.5-0.8,0.5,0.8,µm,rod-shaped,1.0,,positive,1487,23057,1,,2017-01-23 09:18:52
334,2.0-3.0,2.0,3.0,µm,0.3-0.5,0.3,0.5,µm,rod-shaped,1.0,,positive,1488,23058,1,,2017-01-23 09:18:52
335,2.5-4.0,2.5,4.0,µm,0.4-0.7,0.4,0.7,µm,rod-shaped,1.0,peritrichous,positive,1489,23059,1,,2017-01-23 09:18:52
336,5.0,5.0,5.0,µm,0.5,0.5,0.5,µm,rod-shaped,1.0,,variable,1494,23064,1,,2017-01-13 12:40:56
337,1.0-1.2,1.0,1.2,µm,2.0-4-0,2.0,0.0,µm,rod-shaped,1.0,peritrichous,variable,1511,23065,1,,2017-01-23 09:18:52
338,,,,,,,,,rod-shaped,1.0,,positive,1521,23066,1,,2017-01-13 12:40:56
339,3.0-5.0,3.0,5.0,µm,0.8-1.5,0.8,1.5,µm,rod-shaped,1.0,,positive,1538,23066,1,,2017-01-23 09:18:52
340,,,,,,,,,,,,negative,1574,23067,1,,2017-01-13 12:40:56
341,1-2,1.0,2.0,µm,0.5-0.8,0.5,0.8,µm,rod-shaped,,,negative,1634,23143,1,,2017-01-23 09:18:52
342,,,,,,,,,rod-shaped,,,negative,1637,23360,1,,2017-01-13 12:40:56
343,,,,,,,,,rod-shaped,,,negative,1638,23360,1,,2017-01-13 12:40:56
344,,,,,,,,,,,,negative,1639,23145,1,,2017-01-13 12:40:56
345,1-2,1.0,2.0,µm,0.5,0.5,0.5,µm,,0.0,,negative,1640,23361,1,,2017-01-23 08:54:19
346,1-2,1.0,2.0,µm,0.5,0.5,0.5,µm,,0.0,,negative,1641,23361,1,,2017-01-23 08:54:19
347,1-2,1.0,2.0,µm,0.5,0.5,0.5,µm,,0.0,,negative,1642,23361,1,,2017-01-23 08:54:19
348,0.74,0.74,0.74,µm,0.36,0.36,0.36,µm,rod-shaped,,,negative,1643,23362,1,,2017-01-13 12:40:56
349,1.16,1.16,1.16,µm,0.43,0.43,0.43,µm,rod-shaped,,,negative,1644,23362,1,,2017-01-13 12:40:56
350,,,,,,,,,coccus-shaped,0.0,,,1652,23363,1,,2017-01-13 12:40:56
351,2.3-2.7,2.3,2.7,µm,0.8-1.0,0.8,1.0,µm,rod-shaped,1.0,polar,negative,1653,23363,1,,2017-01-23 09:18:52
352,1.0-4.0,1.0,4.0,µm,0.3-0.6,0.3,0.6,µm,rod-shaped,,,negative,1654,23146,1,,2017-01-23 09:18:52
353,0.8-1.2,0.8,1.2,µm,0.7-1.0,0.7,1.0,µm,coccus-shaped,0.0,,negative,1656,23147,1,,2017-01-23 09:18:52
354,1.8-3.1,1.8,3.1,µm,0.7-1.2,0.7,1.2,µm,rod-shaped,0.0,,negative,1657,23148,1,,2017-01-23 09:18:52
355,1.2-1.5,1.2,1.5,µm,0.6-0.8,0.6,0.8,µm,rod-shaped,0.0,,negative,1658,23149,1,,2017-01-23 09:18:52
356,3.25,3.25,3.25,µm,1.0,1.0,1.0,µm,rod-shaped,0.0,,negative,1672,23151,1,,2017-01-13 12:40:56
357,1.2-2.5,1.2,2.5,µm,0.3-0.65,0.3,0.65,µm,rod-shaped,0.0,,negative,1673,23152,1,,2017-01-23 09:18:52
358,1.2-3.1,1.2,3.1,µm,0.4-0.7,0.4,0.7,µm,rod-shaped,,,positive,1680,23153,1,,2017-01-23 09:18:52
359,3.0-6.0,3.0,6.0,µm,,,,,rod-shaped,0.0,,positive,1723,23364,1,,2017-01-23 08:54:19
360,2.0-5.0,2.0,5.0,µm,,,,,rod-shaped,0.0,,positive,1726,23364,1,,2017-01-23 08:54:19
361,,,,,,,,,rod-shaped,,,positive,1740,23154,1,,2017-01-13 12:40:56
362,1.0-2.5,1.0,2.5,µm,0.5-0.8,0.5,0.8,µm,rod-shaped,0.0,,positive,1770,23155,1,,2017-01-23 09:18:52
363,,,,,,,,,rod-shaped,,,,1771,23156,1,,2017-01-13 12:40:56
364,1.4-2.0,1.4,2.0,µm,0.5-0.8,0.5,0.8,µm,rod-shaped,1.0,,positive,1773,23157,1,,2017-01-23 09:18:52
365,,,,,,,,,rod-shaped,1.0,"monotrichous, polar",negative,1781,23321,1,,2017-01-13 12:40:56
366,,,,,,,,,rod-shaped,0.0,,negative,1782,23321,1,,2017-01-13 12:40:56
367,1.4-1.6,1.4,1.6,µm,0.85,0.85,0.85,µm,rod-shaped,1.0,"monotrichous, polar",negative,1786,23322,1,,2017-01-23 08:54:19
368,1.5-2.0,1.5,2.0,µm,0.5,0.5,0.5,µm,rod-shaped,1.0,"monotrichous, polar",negative,1787,23323,1,,2017-01-23 08:54:19
369,,,,,,,,,rod-shaped,1.0,"monotrichous, polar",negative,1788,23324,1,,2017-01-13 12:40:56
370,,,,,,,,,rod-shaped,1.0,"monotrichous, polar",negative,1789,23324,1,,2017-01-13 12:40:56
371,,,,,,,,,rod-shaped,1.0,"monotrichous, polar",negative,1790,23324,1,,2017-01-13 12:40:56
372,1.2-2.0,1.2,2.0,µm,0.6-0.8,0.6,0.8,µm,rod-shaped,1.0,,negative,1791,23325,1,,2017-01-23 09:18:52
373,1.2-1.5,1.2,1.5,µm,0.8,0.8,0.8,µm,rod-shaped,1.0,,negative,1792,23325,1,,2017-01-23 08:54:19
374,1.1-1.4,1.1,1.4,µm,0.8,0.8,0.8,µm,rod-shaped,1.0,,negative,1793,23325,1,,2017-01-23 08:54:19
375,2.0-6.0,2.0,6.0,µm,0.8-1.0,0.8,1.0,µm,rod-shaped,1.0,"monotrichous, polar",negative,1801,23326,1,,2017-01-23 09:18:52
376,,,,,,,,,,1.0,"monotrichous, polar",negative,1812,23327,1,,2017-01-13 12:40:56
377,,,,,,,,,,,,negative,1813,23328,1,,2017-01-13 12:40:56
378,1.5-4.5,1.5,4.5,µm,0.5,0.5,0.5,µm,rod-shaped,,,negative,1814,23329,1,,2017-01-23 08:54:19
379,,,,,,,,,rod-shaped,,,negative,1815,23330,1,,2017-01-13 12:40:56
380,,,,,,,,,rod-shaped,,,negative,1816,23330,1,,2017-01-13 12:40:56
381,,,,,,,,,rod-shaped,,,negative,1817,23331,1,,2017-01-13 12:40:56
382,1.20-1.45,1.2,1.45,µm,0.4-1.0,0.4,1.0,µm,rod-shaped,1.0,"monotrichous, polar",negative,1829,23332,1,,2017-01-23 09:18:52
383,1.25-25,1.25,25.0,µm,0.6-4.0,0.6,4.0,µm,rod-shaped,1.0,"monotrichous, polar",negative,1830,23333,1,,2017-01-23 09:18:52
384,,,,,,,,,rod-shaped,1.0,peritrichous,negative,1878,23334,1,,2017-01-13 12:40:56
385,0.6-1.2,0.6,1.2,µm,0.4,0.4,0.4,µm,rod-shaped,1.0,peritrichous,negative,1882,23335,1,,2017-01-23 08:54:19
386,0.6-1.4,0.6,1.4,µm,0.4-0.6,0.4,0.6,µm,rod-shaped,1.0,peritrichous,negative,1884,23335,1,,2017-01-23 09:18:52
387,2,2.0,2.0,µm,,,,,rod-shaped,0.0,,negative,1886,23336,1,,2017-01-13 12:40:56
388,1.4,1.4,1.4,µm,0.8,0.8,0.8,µm,rod-shaped,1.0,"monotrichous, polar",negative,1887,23337,1,,2017-01-13 12:40:56
389,,,,,,,,,rod-shaped,1.0,lophotrichous,,1888,23338,1,,2017-01-13 12:40:56
390,,,,,,,,,,1.0,,negative,1890,23339,1,,2017-01-13 12:40:56
391,1.5-1.7,1.5,1.7,µm,0.65-0.75,0.65,0.75,µm,rod-shaped,1.0,"monotrichous, polar",negative,1891,23340,1,,2017-01-23 09:18:52
392,2,2.0,2.0,µm,,,,,rod-shaped,0.0,,negative,1892,23341,1,,2017-01-13 12:40:56
393,2,2.0,2.0,µm,,,,,rod-shaped,0.0,,negative,1893,23341,1,,2017-01-13 12:40:56
394,2,2.0,2.0,µm,,,,,rod-shaped,1.0,,negative,1894,23342,1,,2017-01-13 12:40:56
395,2,2.0,2.0,µm,,,,,rod-shaped,0.0,,negative,1895,23342,1,,2017-01-13 12:40:56
396,1.5-2.5,1.5,2.5,µm,,,,,rod-shaped,1.0,,negative,1896,23343,1,,2017-01-23 08:54:19
397,,,,,,,,,dumbbell-shaped,1.0,,negative,1897,23344,1,,2017-01-13 12:40:56
398,,,,,,,,,rod-shaped,0.0,,negative,1899,23345,1,,2017-01-13 12:40:56
399,,,,,,,,,rod-shaped,0.0,,negative,1900,23346,1,,2017-01-13 12:40:56
400,2,2.0,2.0,µm,,,,,rod-shaped,0.0,,negative,1901,23346,1,,2017-01-13 12:40:56
401,,,,,,,,,rod-shaped,0.0,,negative,1902,23347,1,,2017-01-13 12:40:56
402,,,,,,,,,rod-shaped,0.0,,negative,1903,23348,1,,2017-01-13 12:40:56
403,0.7-2.0,0.7,2.0,µm,0.4-0.6,0.4,0.6,µm,rod-shaped,,,negative,1904,23349,1,,2017-01-23 09:18:52
404,,,,,,,,,rod-shaped,1.0,,negative,1974,23158,1,,2017-01-13 12:40:56
405,,,,,,,,,rod-shaped,,,negative,1983,23365,1,,2017-01-13 12:40:56
406,,,,,,,,,rod-shaped,,,negative,1984,23365,1,,2017-01-13 12:40:56
407,,,,,,,,,rod-shaped,,,negative,1985,23365,1,,2017-01-13 12:40:56
408,,,,,,,,,rod-shaped,,,negative,1986,23365,1,,2017-01-13 12:40:56
409,,,,,,,,,rod-shaped,,,negative,1987,23365,1,,2017-01-13 12:40:56
410,,,,,,,,,rod-shaped,,,negative,1989,23366,1,,2017-01-13 12:40:56
411,,,,,,,,,rod-shaped,,,negative,1990,23366,1,,2017-01-13 12:40:56
412,,,,,,,,,,1.0,,negative,1993,23159,1,,2017-01-13 12:40:56
413,0.8-1.6,0.8,1.6,µm,0.3-0.6,0.3,0.6,µm,rod-shaped,,,negative,2053,23160,1,,2017-01-23 09:18:52
414,1.5-3.7,1.5,3.7,µm,0.6-1.5,0.6,1.5,µm,rod-shaped,1.0,,negative,2055,23161,1,,2017-01-23 09:18:52
415,1.5-4.0,1.5,4.0,µm,0.5-0.7,0.5,0.7,µm,,1.0,,negative,2056,23367,1,,2017-01-23 09:18:52
416,1.5-4.0,1.5,4.0,µm,0.5-0.7,0.5,0.7,µm,,1.0,,negative,2057,23367,1,,2017-01-23 09:18:52
417,1.5-4.0,1.5,4.0,µm,0.5-0.7,0.5,0.7,µm,,1.0,,negative,2058,23367,1,,2017-01-23 09:18:52
418,1.5-4.0,1.5,4.0,µm,0.5-0.7,0.5,0.7,µm,,1.0,,negative,2059,23367,1,,2017-01-23 09:18:52
419,1.5-4.0,1.5,4.0,µm,0.5-0.7,0.5,0.7,µm,,1.0,,negative,2060,23367,1,,2017-01-23 09:18:52
420,1.2-4.5,1.2,4.5,µm,0.5-0.7,0.5,0.7,µm,rod-shaped,1.0,,negative,2061,23162,1,,2017-01-23 09:18:52
421,1.5,1.5,1.5,µm,0.7,0.7,0.7,µm,rod-shaped,1.0,,negative,2062,23368,1,,2017-01-13 12:40:56
422,2.3-2.8,2.3,2.8,µm,0.7-0.9,0.7,0.9,µm,rod-shaped,1.0,,negative,2063,23368,1,,2017-01-23 09:18:52
423,2.8,2.8,2.8,µm,0.9,0.9,0.9,µm,rod-shaped,1.0,,negative,2066,23368,1,,2017-01-13 12:40:56
424,0.5-1.4,0.5,1.4,µm,0.3-0.5,0.3,0.5,µm,rod-shaped,0.0,,,2076,23163,1,,2017-01-23 09:18:52
425,0.5-1.4,0.5,1.4,µm,0.4-0.5,0.4,0.5,µm,rod-shaped,0.0,,,2079,23164,1,,2017-01-23 09:18:52
426,0.8-1.8,0.8,1.8,µm,0.6-0.8,0.6,0.8,µm,rod-shaped,0.0,,,2080,23165,1,,2017-01-23 09:18:52
427,0.6-1.8,0.6,1.8,µm,0.4-0.5,0.4,0.5,µm,rod-shaped,0.0,,,2081,23166,1,,2017-01-23 09:18:52
428,1.5-3.0,1.5,3.0,µm,1.0,1.0,1.0,µm,rod-shaped,,,negative,2086,23167,1,,2017-01-23 08:54:19
429,0.8-1.1,0.8,1.1,µm,,,,,coccus-shaped,0.0,,,2090,23168,1,,2017-01-23 08:54:19
430,1.0-3.0,1.0,3.0,µm,0.2-0.4,0.2,0.4,µm,rod-shaped,1.0,,negative,2094,23369,1,,2017-01-23 09:18:52
431,1.0-3.0,1.0,3.0,µm,0.2-0.4,0.2,0.4,µm,rod-shaped,1.0,,negative,2095,23369,1,,2017-01-23 09:18:52
432,1.5,1.5,1.5,µm,0.5,0.5,0.5,µm,rod-shaped,,,negative,2096,23169,1,,2017-01-13 12:40:56
433,1.5-2.5,1.5,2.5,µm,0.4-0.5,0.4,0.5,µm,rod-shaped,1.0,polar,negative,2097,23170,1,,2017-01-23 09:18:52
434,2.0-5.0,2.0,5.0,µm,0.5-0.8,0.5,0.8,µm,rod-shaped,1.0,lophotrichous,negative,2136,23068,1,,2017-01-23 09:18:52
435,1.2-2.5,1.2,2.5,µm,0.2-0.5,0.2,0.5,µm,rod-shaped,1.0,"monotrichous, polar",negative,2137,23070,1,,2017-01-23 09:18:52
436,0.5-1.8,0.5,1.8,µm,0.25-0.5,0.25,0.5,µm,rod-shaped,0.0,,negative,2138,23069,1,,2017-01-23 09:18:52
437,1.0-2.0,1.0,2.0,mm,0.3,0.3,0.3,µm,vibrio-shaped,1.0,"monotrichous, polar",negative,2225,23071,1,,2017-01-23 08:54:19
438,,,,,,,,,spiral-shaped,,,,2225,23071,1,,2017-01-13 12:40:56
439,1.0-2.0,1.0,2.0,mm,0.3,0.3,0.3,µm,vibrio-shaped,1.0,polar,negative,2226,23071,1,,2017-01-23 08:54:19
440,,,,,,,,,spiral-shaped,,,,2226,23071,1,,2017-01-13 12:40:56
441,,,,,,,,,ovoid-shaped,,,positive,2249,23072,1,,2017-01-13 12:40:56
442,1.0-2.0,1.0,2.0,µm,0.7-1.0,0.7,1.0,µm,rod-shaped,0.0,,negative,2339,23073,1,,2017-01-23 09:18:52
443,,,,,,,,,coccus-shaped,,,,2339,23073,1,,2017-01-13 12:40:56
444,,,,,0.6-0.8,0.6,0.8,µm,,,,,2395,23074,1,,2017-01-23 09:18:52
445,,,,,0.6-0.8,0.6,0.8,µm,rod-shaped,0.0,,,2396,23074,1,,2017-01-23 09:18:52
446,,,,,0.7-1.1,0.7,1.1,µm,rod-shaped,0.0,,,2397,23074,1,,2017-01-23 09:18:52
447,,,,,,,,,vibrio-shaped,,,,2397,23074,1,,2017-01-13 12:40:56
448,,,,,0.7-1.1,0.7,1.1,µm,rod-shaped,0.0,,,2398,23074,1,,2017-01-23 09:18:52
449,,,,,0.5-0.7,0.5,0.7,µm,vibrio-shaped,0.0,,,2401,23074,1,,2017-01-23 09:18:52
450,,,,,,,,,rod-shaped,,,,2401,23074,1,,2017-01-13 12:40:56
451,,,,,0.8-1.0,0.8,1.0,µm,filament-shaped,1.0,,negative,2416,23075,1,,2017-01-23 09:18:52
452,2.0-7.0,2.0,7.0,µm,0.10-0.15,0.1,0.15,µm,spiral-shaped,1.0,,negative,2497,23076,1,,2017-01-23 09:18:52
453,3.0-8.0,3.0,8.0,µm,0.5-1.0,0.5,1.0,µm,filament-shaped,0.0,,,2827,23077,1,,2017-01-23 09:18:52
454,1.5-2.0,1.5,2.0,µm,0.3-0.5,0.3,0.5,µm,rod-shaped,1.0,,negative,2905,23078,1,,2017-01-23 09:18:52
455,,,,,,,,,rod-shaped,1.0,lophotrichous,negative,2927,23079,1,,2017-01-13 12:40:56
456,,,,,,,,,rod-shaped,1.0,lophotrichous,negative,2928,23079,1,,2017-01-13 12:40:56
457,,,,,,,,,rod-shaped,1.0,lophotrichous,negative,2930,23079,1,,2017-01-13 12:40:56
458,2.0-6.0,2.0,6.0,µm,1.0-2.0,1.0,2.0,µm,rod-shaped,1.0,polar,negative,2932,23080,1,,2017-01-23 09:18:52
459,2.0-2.5,2.0,2.5,µm,0.5-1.0,0.5,1.0,µm,rod-shaped,1.0,,negative,2936,23081,1,,2017-01-23 09:18:52
460,1.0-2.0,1.0,2.0,µm,0.5,0.5,0.5,µm,rod-shaped,1.0,,negative,2937,23082,1,,2017-01-23 08:54:19
461,0.9-1.5,0.9,1.5,µm,0.6-0.8,0.6,0.8,µm,rod-shaped,0.0,,negative,2938,23083,1,,2017-01-23 09:18:52
462,2.4-4.0,2.4,4.0,µm,0.7-1.2,0.7,1.2,µm,rod-shaped,1.0,,negative,2952,23084,1,,2017-01-23 09:18:52
463,1.6-3.0,1.6,3.0,µm,0.6-0.8,0.6,0.8,µm,rod-shaped,1.0,,negative,2954,23085,1,,2017-01-23 09:18:52
464,0.6-5.5,0.6,5.5,µm,0.3-0.6,0.3,0.6,µm,rod-shaped,1.0,monotrichous,negative,2965,23086,1,,2017-01-23 09:18:52
465,0.6-5.5,0.6,5.5,µm,0.3-0.6,0.3,0.6,µm,rod-shaped,1.0,monotrichous,negative,2966,23086,1,,2017-01-23 09:18:52
466,0.6-5.5,0.6,5.5,µm,0.3-0.6,0.3,0.6,µm,rod-shaped,1.0,monotrichous,negative,2968,23086,1,,2017-01-23 09:18:52
467,1.4-2.0,1.4,2.0,µm,0.8-1.2,0.8,1.2,µm,rod-shaped,1.0,"monotrichous, polar",negative,2972,23087,1,,2017-01-23 09:18:52
468,1.0-4.0,1.0,4.0,µm,,,,,coccus-shaped,0.0,,negative,2982,23088,1,,2017-01-23 08:54:19
469,0.8-2.8,0.8,2.8,µm,,,,,coccus-shaped,0.0,,negative,2983,23089,1,,2017-01-23 08:54:19
470,1.0-3.0,1.0,3.0,µm,0.6,0.6,0.6,µm,rod-shaped,0.0,,negative,2984,23090,1,,2017-01-23 08:54:19
471,1.1-1.4,1.1,1.4,µm,0.7-0.9,0.7,0.9,µm,rod-shaped,0.0,,negative,2985,23091,1,,2017-01-23 09:18:52
472,0.8-1.0,0.8,1.0,µm,0.6-0.8,0.6,0.8,µm,coccus-shaped,0.0,,negative,2986,23091,1,,2017-01-23 09:18:52
473,2.0,2.0,2.0,µm,0.5,0.5,0.5,µm,rod-shaped,1.0,polar,negative,2992,23092,1,,2017-01-13 12:40:56
474,1.0-1.5,1.0,1.5,µm,0.5-0.7,0.5,0.7,µm,rod-shaped,1.0,,negative,3016,23099,1,,2017-01-23 09:18:52
475,1.0-2.0,1.0,2.0,µm,0.5-0.7,0.5,0.7,µm,rod-shaped,1.0,,negative,3017,23100,1,,2017-01-23 09:18:52
476,1.5-3.0,1.5,3.0,µm,0.3-0.5,0.3,0.5,µm,rod-shaped,1.0,,negative,3018,23101,1,,2017-01-23 09:18:52
477,1.3-1.7,1.3,1.7,µm,0.4-0.8,0.4,0.8,µm,rod-shaped,,,negative,3022,23093,1,,2017-01-23 09:18:52
478,1.0-1.5,1.0,1.5,µm,0.4-0.5,0.4,0.5,µm,rod-shaped,0.0,,,3032,23095,1,,2017-01-23 09:18:52
479,1.0-1.7,1.0,1.7,µm,0.4-0.5,0.4,0.5,µm,rod-shaped,0.0,,,3033,23096,1,,2017-01-23 09:18:52
480,0.46-0.74,0.46,0.74,µm,0.25-0.35,0.25,0.35,µm,rod-shaped,0.0,,negative,3034,23094,1,,2017-01-23 09:18:52
481,0.64-1.16,0.64,1.16,mm,0.23-0.37,0.23,0.37,mm,rod-shaped,0.0,,negative,3035,23094,1,,2017-01-23 09:18:52
482,0.6-0.9,0.6,0.9,µm,,,,,coccus-shaped,0.0,,positive,3043,23097,1,,2017-01-23 08:54:19
483,0.8-1.0,0.8,1.0,µm,0.4,0.4,0.4,µm,rod-shaped,0.0,,positive,3053,23098,1,,2017-01-23 08:54:19
484,,,,,,,,,,0.0,,positive,3159,23171,1,,2017-01-13 12:40:56
485,,,,,,,,,rod-shaped,0.0,,positive,3161,23172,1,,2017-01-13 12:40:56
486,,,,,,,,,,0.0,,positive,3163,23173,1,,2017-01-13 12:40:56
487,,,,,,,,,,0.0,,positive,3164,23174,1,,2017-01-13 12:40:56
489,,,,,,,,,rod-shaped,,,positive,3167,23370,1,,2017-01-13 12:40:56
490,,,,,,,,,coccus-shaped,0.0,,,3167,23370,1,,2017-01-13 12:40:56
491,,,,,,,,,rod-shaped,,,positive,3169,23370,1,,2017-01-13 12:40:56
492,,,,,,,,,coccus-shaped,,,,3169,23370,1,,2017-01-13 12:40:56
493,,,,,,,,,,0.0,,,3169,23370,1,,2017-01-13 12:40:56
494,,,,,,,,,rod-shaped,0.0,,positive,3171,23175,1,,2017-01-13 12:40:56
495,,,,,,,,,rod-shaped,0.0,,positive,3172,23176,1,,2017-01-13 12:40:56
496,,,,,,,,,other,0.0,,positive,3178,23177,1,,2017-01-13 12:40:56
497,,,,,,,,,rod-shaped,0.0,,positive,3180,23178,1,,2017-01-13 12:40:56
498,,,,,,,,,rod-shaped,0.0,,positive,3181,23179,1,,2017-01-13 12:40:56
499,,,,,,,,,rod-shaped,0.0,,positive,3182,23180,1,,2017-01-13 12:40:56
500,,,,,,,,,rod-shaped,0.0,,positive,3183,23181,1,,2017-01-13 12:40:56
501,,,,,,,,,,0.0,,positive,3184,23182,1,,2017-01-13 12:40:56
502,,,,,,,,,,0.0,,positive,3187,23183,1,,2017-01-13 12:40:56
503,,,,,,,,,rod-shaped,0.0,,positive,3190,23184,1,,2017-01-13 12:40:56
504,,,,,,,,,,0.0,,positive,3192,23371,1,,2017-01-13 12:40:56
505,1.0-4.5,1.0,4.5,µm,0.8-1.1,0.8,1.1,µm,rod-shaped,0.0,,positive,3195,23185,1,,2017-01-23 09:18:52
506,,,,,,,,,dumbbell-shaped,0.0,,positive,3196,23186,1,,2017-01-13 12:40:56
507,,,,,,,,,pleomorphic-shaped,0.0,,positive,3198,23187,1,,2017-01-13 12:40:56
508,,,,,,,,,pleomorphic-shaped,0.0,,positive,3199,23188,1,,2017-01-13 12:40:56
509,,,,,,,,,rod-shaped,0.0,,positive,3202,23189,1,,2017-01-13 12:40:56
510,,,,,,,,,,0.0,,positive,3203,23190,1,,2017-01-13 12:40:56
511,,,,,,,,,rod-shaped,,,positive,3205,23191,1,,2017-01-13 12:40:56
512,,,,,,,,,,0.0,,positive,3206,23371,1,,2017-01-13 12:40:56
513,1-3,1.0,3.0,µm,,,,,rod-shaped,0.0,,positive,3207,23192,1,,2017-01-23 08:54:19
514,1.0-1.5,1.0,1.5,µm,0.5-0.7,0.5,0.7,µm,rod-shaped,0.0,,positive,3208,23193,1,,2017-01-23 09:18:52
515,,,,,,,,,rod-shaped,0.0,,positive,3209,23194,1,,2017-01-13 12:40:56
516,,,,,,,,,,0.0,,positive,3210,23195,1,,2017-01-13 12:40:56
517,,,,,,,,,rod-shaped,0.0,,positive,3211,23196,1,,2017-01-13 12:40:56
518,,,,,,,,,rod-shaped,0.0,,positive,3212,23197,1,,2017-01-13 12:40:56
519,,,,,,,,,rod-shaped,0.0,,positive,3213,23198,1,,2017-01-13 12:40:56
520,,,,,,,,,rod-shaped,0.0,,positive,3214,23199,1,,2017-01-13 12:40:56
521,,,,,,,,,rod-shaped,0.0,,positive,3215,23200,1,,2017-01-13 12:40:56
522,,,,,,,,,rod-shaped,0.0,,positive,3216,23201,1,,2017-01-13 12:40:56
523,,,,,,,,,rod-shaped,0.0,,positive,3221,23202,1,,2017-01-13 12:40:56
524,,,,,,,,,rod-shaped,0.0,,positive,3223,23203,1,,2017-01-13 12:40:56
525,,,,,,,,,,0.0,,positive,3224,23204,1,,2017-01-13 12:40:56
526,,,,,,,,,,0.0,,positive,3245,23103,1,,2017-01-13 12:40:56
527,1.5-2.5,1.5,2.5,µm,0.3-0.7,0.3,0.7,µm,rod-shaped,0.0,,negative,3841,23104,1,,2017-01-23 09:18:52
528,1.2-2.0,1.2,2.0,µm,,,,,sphere-shaped,0.0,,positive,3855,23350,1,,2017-01-23 08:54:19
529,1.2-2.0,1.2,2.0,µm,,,,,sphere-shaped,0.0,,positive,3858,23350,1,,2017-01-23 08:54:19
530,1.4-2.5,1.4,2.5,µm,0.8-1.3,0.8,1.3,µm,rod-shaped,0.0,,negative,3901,23351,1,,2017-01-23 09:18:52
531,4.5-8.0,4.5,8.0,µm,1.9-2.3,1.9,2.3,µm,vibrio-shaped,0.0,,negative,3963,23205,1,,2017-01-23 09:18:52
532,,,,,,,,,,1.0,,,3963,23205,1,,2017-01-13 12:40:56
533,5.4-6.2,5.4,6.2,µm,3.1,3.1,3.1,µm,,,,negative,3984,23372,1,,2017-01-23 08:54:19
534,3.2-4.2,3.2,4.2,µm,0.8,0.8,0.8,µm,,,,negative,3987,23372,1,,2017-01-23 08:54:19
535,4.2-6.1,4.2,6.1,µm,2.1,2.1,2.1,µm,,,,negative,3988,23372,1,,2017-01-23 08:54:19
536,1.6-2.7,1.6,2.7,µm,0.7,0.7,0.7,µm,,,,negative,4029,23372,1,,2017-01-23 08:54:19
537,4.5-7.4,4.5,7.4,µm,0.6,0.6,0.6,µm,,,,negative,4030,23372,1,,2017-01-23 08:54:19
538,1.9-3.8,1.9,3.8,µm,0.7-1.2,0.7,1.2,µm,rod-shaped,1.0,polar,negative,4031,23207,1,,2017-01-23 09:18:52
539,1.0-2.0,1.0,2.0,µm,0.3-0.5,0.3,0.5,µm,rod-shaped,0.0,,negative,4032,23208,1,,2017-01-23 09:18:52
540,1.5-2.0,1.5,2.0,µm,0.5,0.5,0.5,µm,vibrio-shaped,1.0,polar,negative,4034,23206,1,,2017-01-23 08:54:19
541,1.2-2.7,1.2,2.7,µm,0.6-0.7,0.6,0.7,µm,,1.0,polar,negative,4064,23209,1,,2017-01-23 09:18:52
542,,,,,,,,,vibrio-shaped,,,,4064,23209,1,,2017-01-13 12:40:56
543,1.0-2.5,1.0,2.5,µm,0.4-0.5,0.4,0.5,µm,vibrio-shaped,1.0,polar,negative,4065,23210,1,,2017-01-23 09:18:52
544,2-3,2.0,3.0,µm,0.5,0.5,0.5,µm,vibrio-shaped,1.0,polar,negative,4147,23373,1,,2017-01-23 08:54:19
545,2.3-4.1,2.3,4.1,µm,0.7,0.7,0.7,µm,vibrio-shaped,1.0,polar,negative,4148,23211,1,,2017-01-23 08:54:19
546,,,,,,,,,rod-shaped,,,,4149,23373,1,,2017-01-13 12:40:56
547,,,,,,,,,vibrio-shaped,,,,4149,23373,1,,2017-01-13 12:40:56
548,4.5-9.0,4.5,9.0,µm,0.3,0.3,0.3,µm,curved-shaped,1.0,polar,negative,4149,23373,1,,2017-01-23 08:54:19
549,1.0-5.0,1.0,5.0,µm,0.5-1.2,0.5,1.2,µm,vibrio-shaped,1.0,polar,negative,4150,23212,1,,2017-01-23 09:18:52
550,5.0-8.0,5.0,8.0,µm,1.0,1.0,1.0,µm,vibrio-shaped,,,negative,4151,23213,1,,2017-01-23 08:54:19
551,,,,,,,,,spiral-shaped,1.0,,,4151,23213,1,,2017-01-13 12:40:56
552,3.0-4.0,3.0,4.0,µm,1.3-1.6,1.3,1.6,µm,rod-shaped,0.0,,negative,4165,23214,1,,2017-01-23 09:18:52
553,0.5-2.0,0.5,2.0,µm,0.3-0.8,0.3,0.8,µm,vibrio-shaped,1.0,polar,negative,4167,23215,1,,2017-01-23 09:18:52
554,1.0-3.3,1.0,3.3,µm,0.4-0.6,0.4,0.6,µm,rod-shaped,1.0,polar,negative,4168,23216,1,,2017-01-23 09:18:52
555,2.4-5.6,2.4,5.6,µm,0.8-0.9,0.8,0.9,µm,rod-shaped,1.0,polar,negative,4170,23217,1,,2017-01-23 09:18:52
556,3.5,3.5,3.5,µm,0.5,0.5,0.5,µm,vibrio-shaped,1.0,polar,,4171,23218,1,,2017-01-13 12:40:56
557,1.2-3.0,1.2,3.0,µm,,,,,coccus-shaped,1.0,"polytrichous, monopolar",negative,4189,23219,1,,2017-01-23 08:54:19
558,1-2,1.0,2.0,µm,,,,,coccus-shaped,1.0,"polytrichous, monopolar",negative,4190,23219,1,,2017-01-23 08:54:19
559,1.0-6.0,1.0,6.0,µm,,,,,coccus-shaped,,,negative,4191,23220,1,,2017-01-23 08:54:19
560,1.0-1.5,1.0,1.5,µm,,,,,coccus-shaped,,,,4192,23221,1,,2017-01-23 08:54:19
561,0.8-1.0,0.8,1.0,µm,,,,,coccus-shaped,1.0,,negative,4195,23222,1,,2017-01-23 08:54:19
562,1.2-2.1,1.2,2.1,µm,,,,,coccus-shaped,1.0,,negative,4196,23223,1,,2017-01-23 08:54:19
563,,,,,,,,,coccus-shaped,,,,4198,23224,1,,2017-01-13 12:40:56
564,1-4,1.0,4.0,µm,,,,,coccus-shaped,1.0,polar,,4199,23225,1,,2017-01-23 08:54:19
565,0.6-1.0,0.6,1.0,µm,,,,,coccus-shaped,0.0,,,4200,23226,1,,2017-01-23 08:54:19
566,0.8-1.3,0.8,1.3,µm,,,,,coccus-shaped,,,,4203,23227,1,,2017-01-23 08:54:19
567,0.2-0.8,0.2,0.8,µm,,,,,coccus-shaped,1.0,,,4205,23228,1,,2017-01-23 08:54:19
568,3.0-5.0,3.0,5.0,µm,0.7-1.0,0.7,1.0,µm,rod-shaped,1.0,lophotrichous,negative,4210,23229,1,,2017-01-23 09:18:52
569,2.5-3.0,2.5,3.0,µm,0.7,0.7,0.7,µm,rod-shaped,1.0,peritrichous,negative,4238,23229,1,,2017-01-23 08:54:19
570,5.0-20.0,5.0,20.0,µm,0.4-0.6,0.4,0.6,µm,rod-shaped,0.0,,negative,4239,23230,1,,2017-01-23 09:18:52
571,,,,,,,,,coccus-shaped,,,,4241,23231,1,,2017-01-13 12:40:56
572,,,,,,,,,rod-shaped,,,positive,4241,23231,1,,2017-01-13 12:40:56
573,1.0-1.3,1.0,1.3,µm,0.2-0.3,0.2,0.3,µm,rod-shaped,1.0,"monotrichous, polar",negative,5381,23246,1,,2017-01-23 09:18:52
574,1.3-2.5,1.3,2.5,µm,0.6-1.0,0.6,1.0,µm,rod-shaped,1.0,"monotrichous, polar",negative,5387,23246,1,,2017-01-23 09:18:52
575,0.5-1.0,0.5,1.0,µm,0.48,0.48,0.48,µm,rod-shaped,0.0,,positive,12668,23333,1,,2017-01-23 08:54:19
576,1.2,1.2,1.2,µm,0.5,0.5,0.5,µm,rod-shaped,1.0,,positive,22931,23056,1,,2017-01-13 12:40:56
577,0.9-1.5,0.9,1.5,µm,,,,,coccus-shaped,1.0,,positive,23735,23008,1,,2017-01-23 08:54:19
578,1.5-2.2,1.5,2.2,µm,0.6-0.8,0.6,0.8,µm,rod-shaped,1.0,peritrichous,positive,130201,22994,1,,2017-01-23 09:18:52
579,1.5-3.0,1.5,3.0,µm,0.3-0.5,0.3,0.5,µm,rod-shaped,1.0,,negative,131560,23102,1,,2017-01-23 09:18:52
580,,,,,,,,,,0.0,,positive,133131,24893,1,,2017-08-25 07:29:39
581,2.0-4.0,2.0,4.0,µm,0.3-0.5,0.3,0.5,µm,curved-shaped,1.0,monotrichous,negative,132639,24921,1,,2017-08-25 07:29:39
582,2.9-30.0,2.9,30.0,µm,0.3-0.4,0.3,0.4,µm,filament-shaped,0.0,,negative,133003,24917,1,,2017-08-25 07:29:39
583,1.0-1.12,1.0,1.12,µm,0.67-0.70,0.67,0.7,µm,rod-shaped,1.0,,negative,133164,24952,1,,2017-08-25 07:29:39
584,1.7-2.3,1.7,2.3,µm,0.8-1.1,0.8,1.1,µm,rod-shaped,1.0,,positive,133154,24928,1,,2017-08-25 07:29:39
585,1.3,1.3,1.3,µm,0.7,0.7,0.7,µm,coccus-shaped,0.0,,positive,133154,24928,1,,2017-08-25 07:29:39
586,0.9-1.4,0.9,1.4,µm,0.4-0.6,0.4,0.6,µm,rod-shaped,1.0,"monotrichous, polar",negative,133181,24960,1,,2017-08-25 07:29:39
587,1.6-2.2,1.6,2.2,µm,0.4-0.5,0.4,0.5,µm,rod-shaped,1.0,"monotrichous, polar",negative,133161,24936,1,,2017-08-25 07:29:39
588,0.7-1.2,0.7,1.2,µm,0.4-0.6,0.4,0.6,µm,rod-shaped,0.0,,negative,133143,24912,1,,2017-08-25 07:29:39
589,,,,,,,,,,,,positive,133135,24897,1,,2017-08-25 07:29:39
590,,,,,,,,,coccus-shaped,,,positive,132638,25312,1,,2017-08-25 07:29:39
591,,,,,,,,,ovoid-shaped,,,,132638,25312,1,,2017-08-25 07:29:39
592,2.0-5.0,2.0,5.0,µm,1.0-1.5,1.0,1.5,µm,rod-shaped,0.0,,negative,133002,24907,1,,2017-08-25 07:29:39
593,,,,,,,,,oval-shaped,,,,133002,24907,1,,2017-08-25 07:29:39
594,,,,,,,,,,0.0,,positive,132632,24898,1,,2017-08-25 07:29:39
595,1.0-2.0,1.0,2.0,µm,0.2-0.5,0.2,0.5,µm,rod-shaped,,,negative,133170,24945,1,,2017-08-25 07:29:39
596,2.0-4.0,2.0,4.0,µm,0.9,0.9,0.9,µm,rod-shaped,,,negative,132648,24955,1,,2017-08-25 07:29:39
597,0.4-10.0,0.4,10.0,µm,0.1-0.3,0.1,0.3,µm,rod-shaped,0.0,,negative,133148,24916,1,,2017-08-25 07:29:39
598,1.2-2.5,1.2,2.5,µm,0.8-1.1,0.8,1.1,µm,rod-shaped,0.0,,negative,133165,24940,1,,2017-08-25 07:29:39
599,1.0-1.5,1.0,1.5,µm,0.4-0.7,0.4,0.7,µm,rod-shaped,0.0,,negative,133165,24940,1,,2017-08-25 07:29:39
600,1.2-1.3,1.2,1.3,µm,0.7-0.8,0.7,0.8,µm,rod-shaped,1.0,,negative,133173,24949,1,,2017-08-25 07:29:39
601,1.1-1.3,1.1,1.3,µm,0.3-0.4,0.3,0.4,µm,rod-shaped,0.0,,negative,133142,24910,1,,2017-08-25 07:29:39
602,1.1-1.5,1.1,1.5,µm,0.3-1.1,0.3,1.1,µm,rod-shaped,0.0,,negative,133144,24913,1,,2017-08-25 07:29:39
603,0.5-0.6,0.5,0.6,µm,0.4-0.5,0.4,0.5,µm,coccus-shaped,0.0,,positive,132635,24903,1,,2017-08-25 07:29:39
604,,,,,,,,,rod-shaped,,,,132635,24903,1,,2017-08-25 07:29:39
605,0.5-2.0,0.5,2.0,µm,0.4-0.6,0.4,0.6,µm,rod-shaped,0.0,,positive,133130,24891,1,,2017-08-25 07:29:39
606,,,,,,,,,,0.0,,positive,133129,24890,1,,2017-08-25 07:29:39
607,4.0-20.0,4.0,20.0,µm,1,1.0,1.0,µm,rod-shaped,1.0,peritrichous,positive,133157,24931,1,,2017-08-25 07:29:39
608,0.4-8.0,0.4,8.0,µm,0.4-0.7,0.4,0.7,µm,coccus-shaped,0.0,,negative,133178,24956,1,,2017-08-25 07:29:39
609,,,,,,,,,ovoid-shaped,,,,133178,24956,1,,2017-08-25 07:29:39
610,,,,,,,,,rod-shaped,,,,133178,24956,1,,2017-08-25 07:29:39
611,3.0-10.0,3.0,10.0,µm,0.7-0.9,0.7,0.9,µm,rod-shaped,0.0,,negative,132640,24922,1,,2017-08-25 07:29:39
612,1.6-3.0,1.6,3.0,µm,0.5-1.2,0.5,1.2,µm,rod-shaped,0.0,,negative,132637,24911,1,,2017-08-25 07:29:39
613,1.3-1.9,1.3,1.9,µm,0.5-0.6,0.5,0.6,µm,rod-shaped,0.0,,negative,133179,24957,1,,2017-08-25 07:29:39
614,,,,,,,,,,0.0,,positive,133134,24896,1,,2017-08-25 07:29:39
615,,,,,,,,,,,,positive,133132,24894,1,,2017-08-25 07:29:39
616,,,,,,,,,filament-shaped,,,positive,133137,24902,1,,2017-08-25 07:29:39
617,1.2-1.4,1.2,1.4,µm,0.6-0.7,0.6,0.7,µm,rod-shaped,1.0,polar,negative,133158,24933,1,,2017-08-25 07:29:39
618,1.0-10.0,1.0,10.0,µm,0.3,0.3,0.3,µm,rod-shaped,1.0,"monotrichous, polar",negative,132643,24926,1,,2017-08-25 07:29:39
619,1.0-2.0,1.0,2.0,µm,,,,,rod-shaped,1.0,"monotrichous, polar",negative,133172,24947,1,,2017-08-25 07:29:39
620,1.0-1.8,1.0,1.8,µm,0.5-0.7,0.5,0.7,µm,rod-shaped,1.0,"monotrichous, polar",negative,132647,24932,1,,2017-08-25 07:29:39
621,,,,,,,,,rod-shaped,,,positive,132664,24968,1,,2017-08-25 07:29:39
622,1.4-2.0,1.4,2.0,µm,0.4-0.6,0.4,0.6,µm,rod-shaped,0.0,,positive,133186,24969,1,,2017-08-25 07:29:39
623,1.0-1.5,1.0,1.5,µm,,,,,coccus-shaped,,,positive,132663,24970,1,,2017-08-25 07:29:39
624,,,,,,,,,rod-shaped,,,,132663,24970,1,,2017-08-25 07:29:39
625,,,,,,,,,,0.0,,positive,132662,24971,1,,2017-08-25 07:29:39
626,0.8-1.0,0.8,1.0,µm,,,,,rod-shaped,1.0,,positive,133183,24972,1,,2017-08-25 07:29:39
627,,,,,,,,,coccus-shaped,,,positive,132661,24973,1,,2017-08-25 07:29:39
628,1.1-1.2,1.1,1.2,µm,,,,,coccus-shaped,,,positive,17886,24974,1,,2017-08-25 07:29:39
629,1.1-1.2,1.1,1.2,µm,,,,,coccus-shaped,,,positive,8593,24974,1,,2017-08-25 07:29:39
630,0.7-0.9,0.7,0.9,µm,,,,,coccus-shaped,0.0,,positive,132659,24975,1,,2017-08-25 07:29:39
631,,,,,,,,,,0.0,,positive,132666,24976,1,,2017-08-25 07:29:39
632,,,,,,,,,,0.0,,positive,132668,24979,1,,2017-08-25 07:29:39
633,,,,,,,,,filament-shaped,0.0,,positive,132669,24977,1,,2017-08-25 07:29:39
634,,,,,,,,,,,,positive,133187,24978,1,,2017-08-25 07:29:39
635,,,,,,,,,,0.0,,positive,132670,24980,1,,2017-08-25 07:29:39
636,,,,,,,,,coccus-shaped,0.0,,positive,132667,24981,1,,2017-08-25 07:29:39
637,2,2.0,2.0,µm,0.8,0.8,0.8,µm,rod-shaped,1.0,,negative,132665,24982,1,,2017-08-25 07:29:39
638,2.2,2.2,2.2,µm,0.5,0.5,0.5,µm,rod-shaped,0.0,,positive,133189,24983,1,,2017-08-25 07:29:39
639,1.2-2.3,1.2,2.3,µm,0.4-0.5,0.4,0.5,µm,rod-shaped,1.0,,negative,133188,24984,1,,2017-08-25 07:29:39
640,0.3-3.0,0.3,3.0,µm,0.2-0.8,0.2,0.8,µm,rod-shaped,1.0,,negative,133006,24984,1,,2017-08-25 07:29:39
641,3.3-4.2,3.3,4.2,µm,0.65-0.95,0.65,0.95,µm,rod-shaped,1.0,,negative,133190,24985,1,,2017-08-25 07:29:39
642,1.7-1.8,1.7,1.8,µm,0.5-0.6,0.5,0.6,µm,rod-shaped,1.0,,negative,133191,24986,1,,2017-08-25 07:29:39
643,1.0-1.6,1.0,1.6,µm,0.4-0.6,0.4,0.6,µm,rod-shaped,1.0,,negative,133007,24987,1,,2017-08-25 07:29:39
644,,,,,,,,,rod-shaped,,,negative,133192,24988,1,,2017-08-25 07:29:39
645,1.5-3.0,1.5,3.0,µm,0.3-0.7,0.3,0.7,µm,rod-shaped,0.0,,negative,133193,24989,1,,2017-08-25 07:29:39
646,1.1-1.6,1.1,1.6,µm,0.4-0.6,0.4,0.6,µm,rod-shaped,1.0,,negative,133194,24990,1,,2017-08-25 07:29:39
647,0.8-1.2,0.8,1.2,µm,0.2-0.4,0.2,0.4,µm,rod-shaped,0.0,,negative,133195,24991,1,,2017-08-25 07:29:39
648,1.6,1.6,1.6,µm,0.8,0.8,0.8,µm,rod-shaped,0.0,,negative,133008,24993,1,,2017-08-25 07:29:39
649,1.0-3.0,1.0,3.0,µm,0.7-1.2,0.7,1.2,µm,rod-shaped,0.0,,negative,133196,24994,1,,2017-08-25 07:29:39
650,2.5-15.0,2.5,15.0,µm,0.3-0.4,0.3,0.4,µm,filament-shaped,0.0,,negative,133197,24995,1,,2017-08-25 07:29:39
651,1.5-2.7,1.5,2.7,µm,0.4-0.5,0.4,0.5,µm,rod-shaped,0.0,,negative,133198,24996,1,,2017-08-25 07:29:39
652,0.8-1.5,0.8,1.5,µm,0.2-0.3,0.2,0.3,µm,rod-shaped,0.0,,positive,133199,24997,1,,2017-08-25 07:29:39
653,0.7-0.8,0.7,0.8,µm,0.4-0.5,0.4,0.5,µm,rod-shaped,0.0,,negative,133200,24998,1,,2017-08-25 07:29:39
654,0.5-2.0,0.5,2.0,µm,0.5-1.0,0.5,1.0,µm,rod-shaped,0.0,,negative,133009,24999,1,,2017-08-25 07:29:39
655,,,,,,,,,,,,positive,131722,25097,1,,2017-08-25 07:29:39
656,,,,,,,,,,,,positive,131723,25097,1,,2017-08-25 07:29:39
657,,,,,,,,,,,,positive,131724,25097,1,,2017-08-25 07:29:39
658,1.2-1.7,1.2,1.7,µm,0.5-0.6,0.5,0.6,µm,rod-shaped,0.0,,positive,133240,25087,1,,2017-08-25 07:29:39
659,0.7-1.2,0.7,1.2,µm,0.4-0.5,0.4,0.5,µm,rod-shaped,0.0,,positive,133018,25089,1,,2017-08-25 07:29:39
660,0.8-1.2,0.8,1.2,µm,0.3-0.6,0.3,0.6,µm,rod-shaped,0.0,,positive,133239,25090,1,,2017-08-25 07:29:39
661,,,,,,,,,rod-shaped,1.0,,positive,7328,25090,1,,2017-08-25 07:29:39
662,0.9-1.8,0.9,1.8,µm,0.6-1.3,0.6,1.3,µm,rod-shaped,0.0,,positive,131684,25085,1,,2017-08-25 07:29:39
663,1.0-2.1,1.0,2.1,µm,0.5-0.6,0.5,0.6,µm,rod-shaped,0.0,,positive,133241,25082,1,,2017-08-25 07:29:39
664,,,,,,,,,,,,positive,131989,25078,1,,2017-08-25 07:29:39
665,0.8-0.9,0.8,0.9,µm,0.4-0.5,0.4,0.5,µm,rod-shaped,0.0,,positive,12636,24963,1,,2017-08-25 07:29:39
666,,,,,,,,,ellipsoidal,,,,12636,24963,1,,2017-08-25 07:29:39
667,0.8-0.9,0.8,0.9,µm,0.4-0.5,0.4,0.5,µm,coccus-shaped,0.0,,positive,133242,25077,1,,2017-08-25 07:29:39
668,,,,,,,,,filament-shaped,0.0,,positive,133243,25076,1,,2017-08-25 07:29:39
669,0.65-0.70,0.65,0.7,µm,0.25-0.3,0.25,0.3,µm,rod-shaped,0.0,,positive,133246,25074,1,,2017-08-25 07:29:39
670,,,,,,,,,,0.0,,positive,132025,25066,1,,2017-08-25 07:29:39
671,2.1-2.6,2.1,2.6,µm,0.8-0.9,0.8,0.9,µm,rod-shaped,0.0,,positive,133020,25063,1,,2017-08-25 07:29:39
672,1.2-4.0,1.2,4.0,µm,0.6-1.0,0.6,1.0,µm,rod-shaped,0.0,,positive,133266,25079,1,,2017-08-25 07:29:39
673,,,,,,,,,,1.0,,,130206,25079,1,,2017-08-25 07:29:39
674,1.1-1.4,1.1,1.4,µm,,,,,coccus-shaped,0.0,,positive,133028,25108,1,,2017-08-25 07:29:39
675,1.5-2.9,1.5,2.9,µm,0.4-0.6,0.4,0.6,µm,rod-shaped,1.0,lophotrichous,positive,133029,25092,1,,2017-08-25 07:29:39
676,,,,,,,,,filament-shaped,,,positive,132033,25075,1,,2017-08-25 07:29:39
677,0.64-2.55,0.64,2.55,µm,0.35-0.47,0.35,0.47,mm,rod-shaped,0.0,,positive,133267,25057,1,,2017-08-25 07:29:39
678,2.0-8.0,2.0,8.0,µm,0.5-1.5,0.5,1.5,µm,curved-shaped,1.0,,negative,2741,25060,1,,2017-08-25 07:29:39
679,2.0-8.0,2.0,8.0,µm,0.5-1.5,0.5,1.5,µm,curved-shaped,1.0,,positive,5415,25060,1,,2017-08-25 07:29:39
680,1.1-2.5,1.1,2.5,µm,0.5-0.6,0.5,0.6,µm,rod-shaped,,,,133268,25124,1,,2017-08-25 07:29:39
681,10.0-30.0,10.0,30.0,µm,0.5-0.6,0.5,0.6,µm,filament-shaped,,,,133268,25124,1,,2017-08-25 07:29:39
682,1.0-5.0,1.0,5.0,µm,0.5-0.8,0.5,0.8,µm,rod-shaped,1.0,"monotrichous, polar",negative,133030,25114,1,,2017-08-25 07:29:39
683,1.5-2.0,1.5,2.0,µm,,,,,coccus-shaped,0.0,,negative,133269,25099,1,,2017-08-25 07:29:39
684,1.7-4.8,1.7,4.8,µm,0.5-0.9,0.5,0.9,µm,rod-shaped,0.0,,negative,133032,25117,1,,2017-08-25 07:29:39
685,1.3-1.7,1.3,1.7,µm,0.7-0.9,0.7,0.9,µm,rod-shaped,0.0,,negative,133033,25069,1,,2017-08-25 07:29:39
686,1.8,1.8,1.8,µm,1,1.0,1.0,µm,sphere-shaped,0.0,,negative,133034,25080,1,,2017-08-25 07:29:39
687,15-300,15.0,300.0,µm,0.2-0.3,0.2,0.3,µm,,,,,14336,25048,1,,2017-08-25 07:29:39
688,1.1-2.0,1.1,2.0,µm,0.4-0.6,0.4,0.6,µm,rod-shaped,0.0,,negative,133270,25138,1,,2017-08-25 07:29:39
689,,,,,,,,,rod-shaped,,,negative,133271,25130,1,,2017-08-25 07:29:39
690,1.6-1.8,1.6,1.8,µm,0.3-0.4,0.3,0.4,µm,rod-shaped,1.0,"monotrichous, polar",negative,133272,25137,1,,2017-08-25 07:29:39
691,,,,,,,,,curved-shaped,,,,133272,25137,1,,2017-08-25 07:29:39
692,1.5-3.5,1.5,3.5,µm,0.5-0.8,0.5,0.8,µm,rod-shaped,1.0,"monotrichous, polar",negative,133273,25136,1,,2017-08-25 07:29:39
693,1.0-2.0,1.0,2.0,µm,0.6-0.8,0.6,0.8,µm,ovoid-shaped,1.0,,negative,133275,25133,1,,2017-08-25 07:29:39
694,,,,,,,,,rod-shaped,,,,133275,25133,1,,2017-08-25 07:29:39
695,1.3-1.4,1.3,1.4,µm,0.3-0.4,0.3,0.4,µm,vibrio-shaped,1.0,"monotrichous, polar",negative,133276,25126,1,,2017-08-25 07:29:39
696,1.3-3.6,1.3,3.6,µm,0.5-1.1,0.5,1.1,µm,rod-shaped,1.0,,negative,133277,25125,1,,2017-08-25 07:29:39
697,1.5-1.6,1.5,1.6,µm,0.4-0.5,0.4,0.5,µm,rod-shaped,0.0,,negative,133278,25121,1,,2017-08-25 07:29:39
698,1.5-2.0,1.5,2.0,µm,0.5-0.8,0.5,0.8,µm,rod-shaped,1.0,"monotrichous, polar",negative,133279,25120,1,,2017-08-25 07:29:39
699,0.8-2.0,0.8,2.0,µm,0.5-0.8,0.5,0.8,µm,rod-shaped,0.0,,negative,133280,25119,1,,2017-08-25 07:29:39
700,1.6-1.9,1.6,1.9,µm,0.9-1.1,0.9,1.1,µm,rod-shaped,0.0,,negative,133281,25112,1,,2017-08-25 07:29:39
701,1,1.0,1.0,µm,1,1.0,1.0,µm,coccus-shaped,0.0,,negative,133282,25118,1,,2017-08-25 07:29:39
702,0.8-1.0,0.8,1.0,µm,0.3-0.6,0.3,0.6,µm,rod-shaped,1.0,"monotrichous, polar",negative,133283,25098,1,,2017-08-25 07:29:39
703,1.3-1.7,1.3,1.7,µm,0.5-0.7,0.5,0.7,µm,rod-shaped,1.0,"monotrichous, polar",negative,133284,25110,1,,2017-08-25 07:29:39
704,1.0-2.5,1.0,2.5,µm,0.5-1.0,0.5,1.0,µm,rod-shaped,1.0,,negative,133285,25103,1,,2017-08-25 07:29:39
705,2,2.0,2.0,µm,1,1.0,1.0,µm,rod-shaped,1.0,,negative,133286,25096,1,,2017-08-25 07:29:39
706,0.8-2.4,0.8,2.4,µm,0.3-0.6,0.3,0.6,µm,rod-shaped,1.0,,negative,133287,25102,1,,2017-08-25 07:29:39
707,0.832,0.83,0.83,µm,0.427,0.43,0.43,µm,oval-shaped,,,negative,133288,25093,1,,2017-08-25 07:29:39
708,0.8-1.0,0.8,1.0,µm,0.4-0.5,0.4,0.5,µm,rod-shaped,1.0,"monotrichous, polar",negative,133289,25086,1,,2017-08-25 07:29:39
709,1.05-1.17,1.05,1.17,µm,0.39-0.43,0.39,0.43,µm,rod-shaped,1.0,,negative,133290,25091,1,,2017-08-25 07:29:39
710,0.6-2.0,0.6,2.0,µm,0.2-0.4,0.2,0.4,µm,filament-shaped,0.0,,negative,133291,25088,1,,2017-08-25 07:29:39
711,,,,,,,,,rod-shaped,,,,133291,25088,1,,2017-08-25 07:29:39
712,1.2-2.5,1.2,2.5,µm,0.4-0.6,0.4,0.6,µm,rod-shaped,1.0,,negative,133292,25084,1,,2017-08-25 07:29:39
713,,,,,,,,,curved-shaped,,,,133292,25084,1,,2017-08-25 07:29:39
714,,,,,,,,,,1.0,,negative,133293,25067,1,,2017-08-25 07:29:39
715,1.0-2.4,1.0,2.4,µm,0.3-0.4,0.3,0.4,µm,vibrio-shaped,1.0,"monotrichous, polar",negative,133294,25071,1,,2017-08-25 07:29:39
716,,,,,,,,,coccus-shaped,,,negative,133295,25072,1,,2017-08-25 07:29:39
717,1.5-2.0,1.5,2.0,µm,0.3-0.5,0.3,0.5,µm,rod-shaped,1.0,"monotrichous, polar",negative,133296,25070,1,,2017-08-25 07:29:39
718,1.5-3.3,1.5,3.3,µm,0.2-0.5,0.2,0.5,µm,coccus-shaped,0.0,,negative,133297,25068,1,,2017-08-25 07:29:39
719,0.6-1.0,0.6,1.0,µm,0.1-0.3,0.1,0.3,µm,rod-shaped,0.0,,negative,133046,25065,1,,2017-08-25 07:29:39
720,,,,,,,,,rod-shaped,1.0,,negative,133298,25062,1,,2017-08-25 07:29:39
721,,,,,,,,,rod-shaped,0.0,,negative,133299,25061,1,,2017-08-25 07:29:39
722,,,,,,,,,coccus-shaped,0.0,,negative,133175,24951,1,,2017-08-25 07:29:39
723,,,,,,,,,coccus-shaped,0.0,,negative,133162,24937,1,,2017-08-25 07:29:39
724,,,,,,,,,ovoid-shaped,0.0,,negative,133169,24944,1,,2017-08-25 07:29:39
725,0.4-10.0,0.4,10.0,µm,0.2-0.4,0.2,0.4,µm,,,,,133169,24944,1,,2017-08-25 07:29:39
726,,,,,,,,,rod-shaped,0.0,,positive,133136,24901,1,,2017-08-25 07:29:39
727,0.5-2.0,0.5,2.0,µm,0.1-0.4,0.1,0.4,µm,ovoid-shaped,,,,133136,24901,1,,2017-08-25 07:29:39
728,,,,,,,,,coccus-shaped,0.0,,negative,133163,24942,1,,2017-08-25 07:29:39
729,,,,,,,,,ovoid-shaped,,,,133163,24942,1,,2017-08-25 07:29:39
730,0.2-3.0,0.2,3.0,µm,0.2-1.0,0.2,1.0,µm,rod-shaped,,,,133163,24942,1,,2017-08-25 07:29:39
731,0.6-1.5,0.6,1.5,µm,0.4-0.6,0.4,0.6,µm,rod-shaped,,,negative,132636,24908,1,,2017-08-25 07:29:39
732,,,,,,,,,sphere-shaped,0.0,,positive,133150,24919,1,,2017-08-25 07:29:39
733,,,,,,,,,coccus-shaped,,,,133150,24919,1,,2017-08-25 07:29:39
734,,,,,,,,,ovoid-shaped,,,,133150,24919,1,,2017-08-25 07:29:39
735,1.0-2.5,1.0,2.5,µm,,,,,rod-shaped,,,negative,133141,24909,1,,2017-08-25 07:29:39
736,2.0-9.0,2.0,9.0,µm,0.4-1.0,0.4,1.0,µm,rod-shaped,0.0,,negative,133149,24918,1,,2017-08-25 07:29:39
738,,,,,,,,,,0.0,,positive,133133,24904,1,,2017-08-25 07:29:39
740,1.2-1.5,1.2,1.5,µm,0.5-0.7,0.5,0.7,µm,rod-shaped,1.0,lophotrichous,negative,133160,24935,1,,2017-08-25 07:29:39
741,,,,,,,,,rod-shaped,0.0,,negative,132644,24927,1,,2017-08-25 07:29:39
742,,,,,,,,,rod-shaped,0.0,,positive,132633,24899,1,,2017-08-25 07:29:39
743,2.0-6.0,2.0,6.0,µm,0.5,0.5,0.5,µm,,0.0,,positive,132646,24929,1,,2017-08-25 07:29:39
744,3.5,3.5,3.5,µm,1.1,1.1,1.1,µm,rod-shaped,0.0,,negative,133140,24906,1,,2017-08-25 07:29:39
745,1.0-1.1,1.0,1.1,µm,0.5-0.7,0.5,0.7,µm,rod-shaped,0.0,,positive,132631,24895,1,,2017-08-25 07:29:39
746,1.0-1.6,1.0,1.6,µm,0.3-0.9,0.3,0.9,µm,rod-shaped,1.0,peritrichous,positive,133153,24924,1,,2017-08-25 07:29:39
747,,,,,,,,,ovoid-shaped,0.0,,negative,133147,24915,1,,2017-08-25 07:29:39
748,0.5-4.0,0.5,4.0,µm,0.2-0.5,0.2,0.5,µm,rod-shaped,,,,133147,24915,1,,2017-08-25 07:29:39
749,,,,,,,,,rod-shaped,0.0,,negative,133139,24905,1,,2017-08-25 07:29:39
750,2.0-6.0,2.0,6.0,µm,0.5,0.5,0.5,µm,vibrio-shaped,1.0,,negative,132642,24938,1,,2017-08-25 07:29:39
751,1.2-1.5,1.2,1.5,µm,0.5-0.7,0.5,0.7,µm,rod-shaped,0.0,,negative,133145,24914,1,,2017-08-25 07:29:39
752,7,7.0,7.0,µm,0.3-0.5,0.3,0.5,µm,rod-shaped,,,,133145,24914,1,,2017-08-25 07:29:39
753,1.0-2.5,1.0,2.5,µm,0.5-0.6,0.5,0.6,µm,rod-shaped,0.0,,negative,133145,24914,1,,2017-08-25 07:29:39
754,2.1-2.6,2.1,2.6,µm,0.4-0.6,0.4,0.6,µm,rod-shaped,1.0,,negative,132649,24959,1,,2017-08-25 07:29:39
755,1.5,1.5,1.5,µm,0.4,0.4,0.4,µm,rod-shaped,1.0,polar,negative,133176,24953,1,,2017-08-25 07:29:39
756,3.5-5.4,3.5,5.4,µm,0.7-0.9,0.7,0.9,µm,rod-shaped,1.0,polar,negative,133182,24962,1,,2017-08-25 07:29:39
757,0.56-0.84,0.56,0.84,µm,,,,,coccus-shaped,0.0,,negative,133171,24946,1,,2017-08-25 07:29:39
758,0.7-0.8,0.7,0.8,µm,,,,,coccus-shaped,0.0,,negative,133159,24934,1,,2017-08-25 07:29:39
759,1.0-2.5,1.0,2.5,µm,,,,,coccus-shaped,0.0,,positive,133151,24920,1,,2017-08-25 07:29:39
760,1.9-2.8,1.9,2.8,µm,0.5-0.6,0.5,0.6,µm,rod-shaped,0.0,,negative,133167,24941,1,,2017-08-25 07:29:39
761,1.4-1.5,1.4,1.5,µm,0.8-0.9,0.8,0.9,µm,rod-shaped,1.0,polar,negative,133168,24943,1,,2017-08-25 07:29:39
763,1.1,1.1,1.1,µm,0.7,0.7,0.7,µm,rod-shaped,0.0,,negative,132650,24961,1,,2017-08-25 07:29:39
764,1.6-1.8,1.6,1.8,µm,0.2-0.3,0.2,0.3,µm,rod-shaped,0.0,,negative,133180,24958,1,,2017-08-25 07:29:39
765,,,,,,,,,spiral-shaped,,,,133180,24958,1,,2017-08-25 07:29:39
766,1.2-1.6,1.2,1.6,µm,0.6-0.7,0.6,0.7,µm,rod-shaped,0.0,polar,negative,133174,24950,1,,2017-08-25 07:29:39
767,,,,,,,,,coccus-shaped,,,positive,133152,24923,1,,2017-08-25 07:29:39
768,0.5-1.0,0.5,1.0,µm,,,,,coccus-shaped,0.0,,positive,133156,24930,1,,2017-08-25 07:29:39
769,,,,,,,,,spore-shaped,0.0,,positive,132630,24892,1,,2017-08-25 07:29:39
770,0.63-1.4,0.63,1.4,µm,0.48-0.9,0.48,0.9,µm,rod-shaped,1.0,,,2285,24925,1,,2017-08-25 07:29:39
771,1.48-1.68,1.48,1.68,µm,0.64-0.78,0.64,0.78,µm,rod-shaped,1.0,,negative,133177,24954,1,,2017-08-25 07:29:39
772,,,,,,,,,rod-shaped,,,positive,132634,24900,1,,2017-08-25 07:29:39
773,0.7,0.7,0.7,µm,0.5,0.5,0.5,µm,,0.0,,positive,132660,24965,1,,2017-08-25 07:29:39
2478,04-07,4.0,7.0,µm,0.3-0.5,0.3,0.5,µm,rod-shaped,1.0,,positive,547,31957,1,,2017-12-01 12:54:15
776,0.4-1.4,0.4,1.4,µm,0.3-0.5,0.3,0.5,µm,rod-shaped,0.0,,positive,1869,24964,1,,2017-08-25 07:29:39
777,0.7,0.7,0.7,µm,0.5,0.5,0.5,µm,rod-shaped,0.0,,positive,132660,24965,1,,2017-08-25 07:29:39
778,,,,,,,,,,,,,133184,24967,1,,2017-08-25 07:29:39
779,,,,,,,,,coccus-shaped,,,,133184,24967,1,,2017-08-25 07:29:39
780,2.0-10.0,2.0,10.0,µm,0.6-1.0,0.6,1.0,µm,rod-shaped,0.0,,negative,133201,25000,1,,2017-08-25 07:29:39
781,1.0-2.0,1.0,2.0,µm,0.2-0.5,0.2,0.5,µm,rod-shaped,0.0,,negative,133202,25001,1,,2017-08-25 07:29:39
782,0.5-1.0,0.5,1.0,µm,,,,,coccus-shaped,0.0,,positive,133203,25002,1,,2017-08-25 07:29:39
783,1.2-1.6,1.2,1.6,µm,0.8-1.0,0.8,1.0,µm,rod-shaped,,,positive,133204,25019,1,,2017-08-25 07:29:39
784,2,2.0,2.0,µm,0.7,0.7,0.7,µm,rod-shaped,0.0,,positive,132676,25005,1,,2017-08-25 07:29:39
785,3,3.0,3.0,µm,0.5,0.5,0.5,µm,rod-shaped,0.0,,positive,132677,25005,1,,2017-08-25 07:29:39
786,1.6-10.5,1.6,10.5,µm,0.4-0.6,0.4,0.6,µm,rod-shaped,0.0,,positive,132678,25020,1,,2017-08-25 07:29:39
787,,,,,,,,,rod-shaped,1.0,,positive,2740,25020,1,,2017-08-25 07:29:39
788,,,,,,,,,rod-shaped,1.0,,positive,2815,25020,1,,2017-08-25 07:29:39
789,2.2-3.2,2.2,3.2,µm,0.7-0.9,0.7,0.9,µm,rod-shaped,,,positive,133206,25023,1,,2017-08-25 07:29:39
790,5.0-10.0,5.0,10.0,µm,0.2,0.2,0.2,µm,rod-shaped,0.0,,positive,132679,25017,1,,2017-08-25 07:29:39
791,1.0-10.0,1.0,10.0,µm,0.4-0.6,0.4,0.6,µm,rod-shaped,1.0,,positive,132680,25025,1,,2017-08-25 07:29:39
792,1.6-3.3,1.6,3.3,µm,0.4-0.7,0.4,0.7,µm,rod-shaped,1.0,peritrichous,positive,133010,25021,1,,2017-08-25 07:29:39
793,2.5-2.9,2.5,2.9,µm,0.6-1.0,0.6,1.0,µm,rod-shaped,1.0,peritrichous,variable,133207,25026,1,,2017-08-25 07:29:39
794,1.3-2.3,1.3,2.3,µm,0.4-0.6,0.4,0.6,µm,rod-shaped,1.0,polar,negative,132681,25038,1,,2017-08-25 07:29:39
795,0.9-1.6,0.9,1.6,µm,0.5-0.6,0.5,0.6,µm,rod-shaped,1.0,,positive,133208,25013,1,,2017-08-25 07:29:39
796,1.6-6.4,1.6,6.4,µm,0.4-0.8,0.4,0.8,µm,rod-shaped,1.0,peritrichous,positive,133209,25014,1,,2017-08-25 07:29:39
797,1.4-2.3,1.4,2.3,µm,0.7,0.7,0.7,µm,rod-shaped,0.0,,positive,133011,25042,1,,2017-08-25 07:29:39
798,2.8,2.8,2.8,µm,1.2,1.2,1.2,µm,rod-shaped,,,positive,133012,25027,1,,2017-08-25 07:29:39
799,2.5-4.4,2.5,4.4,µm,0.7-0.9,0.7,0.9,µm,rod-shaped,0.0,,positive,133210,25029,1,,2017-08-25 07:29:39
800,2.0-4.0,2.0,4.0,µm,1.0-2.0,1.0,2.0,µm,rod-shaped,0.0,,positive,133205,25003,1,,2017-08-25 07:29:39
801,1.2-2.5,1.2,2.5,µm,0.5-0.9,0.5,0.9,µm,rod-shaped,1.0,,,1317,25003,1,,2017-08-25 07:29:39
802,0.6-1.0,0.6,1.0,µm,,,,,oval-shaped,0.0,,negative,132956,25030,1,,2017-08-25 07:29:39
803,0.87,0.87,0.87,µm,0.61,0.61,0.61,µm,,1.0,,negative,133211,25004,1,,2017-08-25 07:29:39
804,1.2-3.0,1.2,3.0,µm,0.3-0.7,0.3,0.7,µm,rod-shaped,1.0,,negative,133215,25007,1,,2017-08-25 07:29:39
805,1.1-2.8,1.1,2.8,µm,0.4-0.7,0.4,0.7,µm,rod-shaped,1.0,polar,negative,133216,25045,1,,2017-08-25 07:29:39
806,,,,,,,,,rod-shaped,0.0,,negative,133217,25035,1,,2017-08-25 07:29:39
807,1.0-1.4,1.0,1.4,µm,0.3-0.5,0.3,0.5,µm,rod-shaped,0.0,,negative,133013,25039,1,,2017-08-25 07:29:39
808,1.0-1.6,1.0,1.6,µm,0.5-0.8,0.5,0.8,µm,rod-shaped,1.0,,negative,133014,25039,1,,2017-08-25 07:29:39
809,1.0-1.2,1.0,1.2,µm,0.3-0.4,0.3,0.4,µm,,1.0,,negative,133218,25036,1,,2017-08-25 07:29:39
810,1.3-1.9,1.3,1.9,µm,0.3-0.8,0.3,0.8,µm,other,0.0,,negative,133219,25011,1,,2017-08-25 07:29:39
811,1.0-2.5,1.0,2.5,µm,0.5-0.7,0.5,0.7,µm,rod-shaped,1.0,,negative,133220,25022,1,,2017-08-25 07:29:39
812,,,,,,,,,ovoid-shaped,0.0,,negative,133228,25040,1,,2017-08-25 07:29:39
813,0.8-0.9,0.8,0.9,µm,0.5-0.6,0.5,0.6,µm,rod-shaped,0.0,,,133228,25040,1,,2017-08-25 07:29:39
814,1.3-5.9,1.3,5.9,µm,0.3-0.5,0.3,0.5,µm,rod-shaped,0.0,,negative,133229,25012,1,,2017-08-25 07:29:39
815,0.2-17.0,0.2,17.0,µm,0.2-0.5,0.2,0.5,µm,pleomorphic-shaped,0.0,,negative,133213,25009,1,,2017-08-25 07:29:39
816,1.26-1.80,1.26,1.8,µm,0.31-0.51,0.31,0.51,µm,rod-shaped,1.0,polar,negative,133230,25006,1,,2017-08-25 07:29:39
817,,,,,,,,,rod-shaped,1.0,polar,negative,133231,25018,1,,2017-08-25 07:29:39
818,1.6-2.2,1.6,2.2,µm,0.9-1.1,0.9,1.1,µm,rod-shaped,1.0,,negative,133214,25016,1,,2017-08-25 07:29:39
819,,,,,,,,,coccus-shaped,,,negative,133224,25031,1,,2017-08-25 07:29:39
820,,,,,,,,,rod-shaped,,,,133224,25031,1,,2017-08-25 07:29:39
821,0.5-3.5,0.5,3.5,µm,0.3-0.8,0.3,0.8,µm,ovoid-shaped,0.0,,,133224,25031,1,,2017-08-25 07:29:39
822,0.6-2.5,0.6,2.5,µm,0.2-0.3,0.2,0.3,µm,rod-shaped,0.0,,negative,133225,25037,1,,2017-08-25 07:29:39
823,0.9-4.2,0.9,4.2,µm,0.6-0.8,0.6,0.8,µm,rod-shaped,0.0,,negative,133226,25028,1,,2017-08-25 07:29:39
824,6.1-7.5,6.1,7.5,µm,1.0-1.3,1.0,1.3,µm,rod-shaped,1.0,polar,negative,133227,25041,1,,2017-08-25 07:29:39
826,1.1-3.4,1.1,3.4,µm,0.2-0.5,0.2,0.5,µm,rod-shaped,,,negative,133015,25034,1,,2017-08-25 07:29:39
827,1.5-2.0,1.5,2.0,µm,0.3-0.6,0.3,0.6,µm,rod-shaped,,,negative,133222,25044,1,,2017-08-25 07:29:39
828,,,,,,,,,coccus-shaped,0.0,,negative,132682,25033,1,,2017-08-25 07:29:39
829,1.8-2.1,1.8,2.1,µm,0.7-0.8,0.7,0.8,µm,rod-shaped,1.0,polar,negative,133221,25008,1,,2017-08-25 07:29:39
830,2.0-8.0,2.0,8.0,µm,0.4-0.8,0.4,0.8,µm,rod-shaped,1.0,,negative,133223,25043,1,,2017-08-25 07:29:39
831,,,,,,,,,,0.0,,positive,133232,25115,1,,2017-08-25 07:29:39
832,,,,,,,,,,,,positive,133233,25139,1,,2017-08-25 07:29:39
833,,,,,,,,,,,,positive,133234,25127,1,,2017-08-25 07:29:39
834,,,,,,,,,,,,positive,133235,25122,1,,2017-08-25 07:29:39
835,,,,,,,,,,,,positive,133236,25123,1,,2017-08-25 07:29:39
836,1.0-1.2,1.0,1.2,µm,0.3-0.4,0.3,0.4,µm,rod-shaped,1.0,,positive,133237,25101,1,,2017-08-25 07:29:39
837,,,,,,,,,coccus-shaped,0.0,,positive,133304,25113,1,,2017-08-25 07:29:39
838,,,,,,,,,,,,positive,133016,25106,1,,2017-08-25 07:29:39
839,,,,,,,,,,,,positive,133238,25100,1,,2017-08-25 07:29:39
840,,,,,,,,,pleomorphic-shaped,,,positive,133021,25047,1,,2017-08-25 07:29:39
841,3.5-10.0,3.5,10.0,µm,0.6-1.0,0.6,1.0,µm,rod-shaped,1.0,,,133021,25047,1,,2017-08-25 07:29:39
842,1.52-1.83,1.52,1.83,µm,0.65-1.1,0.65,1.1,µm,rod-shaped,0.0,,positive,133022,25049,1,,2017-08-25 07:29:39
843,,,,,,,,,pleomorphic-shaped,0.0,,,133244,25131,1,,2017-08-25 07:29:39
844,1.0-6.0,1.0,6.0,µm,0.5-1.0,0.5,1.0,µm,rod-shaped,,,,133244,25131,1,,2017-08-25 07:29:39
845,,,,,,,,,rod-shaped,0.0,,negative,133245,25083,1,,2017-08-25 07:29:39
846,0.5-1.2,0.5,1.2,µm,0.3-0.6,0.3,0.6,µm,pleomorphic-shaped,,,,133245,25083,1,,2017-08-25 07:29:39
847,1.0-2.0,1.0,2.0,µm,0.35-0.5,0.35,0.5,µm,rod-shaped,1.0,,negative,133247,25135,1,,2017-08-25 07:29:39
848,1.0-1.5,1.0,1.5,µm,0.4-0.8,0.4,0.8,µm,rod-shaped,0.0,,negative,133248,25132,1,,2017-08-25 07:29:39
849,1.0-1.5,1.0,1.5,µm,0.5-0.6,0.5,0.6,µm,rod-shaped,0.0,,negative,133249,25116,1,,2017-08-25 07:29:39
850,0.5-10.0,0.5,10.0,µm,0.3-0.5,0.3,0.5,µm,rod-shaped,0.0,,negative,133250,25107,1,,2017-08-25 07:29:39
851,0.3-0.8,0.3,0.8,µm,0.2-0.3,0.2,0.3,µm,rod-shaped,0.0,,negative,133251,25104,1,,2017-08-25 07:29:39
852,0.7-1.6,0.7,1.6,µm,0.3-0.5,0.3,0.5,µm,rod-shaped,1.0,,negative,133023,25111,1,,2017-08-25 07:29:39
853,2.1-3.5,2.1,3.5,µm,0.4-0.6,0.4,0.6,µm,rod-shaped,1.0,,negative,133252,25109,1,,2017-08-25 07:29:39
854,2.0-2.5,2.0,2.5,µm,0.61-0.75,0.61,0.75,µm,rod-shaped,0.0,,negative,133253,25095,1,,2017-08-25 07:29:39
855,2.0-3.0,2.0,3.0,µm,0.3-0.5,0.3,0.5,µm,crescent-shaped,0.0,,negative,133254,25094,1,,2017-08-25 07:29:39
856,0.9-1.4,0.9,1.4,µm,0.4-0.5,0.4,0.5,µm,rod-shaped,0.0,,negative,133127,25081,1,,2017-08-25 07:29:39
857,,,,,,,,,,0.0,,,14118,25081,1,,2017-08-25 07:29:39
858,1.2-2.5,1.2,2.5,µm,0.6-0.9,0.6,0.9,µm,rod-shaped,,,negative,133256,25059,1,,2017-08-25 07:29:39
859,2.5-18.7,2.5,18.7,µm,0.3-0.6,0.3,0.6,µm,rod-shaped,,,negative,133257,25073,1,,2017-08-25 07:29:39
860,0.4-10.0,0.4,10.0,µm,0.2-0.4,0.2,0.4,µm,rod-shaped,0.0,,negative,133258,25064,1,,2017-08-25 07:29:39
861,0.8-1.2,0.8,1.2,µm,0.3-0.4,0.3,0.4,µm,rod-shaped,,,negative,133259,25053,1,,2017-08-25 07:29:39
862,,,,,,,,,oval-shaped,,,,133259,25053,1,,2017-08-25 07:29:39
863,1.1,1.1,1.1,µm,0.5-0.6,0.5,0.6,µm,,1.0,,,133262,25046,1,,2017-08-25 07:29:39
2036,1.05,1.05,1.05,µm,0.7,0.7,0.7,µm,,1.0,,negative,5958,32566,1,,2017-12-01 12:54:15
865,1.4-2.5,1.4,2.5,µm,0.5-0.7,0.5,0.7,µm,rod-shaped,,,negative,133262,25046,1,,2017-08-25 07:29:39
866,,,,,,,,,ovoid-shaped,,,negative,133261,25054,1,,2017-08-25 07:29:39
867,,,,,,,,,rod-shaped,,,,133261,25054,1,,2017-08-25 07:29:39
868,0.3-10.0,0.3,10.0,µm,0.2-0.5,0.2,0.5,µm,coccus-shaped,,,,133261,25054,1,,2017-08-25 07:29:39
869,4.8-8.0,4.8,8.0,µm,1.4-2.4,1.4,2.4,µm,rod-shaped,0.0,,negative,133260,25056,1,,2017-08-25 07:29:39
870,2.0-3.1,2.0,3.1,µm,0.6-0.9,0.6,0.9,µm,rod-shaped,1.0,,positive,133264,25129,1,,2017-08-25 07:29:39
871,1.0-2.5,1.0,2.5,µm,0.5-0.75,0.5,0.75,µm,rod-shaped,1.0,,positive,133265,25128,1,,2017-08-25 07:29:39
872,4.0-6.5,4.0,6.5,µm,0.8-1.3,0.8,1.3,µm,rod-shaped,0.0,,positive,133027,25105,1,,2017-08-25 07:29:39
873,0.6-1.2,0.6,1.2,µm,0.3-0.4,0.3,0.4,µm,rod-shaped,0.0,,negative,133320,25149,1,,2017-08-25 07:29:39
874,0.4-5.0,0.4,5.0,µm,0.4-1.0,0.4,1.0,µm,coccus-shaped,0.0,,negative,133325,25160,1,,2017-08-25 07:29:39
875,,,,,,,,,ovoid-shaped,,,,133325,25160,1,,2017-08-25 07:29:39
876,,,,,,,,,rod-shaped,,,,133325,25160,1,,2017-08-25 07:29:39
877,0.5-8.0,0.5,8.0,µm,0.3-0.7,0.3,0.7,µm,rod-shaped,1.0,"monotrichous, polar",negative,133324,25144,1,,2017-08-25 07:29:39
878,2.5-3.0,2.5,3.0,µm,0.8-1.2,0.8,1.2,µm,rod-shaped,1.0,peritrichous,negative,133323,25141,1,,2017-08-25 07:29:39
879,1.5-4.0,1.5,4.0,µm,0.5-0.8,0.5,0.8,µm,vibrio-shaped,,,,4161,25150,1,,2017-08-25 07:29:39
880,2.0-5.0,2.0,5.0,µm,0.7-0.9,0.7,0.9,µm,vibrio-shaped,1.0,,negative,133061,25150,1,,2017-08-25 07:29:39
881,1.0-3.5,1.0,3.5,µm,0.7-0.1,0.7,0.1,µm,vibrio-shaped,,,,4153,25150,1,,2017-08-25 07:29:39
882,1.0-1.5,1.0,1.5,µm,0.3,0.3,0.3,µm,vibrio-shaped,,,,4175,25150,1,,2017-08-25 07:29:39
883,1.0-1.5,1.0,1.5,µm,0.3,0.3,0.3,µm,vibrio-shaped,,,,4174,25150,1,,2017-08-25 07:29:39
884,1.0-1.7,1.0,1.7,µm,0.6-1.0,0.6,1.0,µm,rod-shaped,0.0,,negative,133326,25156,1,,2017-08-25 07:29:39
885,1.4-2.0,1.4,2.0,µm,0.3-0.6,0.3,0.6,µm,rod-shaped,0.0,,negative,133321,25155,1,,2017-08-25 07:29:39
886,1.8-2.9,1.8,2.9,µm,0.8-1.2,0.8,1.2,µm,rod-shaped,0.0,,negative,133322,25157,1,,2017-08-25 07:29:39
887,2.0-2.5,2.0,2.5,µm,,,,,coccus-shaped,0.0,,positive,133314,25145,1,,2017-08-25 07:29:39
888,1.5,1.5,1.5,µm,,,,,coccus-shaped,0.0,,positive,133328,25167,1,,2017-08-25 07:29:39
889,0.5-0.6,0.5,0.6,µm,,,,,coccus-shaped,0.0,,positive,140254,25184,1,,2017-08-25 07:29:39
890,0.6-1.8,0.6,1.8,µm,0.2-0.3,0.2,0.3,µm,rod-shaped,0.0,,negative,140255,25201,1,,2017-08-25 07:29:39
891,0.8-1.0,0.8,1.0,µm,0.4-0.6,0.4,0.6,µm,rod-shaped,0.0,,negative,133329,25178,1,,2017-08-25 07:29:39
892,4.0-8.0,4.0,8.0,µm,0.5-0.7,0.5,0.7,µm,rod-shaped,0.0,,negative,133330,25183,1,,2017-08-25 07:29:39
893,1.6-3.8,1.6,3.8,µm,0.4-0.5,0.4,0.5,µm,rod-shaped,1.0,,negative,133331,25190,1,,2017-08-25 07:29:39
894,1.3-1.7,1.3,1.7,µm,0.4-0.6,0.4,0.6,µm,rod-shaped,0.0,,negative,133332,25182,1,,2017-08-25 07:29:39
895,1.6-3.8,1.6,3.8,µm,0.3-0.4,0.3,0.4,mm,rod-shaped,0.0,,negative,133333,25186,1,,2017-08-25 07:29:39
896,,,,,,,,,rod-shaped,0.0,,negative,133334,25212,1,,2017-08-25 07:29:39
897,1.0-2.0,1.0,2.0,µm,0.2-0.4,0.2,0.4,µm,rod-shaped,0.0,,negative,133335,25172,1,,2017-08-25 07:29:39
898,1.5-20.0,1.5,20.0,µm,0.3-0.5,0.3,0.5,µm,rod-shaped,1.0,,negative,133336,25189,1,,2017-08-25 07:29:39
899,2.0-17.0,2.0,17.0,µm,0.3-0.5,0.3,0.5,µm,rod-shaped,1.0,,negative,133336,25189,1,,2017-08-25 07:29:39
900,0.5-1.0,0.5,1.0,µm,,,,,coccus-shaped,0.0,,positive,133338,25211,1,,2017-08-25 07:29:39
901,1.98-2.30,1.98,2.3,µm,0.68,0.68,0.68,µm,rod-shaped,0.0,,positive,133067,25175,1,,2017-08-25 07:29:39
902,1.0-2.0,1.0,2.0,µm,0.5-0.6,0.5,0.6,µm,rod-shaped,1.0,,positive,133068,25213,1,,2017-08-25 07:29:39
903,,,,,,,,,rod-shaped,0.0,,positive,133069,25191,1,,2017-08-25 07:29:39
904,1.0-1.5,1.0,1.5,µm,,,,,coccus-shaped,0.0,,positive,133339,25214,1,,2017-08-25 07:29:39
905,3.3-6.7,3.3,6.7,µm,0.5-0.6,0.5,0.6,µm,rod-shaped,1.0,"monotrichous, polar",variable,133070,25187,1,,2017-08-25 07:29:39
906,2.0-3.0,2.0,3.0,µm,0.8-1.0,0.8,1.0,µm,rod-shaped,0.0,,positive,133071,25177,1,,2017-08-25 07:29:39
907,1.6-2.8,1.6,2.8,µm,,,,,sphere-shaped,0.0,,,133340,25181,1,,2017-08-25 07:29:39
908,0.5-0.95,0.5,0.95,µm,,,,,pleomorphic-shaped,0.0,,negative,133341,25202,1,,2017-08-25 07:29:39
909,,,,,,,,,,,,negative,130688,25202,1,,2017-08-25 07:29:39
910,1.3-1.6,1.3,1.6,µm,0.5-0.6,0.5,0.6,µm,rod-shaped,1.0,"monotrichous, polar",negative,133342,25199,1,,2017-08-25 07:29:39
911,3.5-4.0,3.5,4.0,µm,1.0-2.5,1.0,2.5,µm,,1.0,,negative,133124,25176,1,,2017-08-25 07:29:39
912,1.5-2.8,1.5,2.8,µm,0.5-0.7,0.5,0.7,µm,rod-shaped,1.0,"monotrichous, polar",negative,133343,25193,1,,2017-08-25 07:29:39
913,1.0-2.5,1.0,2.5,µm,0.3-0.7,0.3,0.7,µm,rod-shaped,1.0,"monotrichous, polar",negative,133344,25168,1,,2017-08-25 07:29:39
914,1.5-2.2,1.5,2.2,µm,0.7-1.2,0.7,1.2,µm,rod-shaped,1.0,,negative,133345,25171,1,,2017-08-25 07:29:39
915,1.6-2.2,1.6,2.2,µm,0.9-1.0,0.9,1.0,µm,oval-shaped,1.0,amphitrichous,negative,133072,25179,1,,2017-08-25 07:29:39
916,,,,,,,,,,,,positive,133327,25188,1,,2017-08-25 07:29:39
917,,,,,,,,,,,,positive,12605,25188,1,,2017-08-25 07:29:39
918,,,,,,,,,,0.0,,positive,133065,25173,1,,2017-08-25 07:29:39
919,1.1-2.4,1.1,2.4,µm,0.3-0.9,0.3,0.9,µm,rod-shaped,1.0,polar,negative,133346,25197,1,,2017-08-25 07:29:39
920,0.77-1.15,0.77,1.15,µm,0.23-0.27,0.23,0.27,µm,rod-shaped,0.0,,negative,133073,25209,1,,2017-08-25 07:29:39
921,1.2-1.8,1.2,1.8,µm,0.4-0.7,0.4,0.7,µm,rod-shaped,1.0,,negative,133347,25208,1,,2017-08-25 07:29:39
922,,,,,,,,,ovoid-shaped,,,,133347,25208,1,,2017-08-25 07:29:39
923,1.3-1.5,1.3,1.5,µm,0.7-0.8,0.7,0.8,µm,rod-shaped,1.0,polar,negative,133348,25207,1,,2017-08-25 07:29:39
924,,,,,,,,,rod-shaped,1.0,"monotrichous, polar",negative,24311,25207,1,,2017-08-25 07:29:39
925,0.6-1.7,0.6,1.7,µm,0.3-0.6,0.3,0.6,µm,rod-shaped,0.0,,,133074,25203,1,,2017-08-25 07:29:39
926,1.5-3.0,1.5,3.0,µm,0.7-0.8,0.7,0.8,µm,rod-shaped,0.0,,negative,133075,25180,1,,2017-08-25 07:29:39
927,3.0-25,3.0,25.0,µm,0.8-1.0,0.8,1.0,µm,rod-shaped,1.0,peritrichous,positive,133076,25180,1,,2017-08-25 07:29:39
928,1.0-2.5,1.0,2.5,µm,0.4-0.8,0.4,0.8,µm,rod-shaped,1.0,"monotrichous, polar",negative,133349,25194,1,,2017-08-25 07:29:39
930,,,,,,,,,rod-shaped,1.0,,negative,133350,25200,1,,2017-08-25 07:29:39
931,0.8-1.6,0.8,1.6,µm,0.3-0.4,0.3,0.4,µm,rod-shaped,1.0,,negative,133353,25210,1,,2017-08-25 07:29:39
932,0.9-1.5,0.9,1.5,µm,0.3-0.5,0.3,0.5,µm,rod-shaped,1.0,polar,negative,133352,25170,1,,2017-08-25 07:29:39
933,,,,,,,,,rod-shaped,0.0,,negative,133354,25192,1,,2017-08-25 07:29:39
934,3.0-12.0,3.0,12.0,µm,1.2-3.0,1.2,3.0,µm,rod-shaped,1.0,,negative,133077,25205,1,,2017-08-25 07:29:39
935,1.0-1.5,1.0,1.5,µm,0.5-0.8,0.5,0.8,µm,rod-shaped,0.0,,negative,133366,25222,1,,2017-08-25 07:29:39
936,1.5-3.0,1.5,3.0,µm,0.3-0.4,0.3,0.4,µm,rod-shaped,0.0,,negative,133367,25217,1,,2017-08-25 07:29:39
937,1.4-2.0,1.4,2.0,µm,0.5-0.6,0.5,0.6,µm,rod-shaped,1.0,,negative,133368,25221,1,,2017-08-25 07:29:39
938,8.6-14.5,8.6,14.5,µm,1.4-1.6,1.4,1.6,µm,filament-shaped,0.0,,negative,133369,25231,1,,2017-08-25 07:29:39
939,1.7-2.0,1.7,2.0,µm,0.6-1.0,0.6,1.0,µm,rod-shaped,0.0,,negative,133370,25238,1,,2017-08-25 07:29:39
940,1.5-3.0,1.5,3.0,µm,0.6-0.8,0.6,0.8,µm,rod-shaped,1.0,,negative,24046,25239,1,,2017-08-25 07:29:39
941,0.8,0.8,0.8,µm,,,,,rod-shaped,0.0,,positive,133084,25240,1,,2017-08-25 07:29:39
942,2.0-3.0,2.0,3.0,µm,0.8-1.0,0.8,1.0,µm,rod-shaped,1.0,peritrichous,positive,133371,25229,1,,2017-08-25 07:29:39
943,5.5-6.0,5.5,6.0,µm,0.8-1.0,0.8,1.0,µm,rod-shaped,1.0,lophotrichous,positive,133372,25220,1,,2017-08-25 07:29:39
945,0.9-1.5,0.9,1.5,µm,0.5-0.7,0.5,0.7,µm,rod-shaped,0.0,,negative,133373,25225,1,,2017-08-25 07:29:39
946,1.3-2.6,1.3,2.6,µm,0.6-1.0,0.6,1.0,µm,rod-shaped,1.0,peritrichous,positive,133312,25154,1,,2017-08-25 07:29:39
947,2.0-2.5,2.0,2.5,µm,0.5-0.7,0.5,0.7,µm,rod-shaped,1.0,,positive,133313,25166,1,,2017-08-25 07:29:39
948,4-5,4.0,5.0,µm,1-2,1.0,2.0,µm,rod-shaped,1.0,,negative,133060,25143,1,,2017-08-25 07:29:39
949,1.2-2.2,1.2,2.2,µm,,,,,rod-shaped,0.0,,positive,133063,25206,1,,2017-08-25 07:29:39
950,,,,,,,,,,,,positive,132026,25196,1,,2017-08-25 07:29:39
951,,,,,,,,,,,,positive,130974,25204,1,,2017-08-25 07:29:39
952,,,,,,,,,,,,positive,133064,25195,1,,2017-08-25 07:29:39
953,,,,,,,,,,,,positive,133062,25169,1,,2017-08-25 07:29:39
954,15-25,15.0,25.0,µm,1-1.5,1.0,1.5,µm,filament-shaped,0.0,,positive,132014,25215,1,,2017-08-25 07:29:39
955,2.0-6.0,2.0,6.0,µm,0.2-0.5,0.2,0.5,µm,rod-shaped,0.0,,positive,133079,25227,1,,2017-08-25 07:29:39
956,0.9-1.1,0.9,1.1,µm,0.5-0.6,0.5,0.6,µm,rod-shaped,0.0,,variable,133081,25235,1,,2017-08-25 07:29:39
957,,,,,,,,,coccus-shaped,,,,133081,25235,1,,2017-08-25 07:29:39
958,,,,,,,,,,0.0,,positive,133357,25236,1,,2017-08-25 07:29:39
959,,,,,,,,,,0.0,,positive,133358,25234,1,,2017-08-25 07:29:39
960,1.2-2.2,1.2,2.2,µm,0.8-1.0,0.8,1.0,µm,rod-shaped,,,negative,133083,25230,1,,2017-08-25 07:29:39
961,,,,,,,,,rod-shaped,0.0,,negative,130241,25230,1,,2017-08-25 07:29:39
962,0.5-0.6,0.5,0.6,µm,0.3-0.4,0.3,0.4,µm,pleomorphic-shaped,0.0,,negative,133385,25246,1,,2017-08-25 07:29:39
963,,,,,,,,,rod-shaped,,,,133385,25246,1,,2017-08-25 07:29:39
964,2,2.0,2.0,µm,0.6,0.6,0.6,µm,rod-shaped,0.0,,negative,133386,25282,1,,2017-08-25 07:29:39
965,0.4-1.5,0.4,1.5,µm,0.4-1.5,0.4,1.5,µm,coccus-shaped,0.0,,negative,133387,25285,1,,2017-08-25 07:29:39
966,1.4-3.2,1.4,3.2,µm,0.4-0.7,0.4,0.7,µm,rod-shaped,0.0,,negative,133387,25285,1,,2017-08-25 07:29:39
967,1.3-1.9,1.3,1.9,µm,0.7-0.8,0.7,0.8,µm,rod-shaped,0.0,,negative,133388,25286,1,,2017-08-25 07:29:39
968,2.0-3.0,2.0,3.0,µm,0.8-1.0,0.8,1.0,µm,rod-shaped,0.0,,negative,133389,25281,1,,2017-08-25 07:29:39
969,1.6-2.4,1.6,2.4,µm,0.8-1.0,0.8,1.0,µm,rod-shaped,0.0,,negative,133390,25273,1,,2017-08-25 07:29:39
970,1.3-1.7,1.3,1.7,µm,0.4-0.6,0.4,0.6,µm,rod-shaped,0.0,,negative,133391,25277,1,,2017-08-25 07:29:39
971,1.2-2.8,1.2,2.8,µm,0.2-0.4,0.2,0.4,µm,rod-shaped,1.0,,negative,133392,25287,1,,2017-08-25 07:29:39
972,1.4-2.0,1.4,2.0,µm,0.4-0.7,0.4,0.7,µm,rod-shaped,0.0,,negative,133393,25268,1,,2017-08-25 07:29:39
973,1.0-1.5,1.0,1.5,µm,1.0-1.5,1.0,1.5,µm,coccus-shaped,1.0,,positive,133091,25288,1,,2017-08-25 07:29:39
974,2.0-4.0,2.0,4.0,µm,0.8-1.0,0.8,1.0,µm,rod-shaped,1.0,peritrichous,positive,133092,25258,1,,2017-08-25 07:29:39
975,2.0-11.0,2.0,11.0,µm,0.3-0.5,0.3,0.5,µm,rod-shaped,1.0,,negative,133400,25255,1,,2017-08-25 07:29:39
976,2.0-2.5,2.0,2.5,µm,0.2-0.4,0.2,0.4,µm,rod-shaped,0.0,,positive,133094,25289,1,,2017-08-25 07:29:39
977,2.0-3.0,2.0,3.0,µm,0.8-1.0,0.8,1.0,µm,,0.0,,positive,133089,25250,1,,2017-08-25 07:29:39
978,1.0-1.4,1.0,1.4,µm,0.7-1.0,0.7,1.0,µm,rod-shaped,0.0,,negative,133383,25290,1,,2017-08-25 07:29:39
979,1.3-1.5,1.3,1.5,µm,0.7-1.0,0.7,1.0,µm,rod-shaped,0.0,,negative,133401,25266,1,,2017-08-25 07:29:39
980,1.2-1.5,1.2,1.5,µm,1.2-1.5,1.2,1.5,µm,coccus-shaped,0.0,,negative,133402,25264,1,,2017-08-25 07:29:39
981,0.5-1.1,0.5,1.1,µm,0.2-0.8,0.2,0.8,µm,coccus-shaped,0.0,,negative,133403,25280,1,,2017-08-25 07:29:39
982,1.0-1.3,1.0,1.3,µm,0.4-0.5,0.4,0.5,µm,rod-shaped,0.0,,negative,133404,25274,1,,2017-08-25 07:29:39
983,0.8-1.2,0.8,1.2,µm,0.4-0.5,0.4,0.5,µm,rod-shaped,1.0,,negative,133405,25276,1,,2017-08-25 07:29:39
984,0.4-4.0,0.4,4.0,µm,0.1-0.4,0.1,0.4,µm,rod-shaped,0.0,,negative,133406,25272,1,,2017-08-25 07:29:39
985,0.8-1.2,0.8,1.2,µm,0.3-0.4,0.3,0.4,µm,rod-shaped,0.0,,negative,133407,25278,1,,2017-08-25 07:29:39
986,0.889,0.89,0.89,µm,0.348,0.35,0.35,µm,rod-shaped,1.0,"monotrichous, polar",negative,133408,25279,1,,2017-08-25 07:29:39
987,1.0-1.8,1.0,1.8,µm,0.8-1.0,0.8,1.0,µm,rod-shaped,0.0,,negative,133409,25245,1,,2017-08-25 07:29:39
988,2.3,2.3,2.3,µm,0.5,0.5,0.5,µm,rod-shaped,1.0,polar,negative,133410,25275,1,,2017-08-25 07:29:39
989,1.3-2.0,1.3,2.0,µm,0.4-0.5,0.4,0.5,µm,rod-shaped,0.0,,negative,133411,25269,1,,2017-08-25 07:29:39
990,0.56,0.56,0.56,µm,0.35,0.35,0.35,µm,oval-shaped,0.0,,negative,133093,25270,1,,2017-08-25 07:29:39
991,2.0-10.0,2.0,10.0,µm,0.4-0.6,0.4,0.6,µm,rod-shaped,0.0,,negative,133412,25265,1,,2017-08-25 07:29:39
992,,,,,,,,,rod-shaped,,,positive,133110,25294,1,,2017-08-25 07:29:39
993,2.2-2.6,2.2,2.6,µm,0.6-0.8,0.6,0.8,µm,rod-shaped,0.0,,positive,133111,25308,1,,2017-08-25 07:29:39
994,,,,,,,,,,,,positive,133112,25292,1,,2017-08-25 07:29:39
995,1.2-3.5,1.2,3.5,µm,0.4-0.5,0.4,0.5,µm,rod-shaped,1.0,,positive,133099,25305,1,,2017-08-25 07:29:39
996,,,,,,,,,,0.0,,,133099,25305,1,,2017-08-25 07:29:39
997,1.0-1.2,1.0,1.2,µm,0.5,0.5,0.5,µm,rod-shaped,0.0,,negative,133113,25302,1,,2017-08-25 07:29:39
998,0.9-1.4,0.9,1.4,µm,0.4-0.5,0.4,0.5,µm,rod-shaped,0.0,,negative,133113,25302,1,,2017-08-25 07:29:39
999,1.0-1.3,1.0,1.3,µm,0.5,0.5,0.5,µm,rod-shaped,0.0,,negative,133113,25302,1,,2017-08-25 07:29:39
1000,1.2-1.6,1.2,1.6,µm,0.6,0.6,0.6,µm,rod-shaped,0.0,,negative,133113,25302,1,,2017-08-25 07:29:39
1001,0.5-10.0,0.5,10.0,µm,0.2-0.4,0.2,0.4,µm,rod-shaped,0.0,,negative,133117,25300,1,,2017-08-25 07:29:39
1002,2-6,2.0,6.0,µm,0.8-1,0.8,1.0,µm,rod-shaped,0.0,,negative,133118,25291,1,,2017-08-25 07:29:39
1003,0.8-1.0,0.8,1.0,µm,0.5-0.6,0.5,0.6,µm,rod-shaped,0.0,,negative,133318,25140,1,,2017-08-25 07:29:39
1004,0.5-1.2,0.5,1.2,µm,0.3-0.7,0.3,0.7,µm,rod-shaped,0.0,,negative,133319,25165,1,,2017-08-25 07:29:39
1005,,,,,,,,,rod-shaped,,,positive,133059,25142,1,,2017-08-25 07:29:39
1006,,,,,,,,,rod-shaped,1.0,polar,positive,133355,25174,1,,2017-08-25 07:29:39
1007,2,2.0,2.0,µm,0.8,0.8,0.8,µm,rod-shaped,1.0,,negative,133078,25198,1,,2017-08-25 07:29:39
1008,,,,,,,,,,,,positive,133356,25233,1,,2017-08-25 07:29:39
1009,2.0-2.5,2.0,2.5,µm,0.5-1.0,0.5,1.0,µm,rod-shaped,0.0,,negative,133359,25232,1,,2017-08-25 07:29:39
1010,1.7-1.9,1.7,1.9,µm,0.6-0.7,0.6,0.7,µm,rod-shaped,1.0,,negative,133360,25223,1,,2017-08-25 07:29:39
1011,1.6-2.0,1.6,2.0,µm,0.6-0.8,0.6,0.8,µm,rod-shaped,0.0,,negative,133361,25244,1,,2017-08-25 07:29:39
1012,0.5-10.0,0.5,10.0,µm,0.2-0.4,0.2,0.4,µm,rod-shaped,0.0,,negative,133362,25226,1,,2017-08-25 07:29:39
1013,2.6,2.6,2.6,µm,1,1.0,1.0,µm,rod-shaped,0.0,,negative,133364,25224,1,,2017-08-25 07:29:39
1014,1.1-2.0,1.1,2.0,µm,0.5-0.8,0.5,0.8,µm,rod-shaped,0.0,,negative,133363,25237,1,,2017-08-25 07:29:39
1015,1.2-1.8,1.2,1.8,µm,0.6-0.7,0.6,0.7,µm,rod-shaped,0.0,,negative,133365,25219,1,,2017-08-25 07:29:39
1016,1.8-2.8,1.8,2.8,µm,0.8-1.0,0.8,1.0,µm,rod-shaped,1.0,polar,negative,133085,25241,1,,2017-08-25 07:29:39
1017,1.5-2.1,1.5,2.1,µm,1.1-1.4,1.1,1.4,µm,rod-shaped,1.0,,negative,133086,25228,1,,2017-08-25 07:29:39
1018,1.0-1.3,1.0,1.3,µm,0.6-0.7,0.6,0.7,µm,rod-shaped,,,negative,133374,25242,1,,2017-08-25 07:29:39
1019,1.1-1.2,1.1,1.2,µm,0.6-0.8,0.6,0.8,µm,rod-shaped,0.0,,negative,133087,25218,1,,2017-08-25 07:29:39
1020,1.2-2.4,1.2,2.4,µm,0.1-0.3,0.1,0.3,µm,rod-shaped,1.0,polar,negative,133375,25216,1,,2017-08-25 07:29:39
1021,1.0-4.5,1.0,4.5,µm,0.3-0.5,0.3,0.5,µm,rod-shaped,1.0,polar,negative,133376,25243,1,,2017-08-25 07:29:39
1022,1.2-2.6,1.2,2.6,µm,0.5-0.9,0.5,0.9,µm,rod-shaped,1.0,polar,negative,133376,25243,1,,2017-08-25 07:29:39
1023,1.2-2.0,1.2,2.0,µm,0.2-0.4,0.2,0.4,µm,rod-shaped,0.0,,negative,133376,25243,1,,2017-08-25 07:29:39
1024,0.8-4.3,0.8,4.3,µm,0.3-0.6,0.3,0.6,µm,rod-shaped,0.0,,negative,133394,25271,1,,2017-08-25 07:29:39
1025,1.8-4.0,1.8,4.0,µm,0.4-0.5,0.4,0.5,µm,rod-shaped,0.0,,negative,133395,25263,1,,2017-08-25 07:29:39
1026,1.5-3.0,1.5,3.0,µm,0.4-1.0,0.4,1.0,µm,rod-shaped,0.0,,negative,133396,25254,1,,2017-08-25 07:29:39
1027,2.4-8.2,2.4,8.2,µm,0.4,0.4,0.4,µm,rod-shaped,0.0,,negative,133397,25249,1,,2017-08-25 07:29:39
1028,0.8-1.5,0.8,1.5,µm,0.4-0.5,0.4,0.5,µm,rod-shaped,0.0,,negative,133125,25248,1,,2017-08-25 07:29:39
1029,1.5-4.0,1.5,4.0,µm,0.2-0.8,0.2,0.8,µm,rod-shaped,1.0,peritrichous,positive,133398,25284,1,,2017-08-25 07:29:39
1030,,,,,1.2-1.5,1.2,1.5,µm,coccus-shaped,0.0,,positive,133399,25283,1,,2017-08-25 07:29:39
1031,1.3-3.5,1.3,3.5,µm,0.4-1.0,0.4,1.0,µm,rod-shaped,0.0,,positive,133090,25313,1,,2017-08-25 07:29:39
1032,1.1-3.6,1.1,3.6,µm,0.4-0.7,0.4,0.7,µm,rod-shaped,1.0,,positive,133088,25247,1,,2017-08-25 07:29:39
1033,,,,,,,,,rod-shaped,1.0,peritrichous,negative,133384,25257,1,,2017-08-25 07:29:39
1034,,,,,,,,,rod-shaped,,,negative,133413,25259,1,,2017-08-25 07:29:39
1035,5.1-5.6,5.1,5.6,µm,1.2-1.8,1.2,1.8,µm,rod-shaped,1.0,polar,negative,133414,25261,1,,2017-08-25 07:29:39
1036,2.5-4.5,2.5,4.5,µm,0.8-1.0,0.8,1.0,µm,rod-shaped,1.0,,negative,133415,25260,1,,2017-08-25 07:29:39
1037,,,,,1.0-1.3,1.0,1.3,µm,coccus-shaped,0.0,,negative,133416,25253,1,,2017-08-25 07:29:39
1038,3.3-5.5,3.3,5.5,µm,0.9-1.1,0.9,1.1,µm,rod-shaped,0.0,,negative,133417,25262,1,,2017-08-25 07:29:39
1039,,,,,0.6-2.7,0.6,2.7,µm,coccus-shaped,,,,133417,25262,1,,2017-08-25 07:29:39
1040,1.5-2.5,1.5,2.5,µm,0.5-1.0,0.5,1.0,µm,rod-shaped,1.0,polar,negative,133381,25256,1,,2017-08-25 07:29:39
1041,5,5.0,5.0,µm,1-2,1.0,2.0,µm,rod-shaped,1.0,polar,negative,271,25256,1,,2017-08-25 07:29:39
1042,2,2.0,2.0,µm,1,1.0,1.0,µm,rod-shaped,1.0,,negative,133380,25251,1,,2017-08-25 07:29:39
1043,1.5-3.5,1.5,3.5,µm,0.3-0.7,0.3,0.7,µm,rod-shaped,1.0,polar,,133379,25252,1,,2017-08-25 07:29:39
1044,,,,,,,,,,0.0,,positive,133101,25298,1,,2017-08-25 07:29:39
1045,1.0-1.4,1.0,1.4,µm,0.5-0.6,0.5,0.6,µm,rod-shaped,0.0,,positive,133102,25295,1,,2017-08-25 07:29:39
1046,0.7-1.0,0.7,1.0,µm,0.5-0.6,0.5,0.6,µm,rod-shaped,0.0,,positive,133103,25307,1,,2017-08-25 07:29:39
1047,0.7-2.0,0.7,2.0,µm,0.4-0.6,0.4,0.6,µm,rod-shaped,0.0,,positive,133104,25299,1,,2017-08-25 07:29:39
1048,,,,,,,,,coccus-shaped,,,,133104,25299,1,,2017-08-25 07:29:39
1049,,,,,,,,,,0.0,,positive,133105,25306,1,,2017-08-25 07:29:39
1050,,,,,,,,,rod-shaped,0.0,,positive,133106,25310,1,,2017-08-25 07:29:39
1051,,,,,,,,,coccus-shaped,0.0,,positive,133107,25293,1,,2017-08-25 07:29:39
1052,,,,,,,,,rod-shaped,,,,133107,25293,1,,2017-08-25 07:29:39
1053,,,,,,,,,,0.0,,positive,133108,25309,1,,2017-08-25 07:29:39
1054,,,,,,,,,,0.0,,positive,133109,25301,1,,2017-08-25 07:29:39
1055,,,,,,,,,rod-shaped,0.0,,negative,133119,25297,1,,2017-08-25 07:29:39
1056,2.6-3.1,2.6,3.1,µm,1.0-1.2,1.0,1.2,µm,rod-shaped,0.0,,negative,133120,25296,1,,2017-08-25 07:29:39
1057,0.8-2.0,0.8,2.0,µm,0.5-1.0,0.5,1.0,µm,rod-shaped,,,negative,133121,25311,1,,2017-08-25 07:29:39
1058,,,,,,,,,,0.0,,,133121,25311,1,,2017-08-25 07:29:39
1059,2.5-16.5,2.5,16.5,µm,0.3-0.6,0.3,0.6,µm,rod-shaped,0.0,,negative,133122,25304,1,,2017-08-25 07:29:39
1060,,,,,,,,,rod-shaped,0.0,,negative,133123,25303,1,,2017-08-25 07:29:39
2477,0.85,0.85,0.85,µm,0.45,0.45,0.45,µm,rod-shaped,1.0,,negative,14252,32024,1,,2017-12-01 12:54:15
2476,3,3.0,3.0,µm,0.25,0.25,0.25,µm,rod-shaped,1.0,,negative,134324,32436,1,,2017-12-01 12:54:15
2475,2.55,2.55,2.55,µm,0.3,0.3,0.3,µm,rod-shaped,1.0,gliding,negative,5729,31939,1,,2017-12-01 12:54:15
2474,04-05,4.0,5.0,µm,0.8-0.9,0.8,0.9,µm,rod-shaped,1.0,,positive,429,31943,1,,2017-12-01 12:54:15
2473,05-06,5.0,6.0,µm,0.7-0.8,0.7,0.8,µm,rod-shaped,1.0,,positive,432,31943,1,,2017-12-01 12:54:15
2472,04-05,4.0,5.0,µm,0.7-0.8,0.7,0.8,µm,rod-shaped,1.0,,positive,433,31943,1,,2017-12-01 12:54:15
2471,04-05,4.0,5.0,µm,0.6-0.7,0.6,0.7,µm,rod-shaped,1.0,,positive,431,31943,1,,2017-12-01 12:54:15
2470,04-05,4.0,5.0,µm,0.9-1,0.9,1.0,µm,rod-shaped,0.0,,positive,430,31943,1,,2017-12-01 12:54:15
2469,04-05,4.0,5.0,µm,0.6-0.7,0.6,0.7,µm,rod-shaped,1.0,,positive,428,31943,1,,2017-12-01 12:54:15
2468,,,,,,,,,,0.0,,,7796,32292,1,,2017-12-01 12:54:15
2467,02-04,2.0,4.0,µm,0.8,0.8,0.8,µm,rod-shaped,,,positive,6644,31901,1,,2017-12-01 12:54:15
2466,03-06,3.0,6.0,µm,0.8,0.8,0.8,µm,rod-shaped,0.0,,positive,6643,31901,1,,2017-12-01 12:54:15
2465,,,,,,,,,rod-shaped,1.0,,,17043,31912,1,,2017-12-01 12:54:15
2464,4.5,4.5,4.5,µm,1,1.0,1.0,µm,rod-shaped,1.0,,positive,1255,31929,1,,2017-12-01 12:54:15
2463,1.7-2.5,1.7,2.5,µm,0.8,0.8,0.8,µm,rod-shaped,0.0,,negative,12498,31881,1,,2017-12-01 12:54:15
2462,2.5,2.5,2.5,µm,0.45,0.45,0.45,µm,rod-shaped,0.0,,negative,134220,31925,1,,2017-12-01 12:54:15
2461,0.9-6,0.9,6.0,µm,0.4-0.6,0.4,0.6,µm,rod-shaped,1.0,gliding,negative,133569,29572,1,,2017-12-01 12:54:15
2460,2.5-4.1,2.5,4.1,µm,0.7-0.8,0.7,0.8,µm,rod-shaped,0.0,,negative,1622,32112,1,,2017-12-01 12:54:15
2459,,,,,0.675,0.68,0.68,µm,coccus-shaped,,,positive,14841,32255,1,,2017-12-01 12:54:15
2458,1.5,1.5,1.5,µm,0.55,0.55,0.55,µm,rod-shaped,0.0,,negative,23278,30596,1,,2017-12-01 12:54:15
2457,0.6-0.8,0.6,0.8,µm,0.6-0.8,0.6,0.8,µm,coccus-shaped,0.0,,positive,14432,32048,1,,2017-12-01 12:54:15
2456,01-02,1.0,2.0,µm,0.6-0.8,0.6,0.8,µm,rod-shaped,1.0,,negative,13786,31871,1,,2017-12-01 12:54:15
2455,22.5,22.5,22.5,µm,0.6,0.6,0.6,µm,rod-shaped,0.0,,negative,131161,32037,1,,2017-12-01 12:54:15
2454,1.0-2.5,1.0,2.5,µm,0.5-0.7,0.5,0.7,µm,rod-shaped,0.0,,negative,134215,31904,1,,2017-12-01 12:54:15
2453,3.0-5.0,3.0,5.0,µm,0.5-0.7,0.5,0.7,µm,rod-shaped,0.0,,negative,134214,31904,1,,2017-12-01 12:54:15
2452,2,2.0,2.0,µm,0.6,0.6,0.6,µm,rod-shaped,0.0,,negative,134228,31967,1,,2017-12-01 12:54:15
2451,3.5,3.5,3.5,µm,0.6,0.6,0.6,µm,rod-shaped,0.0,,negative,11666,31933,1,,2017-12-01 12:54:15
2450,1.0-2.0,1.0,2.0,µm,0.8-1,0.8,1.0,µm,rod-shaped,1.0,,negative,134355,32591,1,,2017-12-01 12:54:15
2449,1.75,1.75,1.75,µm,0.85,0.85,0.85,µm,rod-shaped,1.0,,negative,134209,31852,1,,2017-12-01 12:54:15
2448,3.55,3.55,3.55,µm,1.7,1.7,1.7,µm,rod-shaped,1.0,,negative,7187,32496,1,,2017-12-01 12:54:15
2447,3.3,3.3,3.3,µm,1.25,1.25,1.25,µm,ovoid-shaped,1.0,,negative,7191,32496,1,,2017-12-01 12:54:15
2446,3.6,3.6,3.6,µm,1.4,1.4,1.4,µm,ovoid-shaped,1.0,,negative,7190,32496,1,,2017-12-01 12:54:15
2445,1.5-2.5,1.5,2.5,µm,0.6-0.8,0.6,0.8,µm,rod-shaped,1.0,,negative,6115,31778,1,,2017-12-01 12:54:15
2444,02-40,2.0,40.0,µm,0.6-1,0.6,1.0,µm,rod-shaped,1.0,gliding,negative,24011,32110,1,,2017-12-01 12:54:15
2443,3,3.0,3.0,µm,0.8,0.8,0.8,µm,rod-shaped,0.0,,negative,134203,31830,1,,2017-12-01 12:54:15
2442,,,,,,,,,rod-shaped,,,negative,1562,29672,1,,2017-12-01 12:54:15
2441,,,,,,,,,,0.0,,positive,13266,32003,1,,2017-12-01 12:54:15
2440,,,,,,,,,,0.0,,positive,13265,32003,1,,2017-12-01 12:54:15
2439,,,,,,,,,rod-shaped,0.0,,positive,134301,32315,1,,2017-12-01 12:54:15
2438,,,,,,,,,rod-shaped,0.0,,positive,134300,32315,1,,2017-12-01 12:54:15
2437,,,,,,,,,rod-shaped,0.0,,positive,7518,32315,1,,2017-12-01 12:54:15
2436,,,,,,,,,rod-shaped,0.0,,positive,130419,32315,1,,2017-12-01 12:54:15
2435,1.0-1.5,1.0,1.5,µm,0.4-0.6,0.4,0.6,µm,rod-shaped,0.0,,negative,14248,31827,1,,2017-12-01 12:54:15
2434,,,,,,,,,rod-shaped,1.0,,positive,11622,31800,1,,2017-12-01 12:54:15
2433,3.25,3.25,3.25,µm,0.45,0.45,0.45,µm,rod-shaped,1.0,,negative,2232,32021,1,,2017-12-01 12:54:15
2432,3,3.0,3.0,µm,0.9,0.9,0.9,µm,rod-shaped,1.0,,negative,134242,32075,1,,2017-12-01 12:54:15
2431,1.9,1.9,1.9,µm,0.75,0.75,0.75,µm,rod-shaped,1.0,,negative,24491,32111,1,,2017-12-01 12:54:15
2430,01-03,1.0,3.0,µm,0.3-0.6,0.3,0.6,µm,rod-shaped,1.0,,negative,11909,31795,1,,2017-12-01 12:54:15
2429,1,1.0,1.0,µm,0.3,0.3,0.3,µm,rod-shaped,0.0,,positive,11119,29274,1,,2017-12-01 12:54:15
2428,0.5-1.2,0.5,1.2,µm,0.3-0.4,0.3,0.4,µm,coccus-shaped,0.0,,positive,11062,32044,1,,2017-12-01 12:54:15
2427,,,,,,,,,,,,positive,11078,29202,1,,2017-12-01 12:54:15
2426,,,,,0.5-0.8,0.5,0.8,µm,coccus-shaped,0.0,,positive,12626,31819,1,,2017-12-01 12:54:15
2425,,,,,,,,,,0.0,,positive,16414,30145,1,,2017-12-01 12:54:15
2424,1-1.5,1.0,1.5,µm,0.2-0.4,0.2,0.4,µm,rod-shaped,0.0,,positive,11061,31948,1,,2017-12-01 12:54:15
2423,4.5,4.5,4.5,µm,0.75,0.75,0.75,µm,rod-shaped,1.0,,positive,11646,29254,1,,2017-12-01 12:54:15
2422,1.4,1.4,1.4,µm,0.7,0.7,0.7,µm,,0.0,,negative,5701,31941,1,,2017-12-01 12:54:15
2421,4,4.0,4.0,µm,0.35,0.35,0.35,µm,rod-shaped,0.0,,negative,134309,32367,1,,2017-12-01 12:54:15
2420,2,2.0,2.0,µm,0.75,0.75,0.75,µm,rod-shaped,0.0,,negative,134222,31944,1,,2017-12-01 12:54:15
2419,1.5-2.1,1.5,2.1,µm,0.2-0.5,0.2,0.5,µm,rod-shaped,1.0,,negative,17455,31846,1,,2017-12-01 12:54:15
2418,,,,,,,,,rod-shaped,0.0,,negative,17497,28948,1,,2017-12-01 12:54:15
2417,1.05,1.05,1.05,µm,0.45,0.45,0.45,µm,rod-shaped,1.0,,negative,12716,32066,1,,2017-12-01 12:54:15
2416,3.25,3.25,3.25,µm,0.7,0.7,0.7,µm,rod-shaped,0.0,,negative,13942,29683,1,,2017-12-01 12:54:15
2415,1.3,1.3,1.3,µm,0.5,0.5,0.5,µm,rod-shaped,0.0,,negative,23277,30596,1,,2017-12-01 12:54:15
2414,03-06,3.0,6.0,µm,0.6-0.8,0.6,0.8,µm,rod-shaped,0.0,,negative,3778,31804,1,,2017-12-01 12:54:15
2413,2,2.0,2.0,µm,,,,,rod-shaped,0.0,,positive,14088,31958,1,,2017-12-01 12:54:15
2412,1.16,1.16,1.16,µm,0.33,0.33,0.33,µm,rod-shaped,0.0,,negative,12548,31995,1,,2017-12-01 12:54:15
2411,1.2,1.2,1.2,µm,0.5,0.5,0.5,µm,rod-shaped,0.0,,negative,13564,32136,1,,2017-12-01 12:54:15
2410,3.8,3.8,3.8,µm,0.7,0.7,0.7,µm,rod-shaped,0.0,,positive,1518,31809,1,,2017-12-01 12:54:15
2409,3.55,3.55,3.55,µm,0.85,0.85,0.85,µm,rod-shaped,0.0,,positive,1519,31809,1,,2017-12-01 12:54:15
2408,,,,,0.86,0.86,0.86,µm,coccus-shaped,,,positive,11054,31777,1,,2017-12-01 12:54:15
2407,1.6-4.2,1.6,4.2,µm,0.8-1.2,0.8,1.2,µm,rod-shaped,0.0,,negative,1612,31780,1,,2017-12-01 12:54:15
2406,2.5-6.0,2.5,6.0,µm,0.5,0.5,0.5,µm,rod-shaped,1.0,,negative,17691,31960,1,,2017-12-01 12:54:15
2405,,,,,,,,,rod-shaped,1.0,,negative,17412,31771,1,,2017-12-01 12:54:15
2404,,,,,,,,,rod-shaped,1.0,,negative,17413,31771,1,,2017-12-01 12:54:15
2403,2.75,2.75,2.75,µm,0.45,0.45,0.45,µm,rod-shaped,1.0,,,510,31898,1,,2017-12-01 12:54:15
2402,02-03,2.0,3.0,µm,0.3-0.4,0.3,0.4,µm,rod-shaped,0.0,,negative,10541,31197,1,,2017-12-01 12:54:15
2401,0.8-1.5,0.8,1.5,µm,0.6-0.9,0.6,0.9,µm,rod-shaped,0.0,,positive,8025,31682,1,,2017-12-01 12:54:15
2400,1.5-4.5,1.5,4.5,µm,0.8,0.8,0.8,µm,rod-shaped,0.0,,negative,1610,31702,1,,2017-12-01 12:54:15
2399,3.1,3.1,3.1,µm,0.5,0.5,0.5,µm,rod-shaped,1.0,,negative,2854,29002,1,,2017-12-01 12:54:15
2398,3.5,3.5,3.5,µm,0.7,0.7,0.7,µm,rod-shaped,0.0,,variable,17983,32052,1,,2017-12-01 12:54:15
2397,01-03,1.0,3.0,µm,0.5-1,0.5,1.0,µm,rod-shaped,1.0,,negative,14246,31688,1,,2017-12-01 12:54:15
2396,01-05,1.0,5.0,µm,0.8,0.8,0.8,µm,rod-shaped,0.0,,negative,1609,31621,1,,2017-12-01 12:54:15
2395,02-10,2.0,10.0,µm,0.7-1,0.7,1.0,µm,rod-shaped,0.0,,positive,5376,32473,1,,2017-12-01 12:54:15
2394,03-05,3.0,5.0,µm,0.5-0.7,0.5,0.7,µm,rod-shaped,0.0,,negative,134172,31683,1,,2017-12-01 12:54:15
2393,03-05,3.0,5.0,µm,0.5-0.7,0.5,0.7,µm,rod-shaped,0.0,,negative,134174,31687,1,,2017-12-01 12:54:15
2392,1-1.2,1.0,1.2,µm,0.5-0.7,0.5,0.7,µm,rod-shaped,1.0,,negative,134163,31629,1,,2017-12-01 12:54:15
2391,1.1,1.1,1.1,µm,0.6,0.6,0.6,µm,rod-shaped,1.0,,negative,134225,31955,1,,2017-12-01 12:54:15
2390,1.1,1.1,1.1,µm,0.6,0.6,0.6,µm,rod-shaped,1.0,,negative,134224,31955,1,,2017-12-01 12:54:15
2389,3,3.0,3.0,µm,0.5,0.5,0.5,µm,rod-shaped,1.0,,negative,134152,31557,1,,2017-12-01 12:54:15
2388,2.5-3,2.5,3.0,µm,0.8-1,0.8,1.0,µm,rod-shaped,1.0,,negative,14075,31747,1,,2017-12-01 12:54:15
2387,1,1.0,1.0,µm,0.35,0.35,0.35,µm,rod-shaped,0.0,,positive,10814,31946,1,,2017-12-01 12:54:15
2386,1.6-2,1.6,2.0,µm,0.6-0.8,0.6,0.8,µm,rod-shaped,1.0,,negative,1968,31652,1,,2017-12-01 12:54:15
2385,1.5-2,1.5,2.0,µm,0.5-0.7,0.5,0.7,µm,rod-shaped,1.0,,negative,134147,31534,1,,2017-12-01 12:54:15
2384,5.4,5.4,5.4,µm,0.8,0.8,0.8,µm,coccus-shaped,0.0,,negative,12543,31524,1,,2017-12-01 12:54:15
2383,,,,,,,,,rod-shaped,0.0,,positive,7857,31592,1,,2017-12-01 12:54:15
2382,2.5,2.5,2.5,µm,0.8,0.8,0.8,µm,rod-shaped,0.0,,negative,1608,31548,1,,2017-12-01 12:54:15
2381,3,3.0,3.0,µm,0.8,0.8,0.8,µm,rod-shaped,0.0,,negative,1607,31548,1,,2017-12-01 12:54:15
2380,2.5-4,2.5,4.0,µm,0.5-0.7,0.5,0.7,µm,rod-shaped,,,negative,134158,31579,1,,2017-12-01 12:54:15
2379,2.5-4,2.5,4.0,µm,0.5-0.7,0.5,0.7,µm,rod-shaped,,,negative,134157,31579,1,,2017-12-01 12:54:15
2378,2.5-4,2.5,4.0,µm,0.5-0.7,0.5,0.7,µm,rod-shaped,,,negative,134156,31579,1,,2017-12-01 12:54:15
2377,2.3,2.3,2.3,µm,0.35,0.35,0.35,µm,rod-shaped,0.0,,negative,17702,31966,1,,2017-12-01 12:54:15
2376,,,,,,,,,,,,positive,8016,29486,1,,2017-12-01 12:54:15
2375,,,,,,,,,,0.0,,positive,8012,32506,1,,2017-12-01 12:54:15
2374,,,,,,,,,rod-shaped,0.0,,negative,17667,32488,1,,2017-12-01 12:54:15
2373,1.65,1.65,1.65,µm,0.65,0.65,0.65,µm,rod-shaped,1.0,,negative,10501,31576,1,,2017-12-01 12:54:15
2372,2.75,2.75,2.75,µm,0.45,0.45,0.45,µm,rod-shaped,1.0,,positive,1544,32088,1,,2017-12-01 12:54:15
2371,1.2-1.5,1.2,1.5,µm,0.6-0.7,0.6,0.7,µm,rod-shaped,1.0,,positive,17628,31552,1,,2017-12-01 12:54:15
2370,1.4,1.4,1.4,µm,0.65,0.65,0.65,µm,rod-shaped,0.0,,positive,6282,31553,1,,2017-12-01 12:54:15
2369,1.25,1.25,1.25,µm,0.65,0.65,0.65,µm,rod-shaped,0.0,,negative,5678,31499,1,,2017-12-01 12:54:15
2368,01-03,1.0,3.0,µm,0.3-0.5,0.3,0.5,µm,rod-shaped,0.0,,negative,134180,31718,1,,2017-12-01 12:54:15
2367,3.5,3.5,3.5,µm,0.5,0.5,0.5,µm,rod-shaped,1.0,,negative,13124,31448,1,,2017-12-01 12:54:15
2366,1.3-2.7,1.3,2.7,µm,0.5-0.7,0.5,0.7,µm,rod-shaped,1.0,,positive,134116,31409,1,,2017-12-01 12:54:15
2365,2.75,2.75,2.75,µm,0.8,0.8,0.8,µm,rod-shaped,0.0,,positive,1259,31410,1,,2017-12-01 12:54:15
2364,1.25,1.25,1.25,µm,0.5,0.5,0.5,µm,rod-shaped,1.0,,positive,134115,31406,1,,2017-12-01 12:54:15
2363,1.25,1.25,1.25,µm,0.75,0.75,0.75,µm,rod-shaped,0.0,,negative,134117,31414,1,,2017-12-01 12:54:15
2362,0.8-1.7,0.8,1.7,µm,0.4-0.8,0.4,0.8,µm,rod-shaped,0.0,,positive,10806,31583,1,,2017-12-01 12:54:15
2361,6.75,6.75,6.75,µm,0.7,0.7,0.7,µm,rod-shaped,1.0,,positive,2870,32434,1,,2017-12-01 12:54:15
2360,3.5,3.5,3.5,µm,0.45,0.45,0.45,µm,rod-shaped,0.0,,variable,2853,29002,1,,2017-12-01 12:54:15
2359,1,1.0,1.0,µm,0.65,0.65,0.65,µm,rod-shaped,0.0,,negative,134263,32195,1,,2017-12-01 12:54:15
2358,3.25,3.25,3.25,µm,1,1.0,1.0,µm,spiral-shaped,1.0,,,134118,31421,1,,2017-12-01 12:54:15
2357,1.25,1.25,1.25,µm,0.75,0.75,0.75,µm,rod-shaped,,,positive,13493,32294,1,,2017-12-01 12:54:15
2356,4.1,4.1,4.1,µm,0.65,0.65,0.65,µm,rod-shaped,0.0,,negative,12540,31388,1,,2017-12-01 12:54:15
2355,,,,,1.1,1.1,1.1,µm,rod-shaped,0.0,,positive,17637,32161,1,,2017-12-01 12:54:15
2354,2.55,2.55,2.55,µm,1.5,1.5,1.5,µm,rod-shaped,1.0,,variable,11608,31377,1,,2017-12-01 12:54:15
2353,0.5-1,0.5,1.0,µm,0.2-0.3,0.2,0.3,µm,rod-shaped,0.0,,negative,134199,31808,1,,2017-12-01 12:54:15
2352,1.1,1.1,1.1,µm,0.525,0.52,0.52,µm,rod-shaped,0.0,,negative,5754,32223,1,,2017-12-01 12:54:15
2351,1.2-8,1.2,8.0,µm,0.8-1.3,0.8,1.3,µm,rod-shaped,1.0,,negative,13736,31604,1,,2017-12-01 12:54:15
2350,3.4,3.4,3.4,µm,1.1,1.1,1.1,µm,rod-shaped,1.0,,negative,7186,32496,1,,2017-12-01 12:54:15
2349,2.5,2.5,2.5,µm,0.6,0.6,0.6,µm,rod-shaped,0.0,,negative,10423,31405,1,,2017-12-01 12:54:15
2348,2.5,2.5,2.5,µm,0.8,0.8,0.8,µm,rod-shaped,0.0,,negative,10424,31405,1,,2017-12-01 12:54:15
2347,2,2.0,2.0,µm,0.5,0.5,0.5,µm,rod-shaped,1.0,,negative,10425,31340,1,,2017-12-01 12:54:15
2346,2,2.0,2.0,µm,0.7,0.7,0.7,µm,rod-shaped,1.0,,negative,10422,31331,1,,2017-12-01 12:54:15
2345,0.85,0.85,0.85,µm,0.6,0.6,0.6,µm,ovoid-shaped,0.0,,negative,133474,29108,1,,2017-12-01 12:54:15
2344,,,,,,,,,rod-shaped,0.0,,positive,2371,31943,1,,2017-12-01 12:54:15
2343,1,1.0,1.0,µm,1,1.0,1.0,µm,rod-shaped,0.0,,negative,14245,31577,1,,2017-12-01 12:54:15
2342,1.6-2.3,1.6,2.3,µm,0.7-1.1,0.7,1.1,µm,rod-shaped,1.0,,negative,134168,31671,1,,2017-12-01 12:54:15
2341,1.5,1.5,1.5,µm,0.85,0.85,0.85,µm,rod-shaped,0.0,,negative,2343,31497,1,,2017-12-01 12:54:15
2340,1.5-2,1.5,2.0,µm,0.5-0.8,0.5,0.8,µm,rod-shaped,1.0,,negative,17491,31643,1,,2017-12-01 12:54:15
2339,1.15,1.15,1.15,µm,0.55,0.55,0.55,µm,rod-shaped,1.0,,negative,11930,31316,1,,2017-12-01 12:54:15
2338,0.5-1.1,0.5,1.1,µm,0.3-0.5,0.3,0.5,µm,rod-shaped,0.0,,positive,10613,31693,1,,2017-12-01 12:54:15
2337,0.5-2.1,0.5,2.1,µm,0.3-0.6,0.3,0.6,µm,rod-shaped,0.0,,positive,10611,31693,1,,2017-12-01 12:54:15
2336,2,2.0,2.0,µm,0.85,0.85,0.85,µm,rod-shaped,0.0,,negative,17853,32372,1,,2017-12-01 12:54:15
2335,3,3.0,3.0,µm,0.75,0.75,0.75,µm,rod-shaped,0.0,,negative,7226,31363,1,,2017-12-01 12:54:15
2334,5,5.0,5.0,µm,0.55,0.55,0.55,µm,rod-shaped,0.0,,negative,467,32443,1,,2017-12-01 12:54:15
2333,,,,,,,,,rod-shaped,0.0,,positive,10780,31274,1,,2017-12-01 12:54:15
2332,1.25,1.25,1.25,µm,0.7,0.7,0.7,µm,rod-shaped,1.0,,positive,6621,31301,1,,2017-12-01 12:54:15
2331,3,3.0,3.0,µm,1,1.0,1.0,µm,rod-shaped,0.0,,positive,11836,32076,1,,2017-12-01 12:54:15
2330,3.75,3.75,3.75,µm,0.45,0.45,0.45,µm,rod-shaped,0.0,,positive,134103,31308,1,,2017-12-01 12:54:15
2329,1.5-3,1.5,3.0,µm,0.3-0.5,0.3,0.5,µm,rod-shaped,0.0,,negative,7227,31419,1,,2017-12-01 12:54:15
2328,2.25,2.25,2.25,µm,2.25,2.25,2.25,µm,,0.0,,positive,10799,31312,1,,2017-12-01 12:54:15
2327,1.5,1.5,1.5,µm,0.45,0.45,0.45,µm,rod-shaped,1.0,,negative,13125,31271,1,,2017-12-01 12:54:15
2326,2.25,2.25,2.25,µm,0.4,0.4,0.4,µm,rod-shaped,1.0,,negative,3250,31262,1,,2017-12-01 12:54:15
2325,4,4.0,4.0,µm,0.5,0.5,0.5,µm,rod-shaped,1.0,,negative,466,32443,1,,2017-12-01 12:54:15
2324,2.5-3.1,2.5,3.1,µm,0.6-0.8,0.6,0.8,µm,coccus-shaped,0.0,,positive,10610,31314,1,,2017-12-01 12:54:15
2323,1.3,1.3,1.3,µm,0.45,0.45,0.45,µm,,1.0,gliding,negative,134091,31228,1,,2017-12-01 12:54:15
2322,1.3,1.3,1.3,µm,0.45,0.45,0.45,µm,,1.0,gliding,negative,134090,31228,1,,2017-12-01 12:54:15
2321,1.3,1.3,1.3,µm,0.45,0.45,0.45,µm,,1.0,gliding,negative,134089,31228,1,,2017-12-01 12:54:15
2320,1.75,1.75,1.75,µm,0.65,0.65,0.65,µm,rod-shaped,1.0,,negative,133693,30175,1,,2017-12-01 12:54:15
2319,2,2.0,2.0,µm,0.3,0.3,0.3,µm,rod-shaped,1.0,,negative,509,30178,1,,2017-12-01 12:54:15
2318,1.5,1.5,1.5,µm,0.65,0.65,0.65,µm,rod-shaped,1.0,,negative,134113,31398,1,,2017-12-01 12:54:15
2317,4,4.0,4.0,µm,0.6,0.6,0.6,µm,rod-shaped,0.0,,negative,5641,30140,1,,2017-12-01 12:54:15
2316,,,,,,,,,,,,positive,16582,30134,1,,2017-12-01 12:54:15
2315,2.15,2.15,2.15,µm,1.2,1.2,1.2,µm,rod-shaped,1.0,,negative,4015,32038,1,,2017-12-01 12:54:15
2314,2.5,2.5,2.5,µm,0.85,0.85,0.85,µm,rod-shaped,1.0,,negative,3998,32320,1,,2017-12-01 12:54:15
2313,1.2,1.2,1.2,µm,0.4,0.4,0.4,µm,rod-shaped,1.0,,negative,17453,31351,1,,2017-12-01 12:54:15
2312,3.3,3.3,3.3,µm,0.5,0.5,0.5,µm,rod-shaped,0.0,,positive,557,30055,1,,2017-12-01 12:54:15
2311,1.25,1.25,1.25,µm,0.65,0.65,0.65,µm,rod-shaped,0.0,,negative,12538,30045,1,,2017-12-01 12:54:15
2310,9.15,9.15,9.15,µm,0.65,0.65,0.65,µm,rod-shaped,0.0,,negative,12539,30045,1,,2017-12-01 12:54:15
2309,0.4,0.4,0.4,µm,0.33,0.33,0.33,µm,rod-shaped,0.0,,positive,10787,31219,1,,2017-12-01 12:54:15
2308,1.35,1.35,1.35,µm,0.4,0.4,0.4,µm,rod-shaped,0.0,,positive,10786,31219,1,,2017-12-01 12:54:15
2307,1.5,1.5,1.5,µm,0.7,0.7,0.7,µm,rod-shaped,0.0,,positive,10778,31216,1,,2017-12-01 12:54:15
2306,1.35,1.35,1.35,µm,0.6,0.6,0.6,µm,rod-shaped,0.0,,positive,10777,31216,1,,2017-12-01 12:54:15
2305,3.75,3.75,3.75,µm,0.8,0.8,0.8,µm,rod-shaped,1.0,,positive,1325,30050,1,,2017-12-01 12:54:15
2304,0.5-1,0.5,1.0,µm,0.3-0.4,0.3,0.4,µm,rod-shaped,0.0,,positive,7795,31699,1,,2017-12-01 12:54:15
2303,,,,,,,,,,0.0,,positive,7982,31287,1,,2017-12-01 12:54:15
2302,1.5-10,1.5,10.0,µm,0.6-0.8,0.6,0.8,µm,rod-shaped,0.0,,negative,16798,31717,1,,2017-12-01 12:54:15
2301,1.2,1.2,1.2,µm,0.65,0.65,0.65,µm,rod-shaped,1.0,,positive,18115,31250,1,,2017-12-01 12:54:15
2300,2.85,2.85,2.85,µm,0.4,0.4,0.4,µm,rod-shaped,1.0,,negative,134283,32259,1,,2017-12-01 12:54:15
2299,1.5-3.5,1.5,3.5,µm,0.7-1,0.7,1.0,µm,rod-shaped,1.0,,,17640,29984,1,,2017-12-01 12:54:15
2298,1.75,1.75,1.75,µm,0.8,0.8,0.8,µm,rod-shaped,1.0,,negative,133653,29949,1,,2017-12-01 12:54:15
2297,,,,,,,,,rod-shaped,0.0,,negative,13655,30689,1,,2017-12-01 12:54:15
2296,1.65,1.65,1.65,µm,0.7,0.7,0.7,µm,rod-shaped,0.0,,negative,13655,29963,1,,2017-12-01 12:54:15
2295,4,4.0,4.0,µm,0.6,0.6,0.6,µm,rod-shaped,1.0,gliding,negative,133654,29950,1,,2017-12-01 12:54:15
2294,2.5,2.5,2.5,µm,0.75,0.75,0.75,µm,rod-shaped,1.0,,positive,1258,30062,1,,2017-12-01 12:54:15
2293,2.5-7.5,2.5,7.5,µm,0.1-0.2,0.1,0.2,µm,coccus-shaped,1.0,,negative,11279,29973,1,,2017-12-01 12:54:15
2292,,,,,,,,,coccus-shaped,1.0,,positive,22988,30821,1,,2017-12-01 12:54:15
2291,2-2.5,2.0,2.5,µm,0.8-1,0.8,1.0,µm,rod-shaped,1.0,,negative,14076,31747,1,,2017-12-01 12:54:15
2290,3.2-4,3.2,4.0,µm,0.4-0.6,0.4,0.6,µm,rod-shaped,1.0,,negative,14077,31747,1,,2017-12-01 12:54:15
2289,1.5-2,1.5,2.0,µm,0.8-1,0.8,1.0,µm,rod-shaped,1.0,,negative,134244,32081,1,,2017-12-01 12:54:15
2288,2.0-4.0,2.0,4.0,µm,0.8-1,0.8,1.0,µm,rod-shaped,1.0,,negative,133697,30190,1,,2017-12-01 12:54:15
2287,2.3,2.3,2.3,µm,0.7,0.7,0.7,µm,rod-shaped,1.0,,negative,11366,30000,1,,2017-12-01 12:54:15
2286,,,,,,,,,,0.0,,positive,10775,29922,1,,2017-12-01 12:54:15
2285,,,,,,,,,rod-shaped,0.0,,positive,10784,29989,1,,2017-12-01 12:54:15
2284,,,,,,,,,rod-shaped,0.0,,positive,10785,29989,1,,2017-12-01 12:54:15
2283,,,,,,,,,rod-shaped,0.0,,positive,10782,29989,1,,2017-12-01 12:54:15
2282,0.5-1.2,0.5,1.2,µm,0.4-0.8,0.4,0.8,µm,ovoid-shaped,0.0,,negative,6117,30186,1,,2017-12-01 12:54:15
2281,,,,,,,,,,,,positive,16752,31346,1,,2017-12-01 12:54:15
2280,,,,,,,,,,,,positive,16751,31346,1,,2017-12-01 12:54:15
2279,2.0-3.0,2.0,3.0,µm,0.8-1.0,0.8,1.0,µm,rod-shaped,1.0,,negative,6190,28878,1,,2017-12-01 12:54:15
2278,1.25,1.25,1.25,µm,1.25,1.25,1.25,µm,coccus-shaped,0.0,,,3894,29176,1,,2017-12-01 12:54:15
2277,,,,,1.25,1.25,1.25,µm,coccus-shaped,0.0,,,3896,29323,1,,2017-12-01 12:54:15
2276,2.1,2.1,2.1,µm,0.3,0.3,0.3,µm,rod-shaped,1.0,gliding,negative,23028,29017,1,,2017-12-01 12:54:15
2275,,,,,0.3-0.7,0.3,0.7,µm,rod-shaped,1.0,,negative,14293,31549,1,,2017-12-01 12:54:15
2274,1.3-1.7,1.3,1.7,µm,0.5-0.6,0.5,0.6,µm,rod-shaped,0.0,,negative,12496,31612,1,,2017-12-01 12:54:15
2273,1.7,1.7,1.7,µm,0.75,0.75,0.75,µm,rod-shaped,0.0,,negative,12558,32071,1,,2017-12-01 12:54:15
2272,1.7,1.7,1.7,µm,0.8,0.8,0.8,µm,rod-shaped,1.0,,negative,133657,29979,1,,2017-12-01 12:54:15
2271,2.5,2.5,2.5,µm,0.5,0.5,0.5,µm,rod-shaped,,,negative,14232,30014,1,,2017-12-01 12:54:15
2270,2.75,2.75,2.75,µm,0.5,0.5,0.5,µm,rod-shaped,1.0,,negative,2310,30014,1,,2017-12-01 12:54:15
2269,,,,,,,,,coccus-shaped,,,positive,11030,30012,1,,2017-12-01 12:54:15
2268,,,,,,,,,coccus-shaped,,,positive,7780,30012,1,,2017-12-01 12:54:15
2267,2.45,2.45,2.45,µm,0.7,0.7,0.7,µm,rod-shaped,0.0,,positive,7589,30012,1,,2017-12-01 12:54:15
2266,0.95,0.95,0.95,µm,0.83,0.83,0.83,µm,rod-shaped,0.0,,negative,12547,31995,1,,2017-12-01 12:54:15
2265,1.6-10,1.6,10.0,µm,0.5-0.8,0.5,0.8,µm,rod-shaped,0.0,,negative,13829,29786,1,,2017-12-01 12:54:15
2264,1.5,1.5,1.5,µm,0.4,0.4,0.4,µm,rod-shaped,1.0,,negative,6112,31300,1,,2017-12-01 12:54:15
2263,4.5,4.5,4.5,µm,0.7,0.7,0.7,µm,rod-shaped,1.0,,variable,1222,31483,1,,2017-12-01 12:54:15
2262,1.75,1.75,1.75,µm,0.65,0.65,0.65,µm,rod-shaped,1.0,,positive,1240,31483,1,,2017-12-01 12:54:15
2261,4,4.0,4.0,µm,0.4,0.4,0.4,µm,rod-shaped,1.0,,variable,1241,31483,1,,2017-12-01 12:54:15
2260,3.75,3.75,3.75,µm,0.6,0.6,0.6,µm,rod-shaped,,,variable,782,30816,1,,2017-12-01 12:54:15
2259,1.4,1.4,1.4,µm,0.7,0.7,0.7,µm,,0.0,,positive,16401,29930,1,,2017-12-01 12:54:15
2258,1.75,1.75,1.75,µm,1.3,1.3,1.3,µm,rod-shaped,1.0,,negative,23016,30332,1,,2017-12-01 12:54:15
2257,1.75,1.75,1.75,µm,0.7,0.7,0.7,µm,rod-shaped,1.0,,negative,13921,28891,1,,2017-12-01 12:54:15
2256,03-07,3.0,7.0,µm,0.3-0.4,0.3,0.4,µm,rod-shaped,0.0,,negative,10540,31197,1,,2017-12-01 12:54:15
2255,1.25,1.25,1.25,µm,0.5,0.5,0.5,µm,rod-shaped,0.0,,negative,14240,30117,1,,2017-12-01 12:54:15
2254,2.25,2.25,2.25,µm,0.35,0.35,0.35,µm,rod-shaped,0.0,,positive,7478,29956,1,,2017-12-01 12:54:15
2253,0.8,0.8,0.8,µm,0.35,0.35,0.35,µm,rod-shaped,0.0,,positive,7349,29956,1,,2017-12-01 12:54:15
2252,0.8,0.8,0.8,µm,0.35,0.35,0.35,µm,rod-shaped,0.0,,positive,7476,29956,1,,2017-12-01 12:54:15
2251,0.8,0.8,0.8,µm,0.35,0.35,0.35,µm,rod-shaped,0.0,,positive,7477,29956,1,,2017-12-01 12:54:15
2250,,,,,,,,,rod-shaped,0.0,,positive,17374,29972,1,,2017-12-01 12:54:15
2249,1.2,1.2,1.2,µm,0.6,0.6,0.6,µm,rod-shaped,1.0,,negative,17505,29999,1,,2017-12-01 12:54:15
2248,3,3.0,3.0,µm,0.85,0.85,0.85,µm,rod-shaped,1.0,,negative,134139,31467,1,,2017-12-01 12:54:15
2247,1.3,1.3,1.3,µm,0.75,0.75,0.75,µm,rod-shaped,1.0,,negative,6042,30101,1,,2017-12-01 12:54:15
2246,,,,,,,,,coccus-shaped,0.0,,positive,5259,30079,1,,2017-12-01 12:54:15
2245,,,,,,,,,rod-shaped,,,,134025,31080,1,,2017-12-01 12:54:15
2244,,,,,,,,,rod-shaped,0.0,,positive,134051,31141,1,,2017-12-01 12:54:15
2243,3.5,3.5,3.5,µm,3.25,3.25,3.25,µm,coccus-shaped,1.0,,negative,24761,31063,1,,2017-12-01 12:54:15
2242,,,,,,,,,,,,negative,5209,30356,1,,2017-12-01 12:54:15
2241,0.9-6.5,0.9,6.5,µm,0.4-0.7,0.4,0.7,µm,ovoid-shaped,1.0,,negative,24498,30249,1,,2017-12-01 12:54:15
2240,0.85,0.85,0.85,µm,0.35,0.35,0.35,µm,rod-shaped,1.0,gliding,positive,133745,30379,1,,2017-12-01 12:54:15
2239,1.8,1.8,1.8,µm,0.4,0.4,0.4,µm,rod-shaped,0.0,,positive,11157,30466,1,,2017-12-01 12:54:15
2238,1.2-2.5,1.2,2.5,µm,0.5-0.9,0.5,0.9,µm,rod-shaped,1.0,,positive,1317,30213,1,,2017-12-01 12:54:15
2237,,,,,,,,,rod-shaped,0.0,,negative,133681,30133,1,,2017-12-01 12:54:15
2236,,,,,,,,,,0.0,,positive,11083,30314,1,,2017-12-01 12:54:15
2235,1.5,1.5,1.5,µm,0.55,0.55,0.55,µm,rod-shaped,0.0,,negative,14272,30380,1,,2017-12-01 12:54:15
2234,,,,,1.5,1.5,1.5,µm,coccus-shaped,0.0,,positive,24610,31158,1,,2017-12-01 12:54:15
2233,7-25,7.0,25.0,µm,0.4-0.5,0.4,0.5,µm,rod-shaped,1.0,,negative,24171,31177,1,,2017-12-01 12:54:15
2232,1.5-4.0,1.5,4.0,µm,0.3,0.3,0.3,µm,rod-shaped,0.0,,negative,133673,30061,1,,2017-12-01 12:54:15
2231,1.3-1.8,1.3,1.8,µm,0.6-1,0.6,1.0,µm,rod-shaped,0.0,,positive,1872,29758,1,,2017-12-01 12:54:15
2230,1.0-2.0,1.0,2.0,µm,0.5-1.0,0.5,1.0,µm,ovoid-shaped,1.0,,negative,133680,30130,1,,2017-12-01 12:54:15
2229,2-2.5,2.0,2.5,µm,01-02,1.0,2.0,µm,ovoid-shaped,1.0,,negative,130749,29747,1,,2017-12-01 12:54:15
2228,1.6-4.2,1.6,4.2,µm,0.8-1.1,0.8,1.1,µm,rod-shaped,0.0,,negative,7204,29689,1,,2017-12-01 12:54:15
2227,,,,,,,,,rod-shaped,0.0,,positive,13515,29676,1,,2017-12-01 12:54:15
2226,1.55,1.55,1.55,µm,0.8,0.8,0.8,µm,rod-shaped,1.0,,negative,390,30451,1,,2017-12-01 12:54:15
2225,15,15.0,15.0,µm,1,1.0,1.0,µm,rod-shaped,,,negative,17074,30336,1,,2017-12-01 12:54:15
2224,1.4,1.4,1.4,µm,0.7,0.7,0.7,µm,rod-shaped,0.0,,,13752,30441,1,,2017-12-01 12:54:15
2223,2-2.5,2.0,2.5,µm,0.5-1,0.5,1.0,µm,,1.0,,negative,13843,30217,1,,2017-12-01 12:54:15
2222,,,,,,,,,,0.0,,positive,16497,30450,1,,2017-12-01 12:54:15
2221,5.5,5.5,5.5,µm,0.4,0.4,0.4,µm,rod-shaped,0.0,,negative,133772,30461,1,,2017-12-01 12:54:15
2220,0.59-2.07,0.59,2.07,µm,,,,,rod-shaped,0.0,,positive,6700,30008,1,,2017-12-01 12:54:15
2219,2.75,2.75,2.75,µm,0.9,0.9,0.9,µm,rod-shaped,1.0,,,133647,29925,1,,2017-12-01 12:54:15
2218,,,,,,,,,ovoid-shaped,0.0,,positive,12630,29751,1,,2017-12-01 12:54:15
2217,1.4-5,1.4,5.0,µm,0.4,0.4,0.4,µm,rod-shaped,0.0,,negative,133614,29783,1,,2017-12-01 12:54:15
2216,02-40,2.0,40.0,µm,0.3-0.5,0.3,0.5,µm,rod-shaped,1.0,gliding,negative,133642,29898,1,,2017-12-01 12:54:15
2215,,,,,,,,,rod-shaped,1.0,,negative,22944,29668,1,,2017-12-01 12:54:15
2214,2,2.0,2.0,µm,1,1.0,1.0,µm,rod-shaped,0.0,,negative,1674,29647,1,,2017-12-01 12:54:15
2213,2,2.0,2.0,µm,1,1.0,1.0,µm,rod-shaped,0.0,,negative,23025,29605,1,,2017-12-01 12:54:15
2212,2.25,2.25,2.25,µm,0.55,0.55,0.55,µm,rod-shaped,0.0,,negative,133802,30554,1,,2017-12-01 12:54:15
2211,,,,,1-1.5,1.0,1.5,µm,coccus-shaped,,,negative,8175,29594,1,,2017-12-01 12:54:15
2210,,,,,,,,,rod-shaped,0.0,,positive,17001,29637,1,,2017-12-01 12:54:15
2209,2,2.0,2.0,µm,0.5,0.5,0.5,µm,rod-shaped,1.0,,variable,133505,29222,1,,2017-12-01 12:54:15
2208,04-12,4.0,12.0,µm,0.2-0.3,0.2,0.3,µm,rod-shaped,1.0,,,18091,29595,1,,2017-12-01 12:54:15
2207,1-2.5,1.0,2.5,µm,1-2.5,1.0,2.5,µm,rod-shaped,0.0,,negative,17874,29550,1,,2017-12-01 12:54:15
2206,2-2.5,2.0,2.5,µm,1-1.2,1.0,1.2,µm,rod-shaped,1.0,,positive,7878,29586,1,,2017-12-01 12:54:15
2205,1.3-3,1.3,3.0,µm,1.1-1.5,1.1,1.5,µm,rod-shaped,1.0,,negative,11336,29541,1,,2017-12-01 12:54:15
2204,1.5-1.8,1.5,1.8,µm,0.6-1.2,0.6,1.2,µm,rod-shaped,1.0,,negative,17353,29589,1,,2017-12-01 12:54:15
2203,0.9-5,0.9,5.0,µm,0.6-0.7,0.6,0.7,µm,rod-shaped,0.0,,negative,12566,29517,1,,2017-12-01 12:54:15
2202,2.5,2.5,2.5,µm,0.25,0.25,0.25,µm,rod-shaped,1.0,,positive,133658,29982,1,,2017-12-01 12:54:15
2201,0.7-1.4,0.7,1.4,µm,0.3,0.3,0.3,µm,rod-shaped,0.0,,negative,133584,29656,1,,2017-12-01 12:54:15
2200,1.4-3.5,1.4,3.5,µm,0.4-0.5,0.4,0.5,µm,rod-shaped,1.0,gliding,negative,5715,29440,1,,2017-12-01 12:54:15
2199,1.4-3.5,1.4,3.5,µm,0.5-0.8,0.5,0.8,µm,rod-shaped,0.0,,negative,6085,29472,1,,2017-12-01 12:54:15
2198,0.5-1.7,0.5,1.7,µm,0.3-0.5,0.3,0.5,µm,rod-shaped,0.0,,negative,133552,29483,1,,2017-12-01 12:54:15
2197,,,,,,,,,,,,positive,194,29557,1,,2017-12-01 12:54:15
2196,,,,,1.25,1.25,1.25,µm,coccus-shaped,0.0,,positive,7665,29503,1,,2017-12-01 12:54:15
2195,2.3,2.3,2.3,µm,0.5,0.5,0.5,µm,rod-shaped,1.0,,negative,17523,29719,1,,2017-12-01 12:54:15
2194,1.3,1.3,1.3,µm,0.5,0.5,0.5,µm,rod-shaped,0.0,,negative,2904,29733,1,,2017-12-01 12:54:15
2193,,,,,0.3,0.3,0.3,µm,rod-shaped,1.0,,negative,14285,29436,1,,2017-12-01 12:54:15
2192,2.5-4,2.5,4.0,µm,0.7-0.8,0.7,0.8,µm,rod-shaped,1.0,,negative,14084,29450,1,,2017-12-01 12:54:15
2191,,,,,0.8-1.3,0.8,1.3,µm,coccus-shaped,0.0,,variable,133550,29481,1,,2017-12-01 12:54:15
2190,,,,,,,,,,0.0,,positive,13271,29606,1,,2017-12-01 12:54:15
2189,1.3-1.7,1.3,1.7,µm,0.1-0.2,0.1,0.2,µm,rod-shaped,0.0,,positive,7480,29545,1,,2017-12-01 12:54:15
2188,0.8-1.2,0.8,1.2,µm,,,,,spiral-shaped,,,positive,16471,29538,1,,2017-12-01 12:54:15
2187,0.6-1,0.6,1.0,µm,0.3-0.5,0.3,0.5,µm,rod-shaped,1.0,,negative,133612,29763,1,,2017-12-01 12:54:15
2186,,,,,,,,,,0.0,,positive,13321,29336,1,,2017-12-01 12:54:15
2185,,,,,,,,,,0.0,,positive,13319,29336,1,,2017-12-01 12:54:15
2184,1.5-2.2,1.5,2.2,µm,0.5-0.8,0.5,0.8,µm,rod-shaped,1.0,,negative,5453,29674,1,,2017-12-01 12:54:15
2183,3.0-8.0,3.0,8.0,µm,0.6-1,0.6,1.0,µm,rod-shaped,1.0,,positive,23771,31140,1,,2017-12-01 12:54:15
2182,0.8-1,0.8,1.0,µm,0.4-0.5,0.4,0.5,µm,rod-shaped,0.0,,positive,24181,29443,1,,2017-12-01 12:54:15
2181,,,,,0.6-0.7,0.6,0.7,µm,coccus-shaped,0.0,,positive,24203,29443,1,,2017-12-01 12:54:15
2180,01-02,1.0,2.0,µm,0.5-0.8,0.5,0.8,µm,rod-shaped,1.0,,negative,12702,29639,1,,2017-12-01 12:54:15
2179,1.2-3.5,1.2,3.5,µm,0.3-0.7,0.3,0.7,µm,rod-shaped,1.0,,positive,23755,29625,1,,2017-12-01 12:54:15
2178,1.15,1.15,1.15,µm,0.55,0.55,0.55,µm,rod-shaped,0.0,,negative,14196,29261,1,,2017-12-01 12:54:15
2177,1.72,1.72,1.72,µm,0.425,0.42,0.42,µm,rod-shaped,1.0,gliding,negative,133518,29264,1,,2017-12-01 12:54:15
2176,3,3.0,3.0,µm,0.3,0.3,0.3,µm,rod-shaped,1.0,,variable,1491,29263,1,,2017-12-01 12:54:15
2175,1.8-3,1.8,3.0,µm,0.3-0.5,0.3,0.5,µm,rod-shaped,0.0,,negative,133610,29755,1,,2017-12-01 12:54:15
2174,2.5,2.5,2.5,µm,0.6,0.6,0.6,µm,rod-shaped,1.0,,positive,133636,29871,1,,2017-12-01 12:54:15
2173,1.3-2.7,1.3,2.7,µm,0.3-0.4,0.3,0.4,µm,rod-shaped,0.0,,negative,5747,29717,1,,2017-12-01 12:54:15
2172,4.1-6,4.1,6.0,µm,0.4-0.5,0.4,0.5,µm,rod-shaped,0.0,,positive,11066,29593,1,,2017-12-01 12:54:15
2171,1.6,1.6,1.6,µm,0.5,0.5,0.5,µm,rod-shaped,0.0,,negative,133530,29351,1,,2017-12-01 12:54:15
2170,1.2-2.5,1.2,2.5,µm,0.2-0.5,0.2,0.5,µm,rod-shaped,1.0,,positive,11452,29560,1,,2017-12-01 12:54:15
2169,,,,,,,,,coccus-shaped,,,positive,14672,29352,1,,2017-12-01 12:54:15
2168,,,,,,,,,rod-shaped,0.0,,positive,7453,29641,1,,2017-12-01 12:54:15
2167,1.5-2,1.5,2.0,µm,0.5-0.7,0.5,0.7,µm,rod-shaped,0.0,,positive,7455,29554,1,,2017-12-01 12:54:15
2166,1.3-4,1.3,4.0,µm,0.6-1,0.6,1.0,µm,rod-shaped,1.0,,variable,23736,29826,1,,2017-12-01 12:54:15
2165,2.2,2.2,2.2,µm,0.5,0.5,0.5,µm,rod-shaped,1.0,,positive,11648,29534,1,,2017-12-01 12:54:15
2164,1.2-1.4,1.2,1.4,µm,0.8-0.9,0.8,0.9,µm,rod-shaped,0.0,,negative,13566,29378,1,,2017-12-01 12:54:15
2163,,,,,,,,,coccus-shaped,0.0,,positive,3892,29037,1,,2017-12-01 12:54:15
2162,0.7-2.1,0.7,2.1,µm,0.4-1.1,0.4,1.1,µm,rod-shaped,1.0,,negative,130613,29580,1,,2017-12-01 12:54:15
2161,1.75,1.75,1.75,µm,0.9,0.9,0.9,µm,ovoid-shaped,0.0,,positive,6290,29585,1,,2017-12-01 12:54:15
2160,1.7-2.3,1.7,2.3,µm,0.4-0.6,0.4,0.6,µm,rod-shaped,1.0,gliding,negative,5740,29537,1,,2017-12-01 12:54:15
2159,3.54,3.54,3.54,µm,0.52,0.52,0.52,µm,rod-shaped,1.0,,negative,16890,29248,1,,2017-12-01 12:54:15
2158,2.85,2.85,2.85,µm,0.75,0.75,0.75,µm,rod-shaped,0.0,,negative,133426,28905,1,,2017-12-01 12:54:15
2157,,,,,,,,,rod-shaped,0.0,,negative,3780,28911,1,,2017-12-01 12:54:15
2156,01-03,1.0,3.0,µm,0.6-1,0.6,1.0,µm,rod-shaped,0.0,,negative,134350,32567,1,,2017-12-01 12:54:15
2155,1-1.5,1.0,1.5,µm,0.5-0.8,0.5,0.8,µm,rod-shaped,1.0,,negative,134352,32581,1,,2017-12-01 12:54:15
2154,02-03,2.0,3.0,µm,0.5-0.8,0.5,0.8,µm,rod-shaped,1.0,,negative,17346,32582,1,,2017-12-01 12:54:15
2153,,,,,,,,,rod-shaped,1.0,,negative,2321,29461,1,,2017-12-01 12:54:15
2152,1-2.2,1.0,2.2,µm,0.7-1,0.7,1.0,µm,rod-shaped,1.0,,negative,13180,29519,1,,2017-12-01 12:54:15
2151,1-1.2,1.0,1.2,µm,0.6-0.8,0.6,0.8,µm,rod-shaped,0.0,,negative,14197,29764,1,,2017-12-01 12:54:15
2150,,,,,,,,,coccus-shaped,0.0,,positive,23887,29562,1,,2017-12-01 12:54:15
2149,0.8-1.8,0.8,1.8,µm,0.5,0.5,0.5,µm,rod-shaped,1.0,,negative,2348,32464,1,,2017-12-01 12:54:15
2148,03-04,3.0,4.0,µm,0.8-1,0.8,1.0,µm,rod-shaped,1.0,,variable,11667,32438,1,,2017-12-01 12:54:15
2147,01-02,1.0,2.0,µm,1,1.0,1.0,µm,rod-shaped,0.0,,positive,3919,32425,1,,2017-12-01 12:54:15
2146,,,,,,,,,ovoid-shaped,0.0,,positive,14709,32461,1,,2017-12-01 12:54:15
2145,1.2-1.4,1.2,1.4,µm,0.6-0.8,0.6,0.8,µm,rod-shaped,0.0,,positive,7770,32520,1,,2017-12-01 12:54:15
2144,01-02,1.0,2.0,µm,0.4-0.6,0.4,0.6,µm,rod-shaped,,,positive,7444,31189,1,,2017-12-01 12:54:15
2143,2.25,2.25,2.25,µm,0.7,0.7,0.7,µm,rod-shaped,0.0,,negative,5703,32310,1,,2017-12-01 12:54:15
2142,01-04,1.0,4.0,µm,0.5,0.5,0.5,µm,rod-shaped,1.0,,positive,14404,32514,1,,2017-12-01 12:54:15
2141,03-06,3.0,6.0,µm,0.6-0.7,0.6,0.7,µm,rod-shaped,1.0,,positive,16790,31184,1,,2017-12-01 12:54:15
2140,,,,,01-03,1.0,3.0,µm,coccus-shaped,0.0,,,17820,29702,1,,2017-12-01 12:54:15
2139,04-06,4.0,6.0,µm,0.8-1.2,0.8,1.2,µm,rod-shaped,1.0,,negative,134084,31194,1,,2017-12-01 12:54:15
2138,1.1-1.5,1.1,1.5,µm,0.8-0.9,0.8,0.9,µm,rod-shaped,,,positive,6303,32254,1,,2017-12-01 12:54:15
2137,,,,,0.4-0.5,0.4,0.5,µm,coccus-shaped,0.0,,positive,6306,32482,1,,2017-12-01 12:54:15
2136,,,,,,,,,rod-shaped,1.0,,positive,7328,32529,1,,2017-12-01 12:54:15
2135,0.5-0.8,0.5,0.8,µm,0.4-0.6,0.4,0.6,µm,rod-shaped,0.0,,positive,7442,31204,1,,2017-12-01 12:54:15
2134,0.9-1.4,0.9,1.4,µm,0.3-0.8,0.3,0.8,µm,rod-shaped,1.0,,positive,11149,29703,1,,2017-12-01 12:54:15
2133,,,,,,,,,ovoid-shaped,1.0,,negative,133462,29069,1,,2017-12-01 12:54:15
2132,0.5-3.0,0.5,3.0,µm,0.3-0.5,0.3,0.5,µm,rod-shaped,0.0,,negative,133687,30159,1,,2017-12-01 12:54:15
2131,2.5,2.5,2.5,µm,0.4,0.4,0.4,µm,rod-shaped,,,,16797,29399,1,,2017-12-01 12:54:15
2130,1.2-1.8,1.2,1.8,µm,0.5-0.9,0.5,0.9,µm,coccus-shaped,0.0,,negative,13847,32633,1,,2017-12-01 12:54:15
2129,,,,,,,,,rod-shaped,1.0,,negative,13641,29839,1,,2017-12-01 12:54:15
2128,,,,,,,,,rod-shaped,0.0,,positive,13399,32606,1,,2017-12-01 12:54:15
2127,0.7-7,0.7,7.0,µm,0.5-0.7,0.5,0.7,µm,spiral-shaped,1.0,,negative,134240,32067,1,,2017-12-01 12:54:15
2126,0.8-5,0.8,5.0,µm,0.4-0.6,0.4,0.6,µm,rod-shaped,0.0,,negative,5689,32084,1,,2017-12-01 12:54:15
2125,0.5-2.0,0.5,2.0,µm,0.3-0.5,0.3,0.5,µm,rod-shaped,1.0,,negative,6167,32140,1,,2017-12-01 12:54:15
2124,0.6-2,0.6,2.0,µm,0.5-0.8,0.5,0.8,µm,rod-shaped,0.0,,negative,2872,29371,1,,2017-12-01 12:54:15
2123,,,,,,,,,rod-shaped,0.0,,negative,134221,31935,1,,2017-12-01 12:54:15
2122,2.0-12.4,2.0,12.4,µm,0.8-1,0.8,1.0,µm,rod-shaped,1.0,,variable,11625,32045,1,,2017-12-01 12:54:15
2121,1-1.8,1.0,1.8,µm,0.4-0.6,0.4,0.6,µm,rod-shaped,0.0,,positive,11126,31917,1,,2017-12-01 12:54:15
2120,1.85,1.85,1.85,µm,0.75,0.75,0.75,µm,rod-shaped,1.0,,negative,133435,28965,1,,2017-12-01 12:54:15
2119,0.85,0.85,0.85,µm,0.45,0.45,0.45,µm,,0.0,,negative,7218,31857,1,,2017-12-01 12:54:15
2118,1.7,1.7,1.7,µm,0.5,0.5,0.5,µm,rod-shaped,1.0,,negative,2459,32078,1,,2017-12-01 12:54:15
2117,01-02,1.0,2.0,µm,0.5-1,0.5,1.0,µm,rod-shaped,1.0,,negative,3021,31754,1,,2017-12-01 12:54:15
2116,,,,,,,,,,0.0,,positive,10810,31838,1,,2017-12-01 12:54:15
2115,1-2.8,1.0,2.8,µm,0.3-0.5,0.3,0.5,µm,rod-shaped,0.0,,negative,134348,32564,1,,2017-12-01 12:54:15
2114,0.8-2.5,0.8,2.5,µm,0.4-0.6,0.4,0.6,µm,rod-shaped,0.0,,negative,17708,31708,1,,2017-12-01 12:54:15
2113,1.5-3,1.5,3.0,µm,0.6,0.6,0.6,µm,ovoid-shaped,1.0,,negative,5947,31786,1,,2017-12-01 12:54:15
2112,,,,,0.5-3,0.5,3.0,µm,rod-shaped,0.0,,negative,17873,32416,1,,2017-12-01 12:54:15
2111,2.5,2.5,2.5,µm,,,,,rod-shaped,1.0,gliding,negative,134161,31617,1,,2017-12-01 12:54:15
2110,,,,,,,,,coccus-shaped,0.0,,positive,7660,31602,1,,2017-12-01 12:54:15
2109,,,,,0.8-1.2,0.8,1.2,µm,coccus-shaped,0.0,,negative,134189,31751,1,,2017-12-01 12:54:15
2108,2.5-3,2.5,3.0,µm,,,,,rod-shaped,,,negative,3882,31700,1,,2017-12-01 12:54:15
2107,01-30,1.0,30.0,µm,0.4-0.6,0.4,0.6,µm,rod-shaped,0.0,,negative,5723,31581,1,,2017-12-01 12:54:15
2106,,,,,,,,,rod-shaped,,,positive,13261,31605,1,,2017-12-01 12:54:15
2105,,,,,,,,,rod-shaped,0.0,,positive,3885,31666,1,,2017-12-01 12:54:15
2104,,,,,,,,,ovoid-shaped,0.0,,positive,17377,31728,1,,2017-12-01 12:54:15
2103,1.5,1.5,1.5,µm,1.15,1.15,1.15,µm,coccus-shaped,1.0,,positive,18120,31180,1,,2017-12-01 12:54:15
2102,2.4-3,2.4,3.0,µm,0.4-0.5,0.4,0.5,µm,rod-shaped,1.0,,positive,1282,32587,1,,2017-12-01 12:54:15
2101,,,,,03-0.7,3.0,0.7,µm,coccus-shaped,0.0,,positive,14830,31667,1,,2017-12-01 12:54:15
2100,3,3.0,3.0,µm,0.25,0.25,0.25,µm,rod-shaped,1.0,gliding,negative,133262,31413,1,,2017-12-01 12:54:15
2099,3.6-7.3,3.6,7.3,µm,0.9-1,0.9,1.0,µm,rod-shaped,1.0,,positive,11849,31496,1,,2017-12-01 12:54:15
2098,1.25,1.25,1.25,µm,0.45,0.45,0.45,µm,rod-shaped,,,negative,5851,31366,1,,2017-12-01 12:54:15
2097,01-06,1.0,6.0,µm,0.5,0.5,0.5,µm,rod-shaped,1.0,,positive,17980,31646,1,,2017-12-01 12:54:15
2096,1.3-1.9,1.3,1.9,µm,0.3-0.5,0.3,0.5,µm,rod-shaped,0.0,,positive,1246,31491,1,,2017-12-01 12:54:15
2095,1.3-2,1.3,2.0,µm,0.6-0.8,0.6,0.8,µm,rod-shaped,1.0,,negative,13835,31521,1,,2017-12-01 12:54:15
2094,0.9,0.9,0.9,µm,0.35,0.35,0.35,µm,rod-shaped,0.0,,negative,5557,31373,1,,2017-12-01 12:54:15
2093,1.6-2,1.6,2.0,µm,0.6-0.8,0.6,0.8,µm,rod-shaped,1.0,,negative,17904,32557,1,,2017-12-01 12:54:15
2092,2.5,2.5,2.5,µm,0.7,0.7,0.7,µm,rod-shaped,1.0,,variable,1223,31283,1,,2017-12-01 12:54:15
2091,,,,,,,,,rod-shaped,0.0,,positive,134135,31434,1,,2017-12-01 12:54:15
2090,3.5,3.5,3.5,µm,0.75,0.75,0.75,µm,rod-shaped,1.0,,negative,6231,31269,1,,2017-12-01 12:54:15
2089,2.1,2.1,2.1,µm,0.325,0.32,0.32,µm,rod-shaped,0.0,,positive,2278,31295,1,,2017-12-01 12:54:15
2088,,,,,,,,,rod-shaped,0.0,,positive,13392,31226,1,,2017-12-01 12:54:15
2087,11.5,11.5,11.5,µm,0.5,0.5,0.5,µm,rod-shaped,1.0,,positive,17993,30092,1,,2017-12-01 12:54:15
2086,,,,,,,,,rod-shaped,,,positive,134155,31575,1,,2017-12-01 12:54:15
2085,1.2,1.2,1.2,µm,0.9,0.9,0.9,µm,rod-shaped,0.0,,positive,6617,31225,1,,2017-12-01 12:54:15
2084,1.8,1.8,1.8,µm,0.9,0.9,0.9,µm,rod-shaped,1.0,,negative,13848,28962,1,,2017-12-01 12:54:15
2083,3.5,3.5,3.5,µm,1.25,1.25,1.25,µm,rod-shaped,1.0,,positive,1281,32450,1,,2017-12-01 12:54:15
2082,1.48-2.99,1.48,2.99,µm,0.6-0.78,0.6,0.78,µm,rod-shaped,0.0,,negative,5730,32407,1,,2017-12-01 12:54:15
2081,0.7-1,0.7,1.0,µm,,,,,coccus-shaped,0.0,,positive,6399,32642,1,,2017-12-01 12:54:15
2080,1.3-1.5,1.3,1.5,µm,0.3-0.4,0.3,0.4,µm,rod-shaped,0.0,,positive,7258,32585,1,,2017-12-01 12:54:15
2079,1.4,1.4,1.4,µm,0.45,0.45,0.45,µm,rod-shaped,1.0,,negative,17445,31836,1,,2017-12-01 12:54:15
2078,02-05,2.0,5.0,µm,0.3-0.4,0.3,0.4,µm,rod-shaped,1.0,,negative,17909,32403,1,,2017-12-01 12:54:15
2077,04-05,4.0,5.0,µm,0.4-0.5,0.4,0.5,µm,rod-shaped,0.0,,negative,134166,31642,1,,2017-12-01 12:54:15
2076,,,,,,,,,rod-shaped,0.0,,positive,11442,31660,1,,2017-12-01 12:54:15
2075,,,,,,,,,rod-shaped,,,positive,4255,31593,1,,2017-12-01 12:54:15
2074,,,,,,,,,rod-shaped,0.0,,positive,7426,31508,1,,2017-12-01 12:54:15
2073,3.5,3.5,3.5,µm,1.25,1.25,1.25,µm,rod-shaped,0.0,,negative,5541,30197,1,,2017-12-01 12:54:15
2072,3,3.0,3.0,µm,0.75,0.75,0.75,µm,rod-shaped,,,positive,11585,31353,1,,2017-12-01 12:54:15
2071,5,5.0,5.0,µm,0.9,0.9,0.9,µm,rod-shaped,1.0,,variable,11401,31358,1,,2017-12-01 12:54:15
2070,11,11.0,11.0,µm,1,1.0,1.0,µm,rod-shaped,0.0,,positive,6661,31309,1,,2017-12-01 12:54:15
2069,2,2.0,2.0,µm,0.5,0.5,0.5,µm,rod-shaped,0.0,,negative,5540,30197,1,,2017-12-01 12:54:15
2068,,,,,,,,,coccus-shaped,0.0,,positive,5342,31275,1,,2017-12-01 12:54:15
2067,4.5,4.5,4.5,µm,0.9,0.9,0.9,µm,rod-shaped,1.0,,negative,2451,30058,1,,2017-12-01 12:54:15
2066,2.5-3.2,2.5,3.2,µm,1.2-1.3,1.2,1.3,µm,rod-shaped,1.0,,negative,132891,32093,1,,2017-12-01 12:54:15
2065,0.9,0.9,0.9,µm,0.6,0.6,0.6,µm,rod-shaped,,,negative,130802,32452,1,,2017-12-01 12:54:15
2064,1-2.5,1.0,2.5,µm,0.6-0.7,0.6,0.7,µm,rod-shaped,0.0,,negative,5509,31634,1,,2017-12-01 12:54:15
2063,3.75,3.75,3.75,µm,0.75,0.75,0.75,µm,rod-shaped,1.0,,negative,5974,29433,1,,2017-12-01 12:54:15
2062,2.5,2.5,2.5,µm,1,1.0,1.0,µm,rod-shaped,1.0,,negative,6038,29992,1,,2017-12-01 12:54:15
2061,2.75,2.75,2.75,µm,2.75,2.75,2.75,µm,coccus-shaped,0.0,,negative,133635,29869,1,,2017-12-01 12:54:15
2060,1.8,1.8,1.8,µm,1.3,1.3,1.3,µm,rod-shaped,1.0,,negative,23092,30303,1,,2017-12-01 12:54:15
2059,1.7-10.0,1.7,10.0,µm,0.4,0.4,0.4,µm,rod-shaped,0.0,,negative,16711,30037,1,,2017-12-01 12:54:15
2058,01-02,1.0,2.0,µm,0.3-0.5,0.3,0.5,µm,rod-shaped,0.0,,positive,13403,29660,1,,2017-12-01 12:54:15
2057,0.8-2,0.8,2.0,µm,0.4-0.6,0.4,0.6,µm,rod-shaped,1.0,,negative,6152,29613,1,,2017-12-01 12:54:15
2056,01-02,1.0,2.0,µm,0.7-1,0.7,1.0,µm,rod-shaped,0.0,,positive,133585,29657,1,,2017-12-01 12:54:15
2055,1.8-4.5,1.8,4.5,µm,0.4-0.6,0.4,0.6,µm,rod-shaped,0.0,,negative,17915,29574,1,,2017-12-01 12:54:15
2054,1-3.3,1.0,3.3,µm,0.5-1,0.5,1.0,µm,rod-shaped,0.0,,positive,3050,29633,1,,2017-12-01 12:54:15
2053,1.3,1.3,1.3,µm,0.5,0.5,0.5,µm,rod-shaped,0.0,,positive,2386,30628,1,,2017-12-01 12:54:15
2052,,,,,2,2.0,2.0,µm,ovoid-shaped,0.0,,negative,5977,29468,1,,2017-12-01 12:54:15
2051,0.8-2,0.8,2.0,µm,0.4-0.9,0.4,0.9,µm,coccus-shaped,0.0,,negative,17124,31196,1,,2017-12-01 12:54:15
2050,01-03,1.0,3.0,µm,0.3-0.4,0.3,0.4,µm,rod-shaped,0.0,,positive,6697,29711,1,,2017-12-01 12:54:15
2049,1.45,1.45,1.45,µm,0.4,0.4,0.4,µm,rod-shaped,0.0,,positive,17737,29077,1,,2017-12-01 12:54:15
2048,0.8-1.3,0.8,1.3,µm,0.6-1,0.6,1.0,µm,ovoid-shaped,0.0,,positive,6310,32257,1,,2017-12-01 12:54:15
2047,,,,,,,,,rod-shaped,0.0,,negative,17451,29050,1,,2017-12-01 12:54:15
2046,1-1.2,1.0,1.2,µm,0.2-0.3,0.2,0.3,µm,rod-shaped,1.0,,negative,24564,31823,1,,2017-12-01 12:54:15
2045,1-1.2,1.0,1.2,µm,0.5-0.7,0.5,0.7,µm,rod-shaped,1.0,,negative,134162,31629,1,,2017-12-01 12:54:15
2044,2.25,2.25,2.25,µm,0.35,0.35,0.35,µm,rod-shaped,1.0,,negative,5455,31498,1,,2017-12-01 12:54:15
2043,,,,,0.5-0.75,0.5,0.75,µm,coccus-shaped,,,positive,14828,31974,1,,2017-12-01 12:54:15
2042,3.5,3.5,3.5,µm,0.4,0.4,0.4,µm,rod-shaped,0.0,,negative,5547,31391,1,,2017-12-01 12:54:15
2041,,,,,,,,,,0.0,,positive,7850,30136,1,,2017-12-01 12:54:15
2040,18,18.0,18.0,µm,0.24,0.24,0.24,µm,rod-shaped,1.0,,,14308,30191,1,,2017-12-01 12:54:15
2039,3.5,3.5,3.5,µm,0.7,0.7,0.7,µm,rod-shaped,1.0,,positive,1261,31483,1,,2017-12-01 12:54:15
2038,2.5,2.5,2.5,µm,0.35,0.35,0.35,µm,rod-shaped,1.0,,positive,1242,31483,1,,2017-12-01 12:54:15
2037,,,,,,,,,rod-shaped,0.0,,positive,7856,31592,1,,2017-12-01 12:54:15
2479,2.5,2.5,2.5,µm,0.4,0.4,0.4,µm,rod-shaped,1.0,,positive,1516,32026,1,,2017-12-01 12:54:15
2480,3.75,3.75,3.75,µm,0.75,0.75,0.75,µm,rod-shaped,1.0,,,4041,31997,1,,2017-12-01 12:54:15
2481,1.7,1.7,1.7,µm,0.75,0.75,0.75,µm,rod-shaped,0.0,,negative,1621,32432,1,,2017-12-01 12:54:15
2482,1.2,1.2,1.2,µm,0.5,0.5,0.5,µm,rod-shaped,0.0,,negative,17747,31941,1,,2017-12-01 12:54:15
2483,1.65,1.65,1.65,µm,0.5,0.5,0.5,µm,rod-shaped,0.0,,positive,3890,32604,1,,2017-12-01 12:54:15
2484,60,60.0,60.0,µm,0.7,0.7,0.7,µm,,1.0,gliding,negative,140017,32182,1,,2017-12-01 12:54:15
2485,4-12,4.0,12.0,µm,0.8-1.2,0.8,1.2,µm,rod-shaped,1.0,,positive,11637,28883,1,,2017-12-01 12:54:15
2486,3-8,3.0,8.0,µm,1-1.2,1.0,1.2,µm,rod-shaped,1.0,,positive,11636,28883,1,,2017-12-01 12:54:15
2487,1.45,1.45,1.45,µm,0.25,0.25,0.25,µm,spiral-shaped,1.0,,negative,13968,32424,1,,2017-12-01 12:54:15
2488,0.925,0.92,0.92,µm,0.775,0.78,0.78,µm,ovoid-shaped,0.0,,negative,468,29108,1,,2017-12-01 12:54:15
2489,2.5,2.5,2.5,µm,0.45,0.45,0.45,µm,rod-shaped,,,positive,3072,32059,1,,2017-12-01 12:54:15
2490,,,,,,,,,rod-shaped,0.0,,positive,7324,31969,1,,2017-12-01 12:54:15
2491,1.2,1.2,1.2,µm,0.5,0.5,0.5,µm,coccus-shaped,0.0,,negative,17651,31982,1,,2017-12-01 12:54:15
2492,3.5,3.5,3.5,µm,0.55,0.55,0.55,µm,rod-shaped,1.0,,negative,2848,28926,1,,2017-12-01 12:54:15
2493,4,4.0,4.0,µm,1.25,1.25,1.25,µm,rod-shaped,0.0,,positive,6675,32211,1,,2017-12-01 12:54:15
2494,0.8,0.8,0.8,µm,0.5,0.5,0.5,µm,rod-shaped,0.0,,negative,17761,32127,1,,2017-12-01 12:54:15
2495,4.5,4.5,4.5,µm,0.5,0.5,0.5,µm,rod-shaped,0.0,,negative,17762,32127,1,,2017-12-01 12:54:15
2496,1.8,1.8,1.8,µm,1.15,1.15,1.15,µm,rod-shaped,0.0,,negative,17760,32007,1,,2017-12-01 12:54:15
2497,1.1,1.1,1.1,µm,0.7,0.7,0.7,µm,rod-shaped,0.0,,negative,134297,32314,1,,2017-12-01 12:54:15
2498,1.65,1.65,1.65,µm,0.7,0.7,0.7,µm,rod-shaped,0.0,,negative,134298,32314,1,,2017-12-01 12:54:15
2499,1.4,1.4,1.4,µm,0.8,0.8,0.8,µm,rod-shaped,0.0,,negative,134299,32314,1,,2017-12-01 12:54:15
2500,1.45,1.45,1.45,µm,0.7,0.7,0.7,µm,rod-shaped,0.0,,negative,133441,28996,1,,2017-12-01 12:54:15
2501,1.4,1.4,1.4,µm,0.25,0.25,0.25,µm,rod-shaped,0.0,,negative,133436,28979,1,,2017-12-01 12:54:15
2502,1.05,1.05,1.05,µm,0.35,0.35,0.35,µm,rod-shaped,0.0,,negative,133430,28918,1,,2017-12-01 12:54:15
2503,6.35,6.35,6.35,µm,1.2,1.2,1.2,µm,rod-shaped,0.0,,negative,12518,31956,1,,2017-12-01 12:54:15
2504,02-06,2.0,6.0,µm,0.8,0.8,0.8,µm,rod-shaped,0.0,,positive,6668,31976,1,,2017-12-01 12:54:15
2505,2.7,2.7,2.7,µm,0.8,0.8,0.8,µm,rod-shaped,1.0,,negative,134250,32118,1,,2017-12-01 12:54:15
2506,1.5-2.2,1.5,2.2,µm,0.4-0.6,0.4,0.6,µm,rod-shaped,0.0,,positive,2372,31988,1,,2017-12-01 12:54:15
2507,,,,,,,,,,0.0,,positive,11045,31989,1,,2017-12-01 12:54:15
2508,0.9-3.5,0.9,3.5,µm,0.3-0.65,0.3,0.65,µm,rod-shaped,0.0,,negative,5638,32509,1,,2017-12-01 12:54:15
2509,1.7,1.7,1.7,µm,0.7,0.7,0.7,µm,rod-shaped,1.0,,negative,134258,32179,1,,2017-12-01 12:54:15
2510,0.7,0.7,0.7,µm,0.35,0.35,0.35,µm,rod-shaped,0.0,,positive,7429,32265,1,,2017-12-01 12:54:15
2511,,,,,0.3-0.7,0.3,0.7,µm,coccus-shaped,0.0,,positive,12627,32123,1,,2017-12-01 12:54:15
2512,0.7-1.2,0.7,1.2,µm,0.3-0.5,0.3,0.5,µm,rod-shaped,0.0,,positive,11122,32010,1,,2017-12-01 12:54:15
2513,1.5-3.0,1.5,3.0,µm,0.3-0.5,0.3,0.5,µm,rod-shaped,0.0,,positive,11603,32065,1,,2017-12-01 12:54:15
2514,4.5,4.5,4.5,µm,0.4,0.4,0.4,µm,rod-shaped,0.0,,negative,134231,32004,1,,2017-12-01 12:54:15
2515,1.5-4.0,1.5,4.0,µm,0.4-0.6,0.4,0.6,µm,rod-shaped,0.0,,negative,16688,32114,1,,2017-12-01 12:54:15
2516,,,,,0.75,0.75,0.75,µm,coccus-shaped,1.0,,,18099,32391,1,,2017-12-01 12:54:15
2517,1.7,1.7,1.7,µm,0.8,0.8,0.8,µm,rod-shaped,0.0,,positive,7432,32226,1,,2017-12-01 12:54:15
2518,,,,,,,,,,0.0,,positive,16563,32160,1,,2017-12-01 12:54:15
2519,,,,,,,,,,0.0,,positive,16564,32160,1,,2017-12-01 12:54:15
2520,,,,,,,,,rod-shaped,0.0,,positive,10816,32025,1,,2017-12-01 12:54:15
2521,,,,,,,,,,0.0,,positive,8013,32385,1,,2017-12-01 12:54:15
2522,15,15.0,15.0,µm,0.4,0.4,0.4,µm,rod-shaped,1.0,gliding,negative,134235,32036,1,,2017-12-01 12:54:15
2523,,,,,,,,,rod-shaped,0.0,,negative,17851,32126,1,,2017-12-01 12:54:15
2524,4.5,4.5,4.5,µm,0.75,0.75,0.75,µm,rod-shaped,1.0,gliding,negative,134243,32079,1,,2017-12-01 12:54:15
2525,0.7,0.7,0.7,µm,0.4,0.4,0.4,µm,rod-shaped,0.0,,negative,17749,32099,1,,2017-12-01 12:54:15
2526,3,3.0,3.0,µm,0.8,0.8,0.8,µm,rod-shaped,0.0,,negative,134238,32054,1,,2017-12-01 12:54:15
2527,11.5,11.5,11.5,µm,0.2,0.2,0.2,µm,,1.0,,,133434,28964,1,,2017-12-01 12:54:15
2528,,,,,,,,,rod-shaped,1.0,,positive,7618,32047,1,,2017-12-01 12:54:15
2529,,,,,,,,,rod-shaped,1.0,,positive,7617,32047,1,,2017-12-01 12:54:15
2530,1.45,1.45,1.45,µm,0.6,0.6,0.6,µm,rod-shaped,1.0,,negative,18094,32341,1,,2017-12-01 12:54:15
2531,0.9,0.9,0.9,µm,0.45,0.45,0.45,µm,rod-shaped,1.0,,positive,7499,32171,1,,2017-12-01 12:54:15
2532,1.0-2.2,1.0,2.2,µm,0.5,0.5,0.5,µm,rod-shaped,,,positive,6245,32170,1,,2017-12-01 12:54:15
2533,1.5,1.5,1.5,µm,0.75,0.75,0.75,µm,rod-shaped,,,positive,6309,32151,1,,2017-12-01 12:54:15
2534,3.5,3.5,3.5,µm,0.5,0.5,0.5,µm,rod-shaped,0.0,,positive,6694,29360,1,,2017-12-01 12:54:15
2535,,,,,,,,,rod-shaped,0.0,,positive,13490,29009,1,,2017-12-01 12:54:15
2536,5,5.0,5.0,µm,0.45,0.45,0.45,µm,rod-shaped,1.0,,negative,17246,28927,1,,2017-12-01 12:54:15
2537,01-02,1.0,2.0,µm,0.5-1,0.5,1.0,µm,rod-shaped,1.0,,negative,134335,32504,1,,2017-12-01 12:54:15
2538,1.6-2.1,1.6,2.1,µm,1.0-1.2,1.0,1.2,µm,rod-shaped,0.0,,negative,13905,32445,1,,2017-12-01 12:54:15
2539,0.6,0.6,0.6,µm,0.6,0.6,0.6,µm,coccus-shaped,1.0,,negative,134246,32104,1,,2017-12-01 12:54:15
2540,1,1.0,1.0,µm,1,1.0,1.0,µm,coccus-shaped,0.0,,negative,134247,32104,1,,2017-12-01 12:54:15
2541,1.1,1.1,1.1,µm,1.1,1.1,1.1,µm,coccus-shaped,0.0,,negative,134248,32104,1,,2017-12-01 12:54:15
2542,0.75,0.75,0.75,µm,0.5,0.5,0.5,µm,rod-shaped,,,positive,7436,32148,1,,2017-12-01 12:54:15
2543,1.15,1.15,1.15,µm,0.55,0.55,0.55,µm,rod-shaped,,,positive,7435,32148,1,,2017-12-01 12:54:15
2544,2.25,2.25,2.25,µm,0.7,0.7,0.7,µm,rod-shaped,0.0,,negative,17518,32181,1,,2017-12-01 12:54:15
2545,1.15,1.15,1.15,µm,0.65,0.65,0.65,µm,ovoid-shaped,0.0,,positive,6678,32279,1,,2017-12-01 12:54:15
2546,1.7,1.7,1.7,µm,0.9,0.9,0.9,µm,rod-shaped,1.0,,negative,11282,32444,1,,2017-12-01 12:54:15
2547,0.85,0.85,0.85,µm,0.25,0.25,0.25,µm,rod-shaped,1.0,,negative,134304,32331,1,,2017-12-01 12:54:15
2548,02-03,2.0,3.0,µm,0.5-0.8,0.5,0.8,µm,rod-shaped,1.0,,positive,134340,32533,1,,2017-12-01 12:54:15
2549,20,20.0,20.0,µm,0.75,0.75,0.75,µm,rod-shaped,0.0,,positive,6693,29241,1,,2017-12-01 12:54:15
2550,0.9,0.9,0.9,µm,0.9,0.9,0.9,µm,coccus-shaped,0.0,,negative,134262,32194,1,,2017-12-01 12:54:15
2551,2.25,2.25,2.25,µm,0.45,0.45,0.45,µm,rod-shaped,0.0,,positive,134281,32251,1,,2017-12-01 12:54:15
2552,05-14,5.0,14.0,µm,0.5-0.7,0.5,0.7,µm,rod-shaped,0.0,,negative,134334,32478,1,,2017-12-01 12:54:15
2553,6.3,6.3,6.3,µm,1,1.0,1.0,µm,rod-shaped,0.0,,positive,2244,32511,1,,2017-12-01 12:54:15
2554,4.5,4.5,4.5,µm,0.6,0.6,0.6,µm,rod-shaped,1.0,,positive,2246,32511,1,,2017-12-01 12:54:15
2555,5.35,5.35,5.35,µm,0.75,0.75,0.75,µm,rod-shaped,1.0,,positive,2245,32511,1,,2017-12-01 12:54:15
2556,2.7,2.7,2.7,µm,0.85,0.85,0.85,µm,rod-shaped,1.0,,positive,2243,32511,1,,2017-12-01 12:54:15
2557,7.5,7.5,7.5,µm,0.65,0.65,0.65,µm,rod-shaped,1.0,,positive,134373,32653,1,,2017-12-01 12:54:15
2558,7,7.0,7.0,µm,0.65,0.65,0.65,µm,rod-shaped,1.0,,positive,134374,32653,1,,2017-12-01 12:54:15
2559,6.5,6.5,6.5,µm,0.65,0.65,0.65,µm,rod-shaped,1.0,,positive,134375,32653,1,,2017-12-01 12:54:15
2560,1,1.0,1.0,µm,0.75,0.75,0.75,µm,rod-shaped,0.0,,negative,134286,32276,1,,2017-12-01 12:54:15
2561,1.25,1.25,1.25,µm,0.65,0.65,0.65,µm,rod-shaped,0.0,,negative,134287,32276,1,,2017-12-01 12:54:15
2562,0.75,0.75,0.75,µm,0.75,0.75,0.75,µm,coccus-shaped,0.0,,,134295,32304,1,,2017-12-01 12:54:15
2563,3,3.0,3.0,µm,0.65,0.65,0.65,µm,rod-shaped,0.0,,positive,6679,32553,1,,2017-12-01 12:54:15
2564,3.15,3.15,3.15,µm,0.75,0.75,0.75,µm,rod-shaped,0.0,,negative,1625,29851,1,,2017-12-01 12:54:15
2565,,,,,0.8,0.8,0.8,µm,coccus-shaped,0.0,,positive,11852,29377,1,,2017-12-01 12:54:15
2566,1.4,1.4,1.4,µm,0.55,0.55,0.55,µm,rod-shaped,1.0,,negative,17492,32371,1,,2017-12-01 12:54:15
2567,7.5,7.5,7.5,µm,1,1.0,1.0,µm,rod-shaped,0.0,,negative,17126,32412,1,,2017-12-01 12:54:15
2568,1.2,1.2,1.2,µm,0.7,0.7,0.7,µm,ovoid-shaped,0.0,,negative,17829,32412,1,,2017-12-01 12:54:15
2569,2.15,2.15,2.15,µm,0.5,0.5,0.5,µm,rod-shaped,1.0,,negative,13162,32381,1,,2017-12-01 12:54:15
2570,0.8,0.8,0.8,µm,0.4,0.4,0.4,µm,rod-shaped,,,negative,132094,32322,1,,2017-12-01 12:54:15
2571,0.8,0.8,0.8,µm,0.45,0.45,0.45,µm,rod-shaped,,,negative,132093,32322,1,,2017-12-01 12:54:15
2572,1.95,1.95,1.95,µm,1,1.0,1.0,µm,rod-shaped,1.0,,negative,24177,30626,1,,2017-12-01 12:54:15
2573,,,,,,,,,,,,positive,8042,32555,1,,2017-12-01 12:54:15
2574,2.25,2.25,2.25,µm,0.4,0.4,0.4,µm,rod-shaped,1.0,,negative,13842,32634,1,,2017-12-01 12:54:15
2575,0.75,0.75,0.75,µm,0.4,0.4,0.4,µm,rod-shaped,1.0,,negative,13841,32635,1,,2017-12-01 12:54:15
2576,1.7-2.8,1.7,2.8,µm,0.2-0.5,0.2,0.5,µm,rod-shaped,0.0,,negative,13840,32631,1,,2017-12-01 12:54:15
2577,3.65,3.65,3.65,µm,1.4,1.4,1.4,µm,ovoid-shaped,1.0,,negative,7188,32496,1,,2017-12-01 12:54:15
2578,2.4-4.7,2.4,4.7,µm,0.7-1,0.7,1.0,µm,rod-shaped,1.0,,negative,24718,32501,1,,2017-12-01 12:54:15
2579,0.5-0.9,0.5,0.9,µm,0.4,0.4,0.4,µm,rod-shaped,1.0,,negative,6097,32600,1,,2017-12-01 12:54:15
2580,1.6-2.2,1.6,2.2,µm,0.5-0.8,0.5,0.8,µm,rod-shaped,1.0,,negative,13521,32593,1,,2017-12-01 12:54:15
2581,1.9-3.7,1.9,3.7,µm,0.7-1.1,0.7,1.1,µm,rod-shaped,1.0,,negative,134356,32593,1,,2017-12-01 12:54:15
2582,,,,,,,,,rod-shaped,,,positive,218,29032,1,,2017-12-01 12:54:15
2583,1.8-8,1.8,8.0,µm,0.3-0.7,0.3,0.7,µm,rod-shaped,0.0,,negative,134363,32619,1,,2017-12-01 12:54:15
2584,2.1,2.1,2.1,µm,0.65,0.65,0.65,µm,ovoid-shaped,0.0,,positive,3073,32379,1,,2017-12-01 12:54:15
2585,,,,,,,,,rod-shaped,,,negative,1563,29672,1,,2017-12-01 12:54:15
2586,1.25,1.25,1.25,µm,0.4,0.4,0.4,µm,rod-shaped,1.0,,negative,10503,29329,1,,2017-12-01 12:54:15
2587,1.05,1.05,1.05,µm,0.45,0.45,0.45,µm,rod-shaped,1.0,,negative,10502,29329,1,,2017-12-01 12:54:15
2588,,,,,,,,,,0.0,,positive,17638,32481,1,,2017-12-01 12:54:15
2589,,,,,,,,,,,,positive,17639,32481,1,,2017-12-01 12:54:15
2590,1.5,1.5,1.5,µm,0.7,0.7,0.7,µm,rod-shaped,0.0,,positive,13272,29650,1,,2017-12-01 12:54:15
2592,0.4,0.4,0.4,µm,0.25,0.25,0.25,µm,rod-shaped,0.0,,positive,7479,32523,1,,2017-12-01 12:54:15
2593,0.8-3.5,0.8,3.5,µm,0.3-0.7,0.3,0.7,µm,rod-shaped,0.0,,negative,134361,32614,1,,2017-12-01 12:54:15
2594,0.9-1.7,0.9,1.7,µm,0.6-0.9,0.6,0.9,µm,rod-shaped,1.0,,negative,134368,32637,1,,2017-12-01 12:54:15
2595,1.3-2,1.3,2.0,µm,0.6-0.9,0.6,0.9,µm,rod-shaped,1.0,,negative,134369,32637,1,,2017-12-01 12:54:15
2596,,,,,,,,,,,,positive,16996,32467,1,,2017-12-01 12:54:15
2597,,,,,,,,,,,,positive,16997,32467,1,,2017-12-01 12:54:15
2598,1.25,1.25,1.25,µm,0.65,0.65,0.65,µm,rod-shaped,0.0,,negative,17212,32455,1,,2017-12-01 12:54:15
2599,1.25,1.25,1.25,µm,0.75,0.75,0.75,µm,rod-shaped,0.0,,negative,134327,32455,1,,2017-12-01 12:54:15
2600,1.35,1.35,1.35,µm,0.75,0.75,0.75,µm,rod-shaped,0.0,,negative,134328,32455,1,,2017-12-01 12:54:15
2601,1.25,1.25,1.25,µm,0.75,0.75,0.75,µm,rod-shaped,0.0,,negative,134329,32455,1,,2017-12-01 12:54:15
2602,1.25,1.25,1.25,µm,0.6,0.6,0.6,µm,rod-shaped,0.0,,negative,134330,32455,1,,2017-12-01 12:54:15
2603,1.75,1.75,1.75,µm,0.65,0.65,0.65,µm,rod-shaped,0.0,,negative,134331,32455,1,,2017-12-01 12:54:15
2604,1.45,1.45,1.45,µm,0.85,0.85,0.85,µm,rod-shaped,0.0,,negative,12569,29184,1,,2017-12-01 12:54:15
2605,1.55,1.55,1.55,µm,0.95,0.95,0.95,µm,ovoid-shaped,0.0,,negative,12570,29184,1,,2017-12-01 12:54:15
2606,5,5.0,5.0,µm,1.8,1.8,1.8,µm,rod-shaped,0.0,,positive,6674,32611,1,,2017-12-01 12:54:15
2607,1-3.5,1.0,3.5,µm,0.7-1,0.7,1.0,µm,coccus-shaped,1.0,,negative,4153,32597,1,,2017-12-01 12:54:15
2608,27.5,27.5,27.5,µm,0.4,0.4,0.4,µm,rod-shaped,1.0,gliding,negative,24013,32507,1,,2017-12-01 12:54:15
2609,0.85,0.85,0.85,µm,0.55,0.55,0.55,µm,rod-shaped,0.0,,positive,133933,30911,1,,2017-12-01 12:54:15
2610,1.4,1.4,1.4,µm,0.5,0.5,0.5,µm,rod-shaped,0.0,,positive,133934,30911,1,,2017-12-01 12:54:15
2611,1.6,1.6,1.6,µm,0.5,0.5,0.5,µm,rod-shaped,1.0,,negative,6171,29343,1,,2017-12-01 12:54:15
2612,0.6-0.8,0.6,0.8,µm,0.5-0.6,0.5,0.6,µm,rod-shaped,0.0,,negative,134364,32622,1,,2017-12-01 12:54:15
2613,8.75,8.75,8.75,µm,0.55,0.55,0.55,µm,rod-shaped,0.0,,negative,133450,29029,1,,2017-12-01 12:54:15
2614,1.4,1.4,1.4,µm,0.3,0.3,0.3,µm,rod-shaped,0.0,,negative,133532,29361,1,,2017-12-01 12:54:15
2615,16,16.0,16.0,µm,0.6,0.6,0.6,µm,rod-shaped,1.0,gliding,negative,133886,30773,1,,2017-12-01 12:54:15
2616,13,13.0,13.0,µm,0.3,0.3,0.3,µm,rod-shaped,1.0,gliding,negative,133723,30279,1,,2017-12-01 12:54:15
2617,17.5,17.5,17.5,µm,0.4,0.4,0.4,µm,,1.0,,negative,17763,28958,1,,2017-12-01 12:54:15
2618,4,4.0,4.0,µm,0.6,0.6,0.6,µm,rod-shaped,1.0,,negative,11450,29510,1,,2017-12-01 12:54:15
2619,2.85,2.85,2.85,µm,0.5,0.5,0.5,µm,rod-shaped,0.0,,negative,1624,29190,1,,2017-12-01 12:54:15
2620,1.4-2,1.4,2.0,µm,0.4-0.5,0.4,0.5,µm,ovoid-shaped,1.0,,negative,3846,32572,1,,2017-12-01 12:54:15
2621,15-27,15.0,27.0,µm,0.23-0.28,0.23,0.28,µm,rod-shaped,1.0,,negative,134353,32583,1,,2017-12-01 12:54:15
2622,1.1,1.1,1.1,µm,0.75,0.75,0.75,µm,rod-shaped,0.0,,,17008,29127,1,,2017-12-01 12:54:15
2623,1.15,1.15,1.15,µm,0.95,0.95,0.95,µm,rod-shaped,0.0,,,17010,29127,1,,2017-12-01 12:54:15
2624,1.1,1.1,1.1,µm,0.75,0.75,0.75,µm,rod-shaped,0.0,,,17007,29127,1,,2017-12-01 12:54:15
2625,1.1,1.1,1.1,µm,0.65,0.65,0.65,µm,rod-shaped,0.0,,,17013,29127,1,,2017-12-01 12:54:15
2626,1.1,1.1,1.1,µm,0.75,0.75,0.75,µm,rod-shaped,0.0,,,17011,29127,1,,2017-12-01 12:54:15
2627,0.9,0.9,0.9,µm,0.6,0.6,0.6,µm,rod-shaped,0.0,,,17010,29127,1,,2017-12-01 12:54:15
2628,1.1,1.1,1.1,µm,0.75,0.75,0.75,µm,rod-shaped,0.0,,,17012,29127,1,,2017-12-01 12:54:15
2629,1.15,1.15,1.15,µm,0.9,0.9,0.9,µm,rod-shaped,0.0,,,132110,29127,1,,2017-12-01 12:54:15
2630,3,3.0,3.0,µm,0.9,0.9,0.9,µm,rod-shaped,1.0,,negative,8214,32627,1,,2017-12-01 12:54:15
2631,1-1.5,1.0,1.5,µm,0.5-1,0.5,1.0,µm,rod-shaped,1.0,,negative,134372,32651,1,,2017-12-01 12:54:15
2632,1.5-2,1.5,2.0,µm,0.8-1.2,0.8,1.2,µm,rod-shaped,0.0,,positive,6680,32643,1,,2017-12-01 12:54:15
2633,2,2.0,2.0,µm,0.5,0.5,0.5,µm,rod-shaped,1.0,,negative,133611,29757,1,,2017-12-01 12:54:15
2634,1.5,1.5,1.5,µm,0.5,0.5,0.5,µm,rod-shaped,1.0,,negative,133421,28887,1,,2017-12-01 12:54:15
2635,1.5,1.5,1.5,µm,0.6,0.6,0.6,µm,rod-shaped,1.0,,negative,133422,28887,1,,2017-12-01 12:54:15
2636,2,2.0,2.0,µm,,,,,rod-shaped,0.0,,negative,134370,32639,1,,2017-12-01 12:54:15
2637,3,3.0,3.0,µm,0.3,0.3,0.3,µm,rod-shaped,,,,8580,28896,1,,2017-12-01 12:54:15
2638,,,,,,,,,rod-shaped,0.0,,positive,16583,28985,1,,2017-12-01 12:54:15
2639,1.75,1.75,1.75,µm,0.75,0.75,0.75,µm,ovoid-shaped,0.0,,negative,17830,28954,1,,2017-12-01 12:54:15
2640,1.3-3,1.3,3.0,µm,0.4-1,0.4,1.0,µm,rod-shaped,0.0,,negative,12519,31196,1,,2017-12-01 12:54:15
2641,1.5,1.5,1.5,µm,1.5,1.5,1.5,µm,,0.0,,negative,24088,30997,1,,2017-12-01 12:54:15
2642,,,,,,,,,,0.0,,negative,134070,31168,1,,2017-12-01 12:54:15
2643,1.5-2,1.5,2.0,µm,0.8-1,0.8,1.0,µm,rod-shaped,0.0,,negative,134079,31193,1,,2017-12-01 12:54:15
2644,1-1.5,1.0,1.5,µm,0.8-1,0.8,1.0,µm,rod-shaped,0.0,,negative,134080,31193,1,,2017-12-01 12:54:15
2645,1.2-1.5,1.2,1.5,µm,0.8-1,0.8,1.0,µm,rod-shaped,0.0,,negative,134081,31193,1,,2017-12-01 12:54:15
2646,1-1.2,1.0,1.2,µm,0.8-1,0.8,1.0,µm,rod-shaped,0.0,,negative,134082,31193,1,,2017-12-01 12:54:15
2647,1-1.5,1.0,1.5,µm,0.8-1,0.8,1.0,µm,rod-shaped,0.0,,negative,134083,31193,1,,2017-12-01 12:54:15
2648,5.5,5.5,5.5,µm,0.65,0.65,0.65,µm,rod-shaped,1.0,,positive,14405,28936,1,,2017-12-01 12:54:15
2649,1,1.0,1.0,µm,0.65,0.65,0.65,µm,rod-shaped,1.0,,negative,133438,28986,1,,2017-12-01 12:54:15
2650,,,,,,,,,rod-shaped,0.0,,positive,4263,29394,1,,2017-12-01 12:54:15
2651,1.1-1.8,1.1,1.8,µm,0.3-0.5,0.3,0.5,µm,rod-shaped,1.0,,positive,7505,28909,1,,2017-12-01 12:54:15
2652,4.95,4.95,4.95,µm,0.3,0.3,0.3,µm,,1.0,,negative,17798,29275,1,,2017-12-01 12:54:15
2653,1.65,1.65,1.65,µm,0.7,0.7,0.7,µm,rod-shaped,1.0,,negative,14259,28989,1,,2017-12-01 12:54:15
2654,,,,,,,,,rod-shaped,1.0,,negative,17237,29025,1,,2017-12-01 12:54:15
2655,,,,,,,,,rod-shaped,1.0,,negative,17349,29024,1,,2017-12-01 12:54:15
2656,1.6,1.6,1.6,µm,0.65,0.65,0.65,µm,rod-shaped,0.0,,negative,12563,28959,1,,2017-12-01 12:54:15
2657,2.15,2.15,2.15,µm,0.65,0.65,0.65,µm,rod-shaped,1.0,,negative,2287,28990,1,,2017-12-01 12:54:15
2658,1.4,1.4,1.4,µm,0.5,0.5,0.5,µm,rod-shaped,0.0,,positive,1747,29102,1,,2017-12-01 12:54:15
2659,2.5,2.5,2.5,µm,1,1.0,1.0,µm,rod-shaped,1.0,,positive,6692,29109,1,,2017-12-01 12:54:15
2660,1.4,1.4,1.4,µm,0.6,0.6,0.6,µm,rod-shaped,0.0,,positive,1294,29085,1,,2017-12-01 12:54:15
2661,2.15,2.15,2.15,µm,0.45,0.45,0.45,µm,rod-shaped,1.0,,negative,11298,29682,1,,2017-12-01 12:54:15
2662,1.5,1.5,1.5,µm,0.6,0.6,0.6,µm,rod-shaped,1.0,,positive,1774,29057,1,,2017-12-01 12:54:15
2663,1.15,1.15,1.15,µm,1.15,1.15,1.15,µm,ovoid-shaped,0.0,,negative,24159,31146,1,,2017-12-01 12:54:15
2664,1.75,1.75,1.75,µm,0.8,0.8,0.8,µm,ovoid-shaped,0.0,,negative,133480,29140,1,,2017-12-01 12:54:15
2665,2.1,2.1,2.1,µm,0.25,0.25,0.25,µm,rod-shaped,1.0,gliding,negative,133478,29124,1,,2017-12-01 12:54:15
2666,,,,,,,,,,,,positive,130718,29139,1,,2017-12-01 12:54:15
2667,1.5,1.5,1.5,µm,1,1.0,1.0,µm,rod-shaped,0.0,,negative,12522,29161,1,,2017-12-01 12:54:15
2668,1.5,1.5,1.5,µm,1,1.0,1.0,µm,rod-shaped,0.0,,negative,12523,29161,1,,2017-12-01 12:54:15
2669,,,,,,,,,,0.0,,,12616,29168,1,,2017-12-01 12:54:15
2670,,,,,1.35,1.35,1.35,µm,coccus-shaped,,,,12617,29168,1,,2017-12-01 12:54:15
2671,,,,,0.65,0.65,0.65,µm,coccus-shaped,,,,12618,29168,1,,2017-12-01 12:54:15
2672,,,,,0.85,0.85,0.85,µm,coccus-shaped,,,,12619,29168,1,,2017-12-01 12:54:15
2673,4.25,4.25,4.25,µm,0.3,0.3,0.3,µm,rod-shaped,0.0,,,17854,30394,1,,2017-12-01 12:54:15
2674,,,,,1.5-2,1.5,2.0,µm,rod-shaped,1.0,,positive,13207,29447,1,,2017-12-01 12:54:15
2675,,,,,1.5-1.8,1.5,1.8,µm,rod-shaped,1.0,,positive,13208,29447,1,,2017-12-01 12:54:15
2676,1.1,1.1,1.1,µm,0.6,0.6,0.6,µm,rod-shaped,0.0,,positive,18133,29446,1,,2017-12-01 12:54:15
2677,3.0-5.0,3.0,5.0,µm,1.0-1.5,1.0,1.5,µm,rod-shaped,1.0,,positive,1570,30028,1,,2017-12-01 12:54:15
2678,9,9.0,9.0,µm,0.45,0.45,0.45,µm,rod-shaped,0.0,,positive,17803,29349,1,,2017-12-01 12:54:15
2679,1.45,1.45,1.45,µm,1,1.0,1.0,µm,ovoid-shaped,0.0,,negative,133525,29328,1,,2017-12-01 12:54:15
2680,,,,,,,,,rod-shaped,0.0,,positive,24182,29818,1,,2017-12-01 12:54:15
2681,,,,,0.4-0.6,0.4,0.6,µm,,0.0,,positive,8046,29470,1,,2017-12-01 12:54:15
2682,1.75,1.75,1.75,µm,0.75,0.75,0.75,µm,rod-shaped,0.0,,negative,133512,29245,1,,2017-12-01 12:54:15
2683,1.5,1.5,1.5,µm,0.45,0.45,0.45,µm,rod-shaped,0.0,,positive,1681,29335,1,,2017-12-01 12:54:15
2684,2.25,2.25,2.25,µm,0.7,0.7,0.7,µm,,0.0,,negative,131258,30704,1,,2017-12-01 12:54:15
2685,2,2.0,2.0,µm,0.5,0.5,0.5,µm,rod-shaped,0.0,,negative,17913,29313,1,,2017-12-01 12:54:15
2686,2,2.0,2.0,µm,,,,,rod-shaped,1.0,,negative,133529,29346,1,,2017-12-01 12:54:15
2687,,,,,,,,,,,,positive,7845,29270,1,,2017-12-01 12:54:15
2688,,,,,,,,,,,,positive,7844,29270,1,,2017-12-01 12:54:15
2689,1.2,1.2,1.2,µm,0.5,0.5,0.5,µm,coccus-shaped,0.0,,positive,133519,29269,1,,2017-12-01 12:54:15
2690,,,,,,,,,coccus-shaped,,,positive,14846,29419,1,,2017-12-01 12:54:15
2691,2.1,2.1,2.1,µm,0.8,0.8,0.8,µm,rod-shaped,0.0,,negative,12501,29308,1,,2017-12-01 12:54:15
2692,0.9,0.9,0.9,µm,0.35,0.35,0.35,µm,rod-shaped,,,,17839,29412,1,,2017-12-01 12:54:15
2693,2,2.0,2.0,µm,,,,,rod-shaped,1.0,,negative,133538,29404,1,,2017-12-01 12:54:15
2695,,,,,,,,,rod-shaped,0.0,,positive,16473,29742,1,,2017-12-01 12:54:15
2696,,,,,,,,,rod-shaped,1.0,,positive,16474,29742,1,,2017-12-01 12:54:15
2697,,,,,,,,,rod-shaped,1.0,,positive,16472,29742,1,,2017-12-01 12:54:15
2698,,,,,1.5-2,1.5,2.0,µm,rod-shaped,1.0,,positive,13209,29447,1,,2017-12-01 12:54:15
2699,1.5-2.5,1.5,2.5,µm,0.6-0.8,0.6,0.8,µm,rod-shaped,0.0,,negative,12565,29614,1,,2017-12-01 12:54:15
2700,8.75,8.75,8.75,µm,0.25,0.25,0.25,µm,rod-shaped,0.0,,negative,17819,29407,1,,2017-12-01 12:54:15
2701,1.5-6,1.5,6.0,µm,0.6-0.8,0.6,0.8,µm,rod-shaped,0.0,,positive,133572,29590,1,,2017-12-01 12:54:15
2702,4,4.0,4.0,µm,0.5,0.5,0.5,µm,rod-shaped,0.0,,,17857,29522,1,,2017-12-01 12:54:15
2703,1.6,1.6,1.6,µm,0.65,0.65,0.65,µm,rod-shaped,0.0,,,133542,29422,1,,2017-12-01 12:54:15
2704,1.75,1.75,1.75,µm,0.85,0.85,0.85,µm,rod-shaped,0.0,,negative,1991,29628,1,,2017-12-01 12:54:15
2705,2-2.5,2.0,2.5,µm,0.8-1,0.8,1.0,µm,rod-shaped,1.0,,negative,5970,29502,1,,2017-12-01 12:54:15
2706,2,2.0,2.0,µm,0.6,0.6,0.6,µm,rod-shaped,0.0,,positive,17887,29509,1,,2017-12-01 12:54:15
2707,,,,,,,,,rod-shaped,0.0,,positive,8050,29587,1,,2017-12-01 12:54:15
2708,0.7-2.9,0.7,2.9,µm,0.5-1,0.5,1.0,µm,rod-shaped,0.0,,negative,1628,29531,1,,2017-12-01 12:54:15
2709,1-2.5,1.0,2.5,µm,1-1.4,1.0,1.4,µm,rod-shaped,0.0,,negative,1629,29531,1,,2017-12-01 12:54:15
2710,1.4-55.0,1.4,55.0,µm,1-1.9,1.0,1.9,µm,rod-shaped,0.0,,negative,1630,29531,1,,2017-12-01 12:54:15
2711,2.4,2.4,2.4,µm,0.6,0.6,0.6,µm,ovoid-shaped,,,negative,14033,29508,1,,2017-12-01 12:54:15
2712,9.2,9.2,9.2,µm,1.15,1.15,1.15,µm,rod-shaped,0.0,,negative,12521,29508,1,,2017-12-01 12:54:15
2713,0.9-2.6,0.9,2.6,µm,0.4-1.1,0.4,1.1,µm,rod-shaped,0.0,,positive,3068,29633,1,,2017-12-01 12:54:15
2714,0.8-1.9,0.8,1.9,µm,0.4,0.4,0.4,µm,rod-shaped,0.0,,negative,24747,29932,1,,2017-12-01 12:54:15
2715,3.1,3.1,3.1,µm,0.95,0.95,0.95,µm,rod-shaped,0.0,,negative,16638,29564,1,,2017-12-01 12:54:15
2716,1.15,1.15,1.15,µm,0.85,0.85,0.85,µm,coccus-shaped,0.0,,negative,133637,29874,1,,2017-12-01 12:54:15
2717,,,,,,,,,rod-shaped,0.0,,positive,11239,29612,1,,2017-12-01 12:54:15
2718,,,,,,,,,ovoid-shaped,,,positive,17888,29653,1,,2017-12-01 12:54:15
2719,2.25,2.25,2.25,µm,0.6,0.6,0.6,µm,rod-shaped,1.0,,positive,11655,29840,1,,2017-12-01 12:54:15
2720,1.6,1.6,1.6,µm,0.65,0.65,0.65,µm,rod-shaped,0.0,,negative,133562,29532,1,,2017-12-01 12:54:15
2721,,,,,,,,,,,,positive,7875,29583,1,,2017-12-01 12:54:15
2722,2.8,2.8,2.8,µm,0.9,0.9,0.9,µm,rod-shaped,0.0,,negative,17918,29760,1,,2017-12-01 12:54:15
2723,1.5-7,1.5,7.0,µm,0.8,0.8,0.8,µm,rod-shaped,0.0,,positive,6696,29704,1,,2017-12-01 12:54:15
2724,3.5,3.5,3.5,µm,0.55,0.55,0.55,µm,rod-shaped,0.0,,negative,17916,29623,1,,2017-12-01 12:54:15
2725,,,,,,,,,,,,positive,16479,29705,1,,2017-12-01 12:54:15
2726,0.6,0.6,0.6,µm,0.6,0.6,0.6,µm,coccus-shaped,,,positive,14847,29731,1,,2017-12-01 12:54:15
2727,2,2.0,2.0,µm,1.5,1.5,1.5,µm,coccus-shaped,0.0,,negative,7213,29728,1,,2017-12-01 12:54:15
2728,01-05,1.0,5.0,µm,,,,,rod-shaped,0.0,,negative,133573,29592,1,,2017-12-01 12:54:15
2729,2.5-3.5,2.5,3.5,µm,,,,,rod-shaped,0.0,,negative,133576,29619,1,,2017-12-01 12:54:15
2730,2.5,2.5,2.5,µm,0.6,0.6,0.6,µm,rod-shaped,1.0,,positive,23172,30280,1,,2017-12-01 12:54:15
2731,0.3-2,0.3,2.0,µm,0.3-0.5,0.3,0.5,µm,ovoid-shaped,0.0,,positive,133606,29721,1,,2017-12-01 12:54:15
2732,3-25.5,3.0,25.5,µm,0.4-0.6,0.4,0.6,µm,rod-shaped,1.0,gliding,negative,133597,29687,1,,2017-12-01 12:54:15
2733,18,18.0,18.0,µm,0.55,0.55,0.55,µm,rod-shaped,1.0,gliding,negative,133719,30265,1,,2017-12-01 12:54:15
2734,11-25,11.0,25.0,µm,0.5-0.6,0.5,0.6,µm,rod-shaped,1.0,,negative,7136,29752,1,,2017-12-01 12:54:15
2735,1.9,1.9,1.9,µm,0.5,0.5,0.5,µm,rod-shaped,0.0,,negative,23241,29724,1,,2017-12-01 12:54:15
2736,1.9,1.9,1.9,µm,0.5,0.5,0.5,µm,rod-shaped,0.0,,negative,23240,29724,1,,2017-12-01 12:54:15
2737,2.15,2.15,2.15,µm,1.35,1.35,1.35,µm,rod-shaped,0.0,,positive,133608,29727,1,,2017-12-01 12:54:15
2738,7,7.0,7.0,µm,0.5,0.5,0.5,µm,rod-shaped,0.0,,positive,23082,30672,1,,2017-12-01 12:54:15
2739,1.5,1.5,1.5,µm,0.55,0.55,0.55,µm,rod-shaped,1.0,,negative,14299,30347,1,,2017-12-01 12:54:15
2740,,,,,,,,,ovoid-shaped,1.0,,positive,24209,31098,1,,2017-12-01 12:54:15
2741,,,,,,,,,,,,positive,133792,30517,1,,2017-12-01 12:54:15
2742,,,,,,,,,,0.0,,positive,133795,30538,1,,2017-12-01 12:54:15
2743,,,,,,,,,,0.0,,positive,24458,29812,1,,2017-12-01 12:54:15
2744,,,,,,,,,,,,positive,11163,29817,1,,2017-12-01 12:54:15
2745,,,,,,,,,rod-shaped,1.0,,negative,133754,30405,1,,2017-12-01 12:54:15
2746,3.75,3.75,3.75,µm,0.8,0.8,0.8,µm,rod-shaped,0.0,,positive,6865,29878,1,,2017-12-01 12:54:15
2747,3.55,3.55,3.55,µm,0.3,0.3,0.3,µm,rod-shaped,0.0,,variable,6952,29854,1,,2017-12-01 12:54:15
2748,3,3.0,3.0,µm,0.3,0.3,0.3,µm,rod-shaped,0.0,,variable,6951,29854,1,,2017-12-01 12:54:15
2749,,,,,,,,,rod-shaped,1.0,,negative,133718,30264,1,,2017-12-01 12:54:15
2750,,,,,,,,,ovoid-shaped,0.0,,negative,140047,30573,1,,2017-12-01 12:54:15
2751,3.25,3.25,3.25,µm,1.2,1.2,1.2,µm,ovoid-shaped,0.0,,negative,23339,30678,1,,2017-12-01 12:54:15
2752,2.75,2.75,2.75,µm,0.9,0.9,0.9,µm,ovoid-shaped,0.0,,negative,133971,30977,1,,2017-12-01 12:54:15
2753,2,2.0,2.0,µm,2,2.0,2.0,µm,coccus-shaped,1.0,,negative,133899,30814,1,,2017-12-01 12:54:15
2754,1,1.0,1.0,µm,1,1.0,1.0,µm,coccus-shaped,0.0,,negative,23458,30595,1,,2017-12-01 12:54:15
2755,,,,,,,,,ovoid-shaped,1.0,,,24217,30745,1,,2017-12-01 12:54:15
2756,,,,,,,,,,0.0,,positive,12608,30432,1,,2017-12-01 12:54:15
2757,,,,,,,,,ovoid-shaped,,,positive,23316,30853,1,,2017-12-01 12:54:15
2758,,,,,,,,,ovoid-shaped,,,positive,23317,30853,1,,2017-12-01 12:54:15
2759,1.25,1.25,1.25,µm,0.5,0.5,0.5,µm,rod-shaped,1.0,,negative,23341,29909,1,,2017-12-01 12:54:15
2760,2.05,2.05,2.05,µm,1.05,1.05,1.05,µm,rod-shaped,0.0,,negative,133127,30702,1,,2017-12-01 12:54:15
2761,,,,,,,,,ovoid-shaped,0.0,,positive,133790,30514,1,,2017-12-01 12:54:15
2762,,,,,1.75,1.75,1.75,µm,coccus-shaped,0.0,,negative,132905,30498,1,,2017-12-01 12:54:15
2763,2,2.0,2.0,µm,,,,,rod-shaped,1.0,,,16810,30244,1,,2017-12-01 12:54:15
2764,2.5,2.5,2.5,µm,1.4,1.4,1.4,µm,rod-shaped,0.0,,negative,22936,30294,1,,2017-12-01 12:54:15
2765,8.5,8.5,8.5,µm,1.2,1.2,1.2,µm,rod-shaped,0.0,,negative,131249,30294,1,,2017-12-01 12:54:15
2766,8.5,8.5,8.5,µm,1.2,1.2,1.2,µm,rod-shaped,0.0,,negative,24336,31031,1,,2017-12-01 12:54:15
2767,,,,,,,,,,0.0,,negative,24797,30875,1,,2017-12-01 12:54:15
2768,1.25,1.25,1.25,µm,0.65,0.65,0.65,µm,rod-shaped,1.0,,negative,133879,30751,1,,2017-12-01 12:54:15
2769,1.58,1.58,1.58,µm,0.42,0.42,0.42,µm,rod-shaped,1.0,,negative,133668,30040,1,,2017-12-01 12:54:15
2770,01-02,1.0,2.0,µm,0.5-0.7,0.5,0.7,µm,rod-shaped,0.0,,positive,7512,30227,1,,2017-12-01 12:54:15
2771,,,,,,,,,,0.0,,positive,7853,30564,1,,2017-12-01 12:54:15
2772,1.95,1.95,1.95,µm,0.9,0.9,0.9,µm,rod-shaped,1.0,,,3037,30438,1,,2017-12-01 12:54:15
2773,3.5,3.5,3.5,µm,0.65,0.65,0.65,µm,rod-shaped,1.0,gliding,negative,23149,30624,1,,2017-12-01 12:54:15
2774,,,,,0.4,0.4,0.4,µm,coccus-shaped,0.0,,negative,23576,30236,1,,2017-12-01 12:54:15
2775,0.5-0.6,0.5,0.6,µm,0.4-0.6,0.4,0.6,µm,rod-shaped,1.0,,negative,133711,30237,1,,2017-12-01 12:54:15
2776,,,,,0.4,0.4,0.4,µm,coccus-shaped,0.0,,negative,23577,30236,1,,2017-12-01 12:54:15
2777,6,6.0,6.0,µm,1.5,1.5,1.5,µm,rod-shaped,1.0,,positive,2377,30542,1,,2017-12-01 12:54:15
2778,6,6.0,6.0,µm,2,2.0,2.0,µm,rod-shaped,1.0,,positive,2376,30542,1,,2017-12-01 12:54:15
2779,1.45,1.45,1.45,µm,0.59,0.59,0.59,µm,ovoid-shaped,,,negative,23783,30683,1,,2017-12-01 12:54:15
2780,1.15,1.15,1.15,µm,0.56,0.56,0.56,µm,ovoid-shaped,,,negative,23782,30683,1,,2017-12-01 12:54:15
2781,1.35,1.35,1.35,µm,0.59,0.59,0.59,µm,ovoid-shaped,,,negative,23784,30683,1,,2017-12-01 12:54:15
2782,1.39,1.39,1.39,µm,0.52,0.52,0.52,µm,ovoid-shaped,,,negative,23781,30683,1,,2017-12-01 12:54:15
2783,1.5-3.0,1.5,3.0,µm,1,1.0,1.0,µm,rod-shaped,0.0,,positive,6701,30248,1,,2017-12-01 12:54:15
2784,01-10,1.0,10.0,µm,0.7,0.7,0.7,µm,rod-shaped,0.0,,positive,6702,30248,1,,2017-12-01 12:54:15
2785,2,2.0,2.0,µm,1.2,1.2,1.2,µm,,0.0,,negative,45,30251,1,,2017-12-01 12:54:15
2786,8.7-9,8.7,9.0,µm,2.9-3,2.9,3.0,µm,rod-shaped,0.0,,positive,6703,30252,1,,2017-12-01 12:54:15
2787,,,,,,,,,coccus-shaped,,,positive,23118,30648,1,,2017-12-01 12:54:15
2788,0.85,0.85,0.85,µm,0.7,0.7,0.7,µm,rod-shaped,0.0,,positive,22938,30570,1,,2017-12-01 12:54:15
2789,2.75,2.75,2.75,µm,0.55,0.55,0.55,µm,rod-shaped,1.0,,negative,22990,30733,1,,2017-12-01 12:54:15
2790,,,,,0.7,0.7,0.7,µm,coccus-shaped,0.0,,negative,13879,30298,1,,2017-12-01 12:54:15
2791,6.5,6.5,6.5,µm,2.15,2.15,2.15,µm,rod-shaped,1.0,,positive,23737,30373,1,,2017-12-01 12:54:15
2792,2.25,2.25,2.25,µm,0.8,0.8,0.8,µm,rod-shaped,1.0,,negative,24744,31105,1,,2017-12-01 12:54:15
2793,1.99,1.99,1.99,µm,0.9,0.9,0.9,µm,rod-shaped,1.0,,negative,7200,30510,1,,2017-12-01 12:54:15
2794,1.6,1.6,1.6,µm,0.75,0.75,0.75,µm,rod-shaped,1.0,,negative,133743,30374,1,,2017-12-01 12:54:15
2795,1.6,1.6,1.6,µm,0.85,0.85,0.85,µm,rod-shaped,1.0,,negative,133744,30374,1,,2017-12-01 12:54:15
2796,0.6,0.6,0.6,µm,0.4,0.4,0.4,µm,rod-shaped,0.0,,negative,133787,30497,1,,2017-12-01 12:54:15
2797,0.75,0.75,0.75,µm,0.55,0.55,0.55,µm,ovoid-shaped,0.0,,positive,17842,30414,1,,2017-12-01 12:54:15
2798,1.35,1.35,1.35,µm,0.85,0.85,0.85,µm,rod-shaped,1.0,,negative,133777,30472,1,,2017-12-01 12:54:15
2799,2,2.0,2.0,µm,0.8,0.8,0.8,µm,rod-shaped,1.0,,negative,133778,30472,1,,2017-12-01 12:54:15
2800,1.2,1.2,1.2,µm,0.85,0.85,0.85,µm,rod-shaped,1.0,,negative,133779,30472,1,,2017-12-01 12:54:15
2801,,,,,,,,,,,,positive,23319,30863,1,,2017-12-01 12:54:15
2802,,,,,,,,,,,,positive,23123,30512,1,,2017-12-01 12:54:15
2803,,,,,,,,,,,,positive,23125,30512,1,,2017-12-01 12:54:15
2804,,,,,,,,,,,,positive,23124,30512,1,,2017-12-01 12:54:15
2805,2,2.0,2.0,µm,0.4,0.4,0.4,µm,rod-shaped,1.0,,positive,23741,30506,1,,2017-12-01 12:54:15
2806,0.875,0.88,0.88,µm,0.875,0.88,0.88,µm,coccus-shaped,0.0,,positive,24607,30904,1,,2017-12-01 12:54:15
2807,0.875,0.88,0.88,µm,0.875,0.88,0.88,µm,coccus-shaped,,,positive,24608,30904,1,,2017-12-01 12:54:15
2808,4,4.0,4.0,µm,0.7,0.7,0.7,µm,rod-shaped,0.0,,positive,17840,30586,1,,2017-12-01 12:54:15
2809,3,3.0,3.0,µm,0.65,0.65,0.65,µm,rod-shaped,0.0,,positive,17841,30586,1,,2017-12-01 12:54:15
2810,0.5,0.5,0.5,µm,0.5,0.5,0.5,µm,coccus-shaped,0.0,,negative,132910,30703,1,,2017-12-01 12:54:15
2811,0.6,0.6,0.6,µm,0.6,0.6,0.6,µm,coccus-shaped,,,positive,23299,30590,1,,2017-12-01 12:54:15
2812,1.25,1.25,1.25,µm,0.3,0.3,0.3,µm,rod-shaped,1.0,,negative,23031,30588,1,,2017-12-01 12:54:15
2813,3.25,3.25,3.25,µm,0.95,0.95,0.95,µm,rod-shaped,0.0,,negative,130608,30728,1,,2017-12-01 12:54:15
2814,2.75,2.75,2.75,µm,0.4,0.4,0.4,µm,,1.0,,negative,133873,30734,1,,2017-12-01 12:54:15
2815,,,,,,,,,,0.0,,positive,133878,30750,1,,2017-12-01 12:54:15
2816,2.13,2.13,2.13,µm,0.37,0.37,0.37,µm,rod-shaped,1.0,,negative,133831,30623,1,,2017-12-01 12:54:15
2817,1.95,1.95,1.95,µm,0.8,0.8,0.8,µm,rod-shaped,0.0,,positive,23077,30752,1,,2017-12-01 12:54:15
2818,6.7,6.7,6.7,µm,0.7,0.7,0.7,µm,rod-shaped,0.0,,positive,22946,30705,1,,2017-12-01 12:54:15
2819,2.1,2.1,2.1,µm,0.8,0.8,0.8,µm,rod-shaped,0.0,,negative,133840,30643,1,,2017-12-01 12:54:15
2820,0.8,0.8,0.8,µm,0.8,0.8,0.8,µm,,0.0,,negative,24087,30803,1,,2017-12-01 12:54:15
2821,2.25,2.25,2.25,µm,0.25,0.25,0.25,µm,,0.0,,negative,134029,31089,1,,2017-12-01 12:54:15
2822,6.5,6.5,6.5,µm,0.6,0.6,0.6,µm,rod-shaped,0.0,,negative,23035,30690,1,,2017-12-01 12:54:15
2823,1.39,1.39,1.39,µm,0.37,0.37,0.37,µm,rod-shaped,0.0,,negative,133846,30663,1,,2017-12-01 12:54:15
2824,0.55,0.55,0.55,µm,0.55,0.55,0.55,µm,coccus-shaped,0.0,,positive,22956,30759,1,,2017-12-01 12:54:15
2825,2.5,2.5,2.5,µm,1.1,1.1,1.1,µm,rod-shaped,1.0,,negative,24175,30947,1,,2017-12-01 12:54:15
2826,8.25,8.25,8.25,µm,0.75,0.75,0.75,µm,rod-shaped,0.0,,positive,24117,30848,1,,2017-12-01 12:54:15
2827,,,,,,,,,coccus-shaped,,,positive,133905,30843,1,,2017-12-01 12:54:15
2828,2.5,2.5,2.5,µm,1.2,1.2,1.2,µm,rod-shaped,1.0,,negative,24174,30947,1,,2017-12-01 12:54:15
2829,2.35,2.35,2.35,µm,0.45,0.45,0.45,µm,rod-shaped,0.0,,negative,130771,30732,1,,2017-12-01 12:54:15
2830,1.6,1.6,1.6,µm,1,1.0,1.0,µm,rod-shaped,1.0,,negative,133922,30880,1,,2017-12-01 12:54:15
2831,2.25,2.25,2.25,µm,1,1.0,1.0,µm,rod-shaped,0.0,,positive,24132,30898,1,,2017-12-01 12:54:15
2832,10.6,10.6,10.6,µm,0.2,0.2,0.2,µm,rod-shaped,1.0,,negative,23076,30908,1,,2017-12-01 12:54:15
2833,5,5.0,5.0,µm,1,1.0,1.0,µm,rod-shaped,0.0,,positive,24133,30984,1,,2017-12-01 12:54:15
2834,,,,,,,,,rod-shaped,1.0,,negative,130599,31093,1,,2017-12-01 12:54:15
2835,1.4,1.4,1.4,µm,1,1.0,1.0,µm,rod-shaped,0.0,,negative,133949,30930,1,,2017-12-01 12:54:15
2836,0.8,0.8,0.8,µm,0.4,0.4,0.4,µm,rod-shaped,0.0,,positive,24188,30909,1,,2017-12-01 12:54:15
2837,2.35,2.35,2.35,µm,0.35,0.35,0.35,µm,rod-shaped,1.0,,positive,133954,30941,1,,2017-12-01 12:54:15
2838,4,4.0,4.0,µm,0.7,0.7,0.7,µm,rod-shaped,1.0,,positive,24287,30943,1,,2017-12-01 12:54:15
2839,,,,,,,,,,,,positive,24621,31130,1,,2017-12-01 12:54:15
2840,4.2,4.2,4.2,µm,0.55,0.55,0.55,µm,rod-shaped,1.0,,positive,133964,30965,1,,2017-12-01 12:54:15
2841,2,2.0,2.0,µm,,,,,rod-shaped,0.0,,negative,24651,31040,1,,2017-12-01 12:54:15
2842,,,,,,,,,,1.0,,negative,133995,31021,1,,2017-12-01 12:54:15
2843,1.85,1.85,1.85,µm,1,1.0,1.0,µm,rod-shaped,0.0,,positive,24134,31094,1,,2017-12-01 12:54:15
2844,,,,,,,,,ovoid-shaped,,,positive,130321,31124,1,,2017-12-01 12:54:15
2845,,,,,,,,,ovoid-shaped,0.0,,positive,134042,31125,1,,2017-12-01 12:54:15
2846,3.5,3.5,3.5,µm,1.25,1.25,1.25,µm,rod-shaped,1.0,,negative,24301,31091,1,,2017-12-01 12:54:15
2847,0.8,0.8,0.8,µm,0.65,0.65,0.65,µm,ovoid-shaped,0.0,,positive,24109,31079,1,,2017-12-01 12:54:15
2848,1.5,1.5,1.5,µm,0.45,0.45,0.45,µm,rod-shaped,0.0,,positive,24207,31139,1,,2017-12-01 12:54:15
2849,1.6,1.6,1.6,µm,0.75,0.75,0.75,µm,rod-shaped,1.0,,negative,134017,31071,1,,2017-12-01 12:54:15
2850,1.1,1.1,1.1,µm,0.75,0.75,0.75,µm,rod-shaped,0.0,,negative,134018,31071,1,,2017-12-01 12:54:15
2851,1.1,1.1,1.1,µm,0.75,0.75,0.75,µm,rod-shaped,1.0,,negative,134019,31071,1,,2017-12-01 12:54:15
2852,3,3.0,3.0,µm,0.7,0.7,0.7,µm,rod-shaped,0.0,,positive,6642,31094,1,,2017-12-01 12:54:15
2853,2.13,2.13,2.13,µm,0.38,0.38,0.38,µm,rod-shaped,1.0,,negative,134052,31144,1,,2017-12-01 12:54:15
2854,5,5.0,5.0,µm,0.8,0.8,0.8,µm,rod-shaped,0.0,,positive,24137,31129,1,,2017-12-01 12:54:15
2855,1.3,1.3,1.3,µm,0.6,0.6,0.6,µm,rod-shaped,1.0,,negative,11861,31512,1,,2017-12-01 12:54:15
2856,,,,,,,,,rod-shaped,1.0,,negative,13155,31984,1,,2017-12-01 12:54:15
2857,3.5,3.5,3.5,µm,0.4,0.4,0.4,µm,rod-shaped,1.0,,negative,134114,31401,1,,2017-12-01 12:54:15
2858,,,,,,,,,rod-shaped,,,negative,1981,32410,1,,2017-12-01 12:54:15
2859,,,,,,,,,,0.0,,positive,16411,29899,1,,2017-12-01 12:54:15
2860,1.4,1.4,1.4,µm,0.55,0.55,0.55,µm,rod-shaped,1.0,,negative,11862,31512,1,,2017-12-01 12:54:15
2861,2.8,2.8,2.8,µm,0.9,0.9,0.9,µm,rod-shaped,1.0,,negative,13769,31463,1,,2017-12-01 12:54:15
2862,,,,,,,,,,1.0,,negative,4401,30090,1,,2017-12-01 12:54:15
2863,01-02,1.0,2.0,µm,0.5,0.5,0.5,µm,rod-shaped,1.0,,negative,134120,31430,1,,2017-12-01 12:54:15
2864,1.5-2,1.5,2.0,µm,,,,,rod-shaped,0.0,,negative,7141,30080,1,,2017-12-01 12:54:15
2865,,,,,,,,,rod-shaped,0.0,,positive,16614,29906,1,,2017-12-01 12:54:15
2866,,,,,,,,,rod-shaped,0.0,,positive,16615,29906,1,,2017-12-01 12:54:15
2867,2.5,2.5,2.5,µm,1,1.0,1.0,µm,rod-shaped,1.0,,negative,6039,29992,1,,2017-12-01 12:54:15
2868,2.5,2.5,2.5,µm,1,1.0,1.0,µm,rod-shaped,1.0,,negative,6040,29992,1,,2017-12-01 12:54:15
2869,2.5,2.5,2.5,µm,1.5,1.5,1.5,µm,rod-shaped,1.0,,negative,6041,29992,1,,2017-12-01 12:54:15
2870,,,,,,,,,rod-shaped,0.0,,positive,133695,30181,1,,2017-12-01 12:54:15
2871,1.25,1.25,1.25,µm,0.9,0.9,0.9,µm,rod-shaped,1.0,,negative,133674,30069,1,,2017-12-01 12:54:15
2872,2.6,2.6,2.6,µm,0.65,0.65,0.65,µm,rod-shaped,1.0,,positive,16846,31978,1,,2017-12-01 12:54:15
2873,1.45,1.45,1.45,µm,0.7,0.7,0.7,µm,rod-shaped,0.0,,negative,133650,29929,1,,2017-12-01 12:54:15
2874,1.2,1.2,1.2,µm,0.6,0.6,0.6,µm,rod-shaped,1.0,,negative,17504,29999,1,,2017-12-01 12:54:15
2875,1.9,1.9,1.9,µm,1,1.0,1.0,µm,rod-shaped,0.0,,negative,1613,31598,1,,2017-12-01 12:54:15
2876,,,,,,,,,coccus-shaped,0.0,,positive,14671,31818,1,,2017-12-01 12:54:15
2877,,,,,,,,,rod-shaped,0.0,,negative,23022,30148,1,,2017-12-01 12:54:15
2878,0.4,0.4,0.4,µm,0.3,0.3,0.3,µm,rod-shaped,1.0,,negative,10430,32399,1,,2017-12-01 12:54:15
2879,,,,,0.4-2.5,0.4,2.5,µm,coccus-shaped,0.0,,negative,14351,29882,1,,2017-12-01 12:54:15
2880,,,,,0.4-2.5,0.4,2.5,µm,coccus-shaped,0.0,,negative,14352,29882,1,,2017-12-01 12:54:15
2881,0.8-1,0.8,1.0,µm,0.4-0.5,0.4,0.5,µm,rod-shaped,1.0,,negative,16889,29920,1,,2017-12-01 12:54:15
2882,2,2.0,2.0,µm,0.4,0.4,0.4,µm,rod-shaped,1.0,,negative,4267,31874,1,,2017-12-01 12:54:15
2883,1.5-4.0,1.5,4.0,µm,0.5-1.0,0.5,1.0,µm,rod-shaped,0.0,,positive,6357,29938,1,,2017-12-01 12:54:15
2884,1.5-5.0,1.5,5.0,µm,0.5-1.0,0.5,1.0,µm,rod-shaped,0.0,,positive,6356,29938,1,,2017-12-01 12:54:15
2885,,,,,,,,,ovoid-shaped,0.0,,positive,134345,32552,1,,2017-12-01 12:54:15
2886,,,,,,,,,coccus-shaped,0.0,,positive,5268,31968,1,,2017-12-01 12:54:15
2887,4,4.0,4.0,µm,0.75,0.75,0.75,µm,rod-shaped,1.0,,positive,18080,28967,1,,2017-12-01 12:54:15
2888,,,,,,,,,,0.0,,positive,13386,29897,1,,2017-12-01 12:54:15
2889,2.5,2.5,2.5,µm,0.8,0.8,0.8,µm,rod-shaped,1.0,,negative,133661,30003,1,,2017-12-01 12:54:15
2890,2,2.0,2.0,µm,0.95,0.95,0.95,µm,rod-shaped,0.0,,positive,134093,31238,1,,2017-12-01 12:54:15
2891,,,,,,,,,coccus-shaped,0.0,,positive,13277,30091,1,,2017-12-01 12:54:15
2892,1.1,1.1,1.1,µm,0.45,0.45,0.45,µm,rod-shaped,0.0,,positive,133703,30219,1,,2017-12-01 12:54:15
2893,,,,,,,,,rod-shaped,0.0,,,8493,29969,1,,2017-12-01 12:54:15
2894,8.5,8.5,8.5,µm,0.5,0.5,0.5,µm,rod-shaped,,,negative,5649,29881,1,,2017-12-01 12:54:15
2895,0.4,0.4,0.4,µm,,,,,coccus-shaped,,,negative,17177,30111,1,,2017-12-01 12:54:15
2896,0.45,0.45,0.45,µm,0.3,0.3,0.3,µm,ovoid-shaped,0.0,,negative,17123,31511,1,,2017-12-01 12:54:15
2897,,,,,,,,,rod-shaped,0.0,,,13254,29926,1,,2017-12-01 12:54:15
2898,,,,,,,,,coccus-shaped,,,,8349,30561,1,,2017-12-01 12:54:15
2899,1.95,1.95,1.95,µm,0.4,0.4,0.4,µm,rod-shaped,0.0,,negative,12542,31472,1,,2017-12-01 12:54:15
2900,3.25,3.25,3.25,µm,0.7,0.7,0.7,µm,,0.0,,negative,12564,28945,1,,2017-12-01 12:54:15
2901,2.2-7.5,2.2,7.5,µm,0.5-0.6,0.5,0.6,µm,rod-shaped,0.0,,negative,5724,31634,1,,2017-12-01 12:54:15
2902,1.6,1.6,1.6,µm,0.45,0.45,0.45,µm,rod-shaped,1.0,gliding,negative,3249,31522,1,,2017-12-01 12:54:15
2903,1.5,1.5,1.5,µm,0.7,0.7,0.7,µm,rod-shaped,1.0,,negative,14070,30143,1,,2017-12-01 12:54:15
2904,0.97-1.95,0.97,1.95,µm,0.36-0.45,0.36,0.45,µm,rod-shaped,0.0,,negative,14152,30105,1,,2017-12-01 12:54:15
2905,,,,,,,,,rod-shaped,,,negative,133664,30021,1,,2017-12-01 12:54:15
2906,,,,,,,,,rod-shaped,,,negative,133665,30021,1,,2017-12-01 12:54:15
2907,2.25,2.25,2.25,µm,0.21,0.21,0.21,µm,rod-shaped,1.0,gliding,negative,5629,29948,1,,2017-12-01 12:54:15
2908,,,,,,,,,rod-shaped,1.0,,negative,13683,31382,1,,2017-12-01 12:54:15
2909,2,2.0,2.0,µm,0.75,0.75,0.75,µm,rod-shaped,1.0,,negative,4350,29987,1,,2017-12-01 12:54:15
2910,2,2.0,2.0,µm,0.75,0.75,0.75,µm,rod-shaped,1.0,,negative,4351,29987,1,,2017-12-01 12:54:15
2911,2,2.0,2.0,µm,0.75,0.75,0.75,µm,rod-shaped,1.0,,negative,4352,29987,1,,2017-12-01 12:54:15
2912,2,2.0,2.0,µm,0.75,0.75,0.75,µm,rod-shaped,1.0,,negative,4349,29987,1,,2017-12-01 12:54:15
2913,04-05,4.0,5.0,µm,1,1.0,1.0,µm,rod-shaped,1.0,,positive,1537,29961,1,,2017-12-01 12:54:15
2914,0.9-2.0,0.9,2.0,µm,0.4-0.5,0.4,0.5,µm,rod-shaped,1.0,,negative,519,29986,1,,2017-12-01 12:54:15
2915,1.7-2.0,1.7,2.0,µm,0.8-1,0.8,1.0,µm,rod-shaped,1.0,,positive,11118,29907,1,,2017-12-01 12:54:15
2916,2.0-3.0,2.0,3.0,µm,1,1.0,1.0,µm,rod-shaped,1.0,,negative,11871,29988,1,,2017-12-01 12:54:15
2917,,,,,,,,,rod-shaped,,,variable,11609,31536,1,,2017-12-01 12:54:15
2918,3.25,3.25,3.25,µm,1.15,1.15,1.15,µm,rod-shaped,0.0,,variable,1226,29923,1,,2017-12-01 12:54:15
2919,4.5,4.5,4.5,µm,1.3,1.3,1.3,µm,rod-shaped,1.0,,positive,1207,29872,1,,2017-12-01 12:54:15
2920,2.1,2.1,2.1,µm,0.66,0.66,0.66,µm,spiral-shaped,1.0,,negative,24101,30979,1,,2017-12-01 12:54:15
2921,1.05,1.05,1.05,µm,0.35,0.35,0.35,µm,rod-shaped,0.0,,positive,23348,30919,1,,2017-12-01 12:54:15
2922,1.2,1.2,1.2,µm,0.7,0.7,0.7,µm,rod-shaped,1.0,,positive,14254,32029,1,,2017-12-01 12:54:15
2923,,,,,,,,,rod-shaped,1.0,,negative,133564,29549,1,,2017-12-01 12:54:15
2924,,,,,,,,,rod-shaped,,,negative,2323,29604,1,,2017-12-01 12:54:15
2925,,,,,,,,,rod-shaped,,,negative,2324,29604,1,,2017-12-01 12:54:15
2926,0.9,0.9,0.9,µm,0.35,0.35,0.35,µm,rod-shaped,0.0,,negative,133951,30933,1,,2017-12-01 12:54:15
2927,,,,,1.3,1.3,1.3,µm,rod-shaped,0.0,,positive,13395,31757,1,,2017-12-01 12:54:15
2928,3.25,3.25,3.25,µm,0.7,0.7,0.7,µm,rod-shaped,1.0,,negative,11581,30123,1,,2017-12-01 12:54:15
2929,3.5,3.5,3.5,µm,0.8,0.8,0.8,µm,rod-shaped,1.0,,variable,1257,29918,1,,2017-12-01 12:54:15
2930,,,,,,,,,coccus-shaped,0.0,,positive,14410,30016,1,,2017-12-01 12:54:15
2931,,,,,,,,,ovoid-shaped,0.0,,positive,132143,30651,1,,2017-12-01 12:54:15
2932,,,,,,,,,ovoid-shaped,0.0,,positive,132142,30651,1,,2017-12-01 12:54:15
2933,2.3-4.2,2.3,4.2,µm,0.35-0.5,0.35,0.5,µm,rod-shaped,1.0,,negative,6001,31659,1,,2017-12-01 12:54:15
2934,,,,,,,,,ovoid-shaped,0.0,,negative,8142,28906,1,,2017-12-01 12:54:15
2935,2.5,2.5,2.5,µm,0.4,0.4,0.4,µm,rod-shaped,1.0,,negative,453,31245,1,,2017-12-01 12:54:15
2936,1.05,1.05,1.05,µm,0.4,0.4,0.4,µm,rod-shaped,0.0,,negative,14153,31354,1,,2017-12-01 12:54:15
2937,0.9,0.9,0.9,µm,0.55,0.55,0.55,µm,rod-shaped,0.0,,positive,7329,30029,1,,2017-12-01 12:54:15
2938,1.5,1.5,1.5,µm,0.4,0.4,0.4,µm,rod-shaped,1.0,,negative,11308,30085,1,,2017-12-01 12:54:15
2939,,,,,0.9,0.9,0.9,µm,coccus-shaped,0.0,,positive,7607,31342,1,,2017-12-01 12:54:15
2940,,,,,0.9,0.9,0.9,µm,coccus-shaped,0.0,,positive,7606,31342,1,,2017-12-01 12:54:15
2941,2.85,2.85,2.85,µm,0.65,0.65,0.65,µm,rod-shaped,0.0,,negative,4434,31279,1,,2017-12-01 12:54:15
2942,3.5,3.5,3.5,µm,0.5,0.5,0.5,µm,rod-shaped,0.0,,positive,17679,29914,1,,2017-12-01 12:54:15
2943,2.5,2.5,2.5,µm,0.5,0.5,0.5,µm,rod-shaped,1.0,,positive,1278,32239,1,,2017-12-01 12:54:15
2944,,,,,1.35,1.35,1.35,µm,coccus-shaped,,,positive,5813,29959,1,,2017-12-01 12:54:15
2945,1.6,1.6,1.6,µm,0.6,0.6,0.6,µm,rod-shaped,1.0,,negative,5539,31407,1,,2017-12-01 12:54:15
2946,1.7,1.7,1.7,µm,0.5,0.5,0.5,µm,rod-shaped,1.0,,negative,13895,31407,1,,2017-12-01 12:54:15
2947,3,3.0,3.0,µm,1,1.0,1.0,µm,ovoid-shaped,1.0,,negative,17351,29735,1,,2017-12-01 12:54:15
2948,1.35,1.35,1.35,µm,0.55,0.55,0.55,µm,rod-shaped,1.0,,negative,11931,31345,1,,2017-12-01 12:54:15
2949,1.5,1.5,1.5,µm,0.55,0.55,0.55,µm,rod-shaped,1.0,,negative,11932,31345,1,,2017-12-01 12:54:15
2950,1.9-2.5,1.9,2.5,µm,0.8-1.3,0.8,1.3,µm,rod-shaped,0.0,,negative,134145,31518,1,,2017-12-01 12:54:15
2951,1.1-2.5,1.1,2.5,µm,0.8-1.1,0.8,1.1,µm,rod-shaped,0.0,,negative,7217,31620,1,,2017-12-01 12:54:15
2952,1.55,1.55,1.55,µm,0.75,0.75,0.75,µm,rod-shaped,1.0,,negative,1944,30046,1,,2017-12-01 12:54:15
2953,1.1-1.3,1.1,1.3,µm,0.8,0.8,0.8,µm,rod-shaped,1.0,,negative,132885,31952,1,,2017-12-01 12:54:15
2954,,,,,,,,,coccus-shaped,1.0,,negative,11294,29887,1,,2017-12-01 12:54:15
2955,3,3.0,3.0,µm,0.7,0.7,0.7,µm,rod-shaped,0.0,,negative,5600,30088,1,,2017-12-01 12:54:15
2956,3.5,3.5,3.5,µm,1,1.0,1.0,µm,rod-shaped,0.0,,negative,13672,30155,1,,2017-12-01 12:54:15
2957,0.85,0.85,0.85,µm,0.85,0.85,0.85,µm,coccus-shaped,0.0,,positive,1235,31319,1,,2017-12-01 12:54:15
2958,10,10.0,10.0,µm,0.275,0.28,0.28,µm,rod-shaped,0.0,,positive,545,31594,1,,2017-12-01 12:54:15
2959,0.9-1.6,0.9,1.6,µm,0.7-1.3,0.7,1.3,µm,ovoid-shaped,0.0,,negative,13856,29756,1,,2017-12-01 12:54:15
2960,,,,,,,,,,0.0,,positive,13252,29908,1,,2017-12-01 12:54:15
2961,,,,,,,,,rod-shaped,,,negative,17150,30195,1,,2017-12-01 12:54:15
2962,01-02,1.0,2.0,µm,0.6,0.6,0.6,µm,rod-shaped,1.0,,negative,13876,31992,1,,2017-12-01 12:54:15
2963,2.5,2.5,2.5,µm,0.8,0.8,0.8,µm,rod-shaped,1.0,,positive,7592,30089,1,,2017-12-01 12:54:15
2964,,,,,0.9-1.3,0.9,1.3,µm,coccus-shaped,0.0,,positive,17686,29951,1,,2017-12-01 12:54:15
2965,0.65,0.65,0.65,µm,0.5,0.5,0.5,µm,ovoid-shaped,1.0,,negative,13662,31424,1,,2017-12-01 12:54:15
2966,2.15,2.15,2.15,µm,0.6,0.6,0.6,µm,rod-shaped,0.0,,negative,13770,31573,1,,2017-12-01 12:54:15
2967,1.3,1.3,1.3,µm,0.9,0.9,0.9,µm,rod-shaped,0.0,,negative,5699,32348,1,,2017-12-01 12:54:15
2968,,,,,,,,,rod-shaped,0.0,,positive,8522,30098,1,,2017-12-01 12:54:15
2969,1.5,1.5,1.5,µm,0.65,0.65,0.65,µm,rod-shaped,1.0,,positive,1236,31563,1,,2017-12-01 12:54:15
2970,1.2-1.5,1.2,1.5,µm,0.5,0.5,0.5,µm,rod-shaped,1.0,,negative,10427,29965,1,,2017-12-01 12:54:15
2971,1.5,1.5,1.5,µm,1,1.0,1.0,µm,,0.0,,,6156,29960,1,,2017-12-01 12:54:15
2972,2.75,2.75,2.75,µm,0.575,0.57,0.57,µm,spiral-shaped,,,,3765,30064,1,,2017-12-01 12:54:15
2973,4,4.0,4.0,µm,0.8,0.8,0.8,µm,rod-shaped,0.0,,negative,2979,29945,1,,2017-12-01 12:54:15
2974,,,,,,,,,rod-shaped,1.0,,negative,13093,30011,1,,2017-12-01 12:54:15
2975,,,,,,,,,rod-shaped,1.0,,negative,133663,30011,1,,2017-12-01 12:54:15
2976,,,,,,,,,rod-shaped,1.0,,negative,13095,30011,1,,2017-12-01 12:54:15
2977,,,,,,,,,,0.0,,positive,11215,30001,1,,2017-12-01 12:54:15
2978,10,10.0,10.0,µm,0.25,0.25,0.25,µm,coccus-shaped,1.0,,,133660,29997,1,,2017-12-01 12:54:15
2979,,,,,,,,,ovoid-shaped,0.0,,,8528,29977,1,,2017-12-01 12:54:15
2980,,,,,,,,,rod-shaped,0.0,,negative,3862,29968,1,,2017-12-01 12:54:15
2981,1.5-3.0,1.5,3.0,µm,0.5,0.5,0.5,µm,rod-shaped,0.0,,positive,5372,30066,1,,2017-12-01 12:54:15
2982,4,4.0,4.0,µm,2.15,2.15,2.15,µm,rod-shaped,0.0,,negative,13684,30027,1,,2017-12-01 12:54:15
2983,3.5,3.5,3.5,µm,0.65,0.65,0.65,µm,rod-shaped,1.0,,negative,134206,31844,1,,2017-12-01 12:54:15
2984,3.5,3.5,3.5,µm,0.65,0.65,0.65,µm,rod-shaped,1.0,,negative,134207,31844,1,,2017-12-01 12:54:15
2985,7,7.0,7.0,µm,0.7,0.7,0.7,µm,rod-shaped,1.0,,variable,1218,30118,1,,2017-12-01 12:54:15
2986,7,7.0,7.0,µm,0.85,0.85,0.85,µm,rod-shaped,1.0,,variable,554,30118,1,,2017-12-01 12:54:15
2987,0.9,0.9,0.9,µm,0.6,0.6,0.6,µm,rod-shaped,,,negative,18153,32452,1,,2017-12-01 12:54:15
2988,,,,,,,,,rod-shaped,,,positive,13387,30010,1,,2017-12-01 12:54:15
2989,,,,,,,,,rod-shaped,,,positive,10773,30022,1,,2017-12-01 12:54:15
2990,03-04,3.0,4.0,µm,,,,,rod-shaped,,,negative,5536,30030,1,,2017-12-01 12:54:15
2991,03-04,3.0,4.0,µm,,,,,rod-shaped,,,negative,5537,30030,1,,2017-12-01 12:54:15
2992,04-06,4.0,6.0,µm,,,,,rod-shaped,,,negative,5544,30030,1,,2017-12-01 12:54:15
2993,,,,,,,,,coccus-shaped,,,positive,6239,30082,1,,2017-12-01 12:54:15
2994,1.6,1.6,1.6,µm,0.45,0.45,0.45,µm,rod-shaped,1.0,,negative,11293,30025,1,,2017-12-01 12:54:15
2995,1.5,1.5,1.5,µm,0.5,0.5,0.5,µm,rod-shaped,0.0,,positive,6601,31220,1,,2017-12-01 12:54:15
2996,6,6.0,6.0,µm,0.5,0.5,0.5,µm,rod-shaped,1.0,,negative,1324,31293,1,,2017-12-01 12:54:15
2997,0.9-3.0,0.9,3.0,µm,0.3-0.5,0.3,0.5,µm,rod-shaped,,,negative,17716,29964,1,,2017-12-01 12:54:15
2998,2,2.0,2.0,µm,0.5,0.5,0.5,µm,rod-shaped,,,positive,434,32186,1,,2017-12-01 12:54:15
2999,,,,,,,,,coccus-shaped,0.0,,positive,17690,31329,1,,2017-12-01 12:54:15
3000,6,6.0,6.0,µm,0.6,0.6,0.6,µm,rod-shaped,0.0,,negative,17701,30078,1,,2017-12-01 12:54:15
3001,6,6.0,6.0,µm,0.6,0.6,0.6,µm,rod-shaped,0.0,,negative,17704,30078,1,,2017-12-01 12:54:15
3002,6,6.0,6.0,µm,0.6,0.6,0.6,µm,rod-shaped,0.0,,negative,17705,30078,1,,2017-12-01 12:54:15
3003,05-27,5.0,27.0,µm,,,,,rod-shaped,0.0,,negative,5504,31763,1,,2017-12-01 12:54:15
3004,1.6-2.3,1.6,2.3,µm,0.4-0.5,0.4,0.5,µm,rod-shaped,1.0,gliding,negative,5482,31609,1,,2017-12-01 12:54:15
3005,3.25,3.25,3.25,µm,0.8,0.8,0.8,µm,rod-shaped,1.0,,negative,11582,30123,1,,2017-12-01 12:54:15
3006,1.5-1.8,1.5,1.8,µm,0.5-0.7,0.5,0.7,µm,rod-shaped,,,negative,13105,30172,1,,2017-12-01 12:54:15
3007,2.25,2.25,2.25,µm,0.45,0.45,0.45,µm,rod-shaped,0.0,,negative,14243,31599,1,,2017-12-01 12:54:15
3008,1.6,1.6,1.6,µm,0.6,0.6,0.6,µm,rod-shaped,0.0,,negative,14242,31599,1,,2017-12-01 12:54:15
3009,2.5,2.5,2.5,µm,0.5,0.5,0.5,µm,rod-shaped,0.0,,negative,17695,30127,1,,2017-12-01 12:54:15
3010,1.8,1.8,1.8,µm,0.4,0.4,0.4,µm,rod-shaped,0.0,,negative,17057,31217,1,,2017-12-01 12:54:15
3011,2.5,2.5,2.5,µm,1,1.0,1.0,µm,,1.0,,negative,17313,31486,1,,2017-12-01 12:54:15
3012,3.5,3.5,3.5,µm,0.7,0.7,0.7,µm,rod-shaped,1.0,,negative,6218,30102,1,,2017-12-01 12:54:15
3013,,,,,,,,,coccus-shaped,0.0,,positive,17992,31221,1,,2017-12-01 12:54:15
3014,,,,,,,,,rod-shaped,1.0,,negative,17463,31417,1,,2017-12-01 12:54:15
3015,2.1,2.1,2.1,µm,1,1.0,1.0,µm,rod-shaped,1.0,,negative,7205,31286,1,,2017-12-01 12:54:15
3016,,,,,,,,,rod-shaped,1.0,,negative,13092,32005,1,,2017-12-01 12:54:15
3017,1.95,1.95,1.95,µm,0.6,0.6,0.6,µm,rod-shaped,1.0,,negative,13836,32020,1,,2017-12-01 12:54:15
3018,0.7-2,0.7,2.0,µm,0.3-0.5,0.3,0.5,µm,rod-shaped,1.0,,,11870,31644,1,,2017-12-01 12:54:15
3019,2.5,2.5,2.5,µm,1,1.0,1.0,µm,rod-shaped,0.0,,negative,13674,30155,1,,2017-12-01 12:54:15
3020,3.5,3.5,3.5,µm,1,1.0,1.0,µm,rod-shaped,0.0,,negative,13673,30155,1,,2017-12-01 12:54:15
3021,2,2.0,2.0,µm,1,1.0,1.0,µm,,1.0,,negative,17308,31294,1,,2017-12-01 12:54:15
3022,1.7,1.7,1.7,µm,0.9,0.9,0.9,µm,rod-shaped,0.0,,negative,1623,32120,1,,2017-12-01 12:54:15
3023,,,,,,,,,rod-shaped,0.0,,negative,134134,31433,1,,2017-12-01 12:54:15
3024,,,,,,,,,coccus-shaped,0.0,,negative,8197,30176,1,,2017-12-01 12:54:15
3025,,,,,,,,,coccus-shaped,0.0,,negative,8198,30176,1,,2017-12-01 12:54:15
3026,,,,,,,,,rod-shaped,0.0,,negative,10505,31338,1,,2017-12-01 12:54:15
3027,2.5,2.5,2.5,µm,0.7,0.7,0.7,µm,rod-shaped,1.0,,variable,134087,31222,1,,2017-12-01 12:54:15
3028,2.5,2.5,2.5,µm,1,1.0,1.0,µm,rod-shaped,0.0,,negative,13853,29597,1,,2017-12-01 12:54:15
3029,,,,,,,,,rod-shaped,1.0,,negative,13756,31292,1,,2017-12-01 12:54:15
3030,3.85,3.85,3.85,µm,0.9,0.9,0.9,µm,rod-shaped,0.0,,positive,1254,32330,1,,2017-12-01 12:54:15
3031,,,,,,,,,coccus-shaped,,,positive,14823,31224,1,,2017-12-01 12:54:15
3032,,,,,,,,,coccus-shaped,,,positive,14827,31379,1,,2017-12-01 12:54:15
3033,,,,,,,,,rod-shaped,0.0,,positive,7610,31239,1,,2017-12-01 12:54:15
3034,,,,,,,,,rod-shaped,0.0,,positive,7609,31239,1,,2017-12-01 12:54:15
3035,2.4,2.4,2.4,µm,0.95,0.95,0.95,µm,rod-shaped,1.0,,negative,3029,29123,1,,2017-12-01 12:54:15
3036,1.2,1.2,1.2,µm,0.4,0.4,0.4,µm,rod-shaped,1.0,,positive,1237,31402,1,,2017-12-01 12:54:15
3037,1.5,1.5,1.5,µm,0.5,0.5,0.5,µm,rod-shaped,,,positive,3065,31432,1,,2017-12-01 12:54:15
3038,1.55,1.55,1.55,µm,1.25,1.25,1.25,µm,ovoid-shaped,0.0,,negative,8187,31230,1,,2017-12-01 12:54:15
3039,1.55,1.55,1.55,µm,0.7,0.7,0.7,µm,ovoid-shaped,0.0,,negative,6776,31230,1,,2017-12-01 12:54:15
3040,,,,,,,,,ovoid-shaped,0.0,,,8534,31408,1,,2017-12-01 12:54:15
3041,,,,,,,,,ovoid-shaped,0.0,,positive,7597,31246,1,,2017-12-01 12:54:15
3042,2.5,2.5,2.5,µm,1.1,1.1,1.1,µm,rod-shaped,1.0,,negative,6044,31242,1,,2017-12-01 12:54:15
3043,2.75,2.75,2.75,µm,1,1.0,1.0,µm,coccus-shaped,0.0,,positive,1860,31255,1,,2017-12-01 12:54:15
3044,,,,,,,,,rod-shaped,1.0,,negative,2132,31257,1,,2017-12-01 12:54:15
3045,,,,,,,,,ovoid-shaped,0.0,,negative,8141,28906,1,,2017-12-01 12:54:15
3046,3.45,3.45,3.45,µm,1.3,1.3,1.3,µm,rod-shaped,0.0,,negative,3764,31334,1,,2017-12-01 12:54:15
3047,1.75,1.75,1.75,µm,0.5,0.5,0.5,µm,rod-shaped,0.0,,positive,6315,31289,1,,2017-12-01 12:54:15
3048,,,,,,,,,coccus-shaped,0.0,,positive,134097,31277,1,,2017-12-01 12:54:15
3049,,,,,,,,,,,,positive,7985,31344,1,,2017-12-01 12:54:15
3050,,,,,,,,,rod-shaped,1.0,,negative,5218,31288,1,,2017-12-01 12:54:15
3051,03-04,3.0,4.0,µm,0.3-0.5,0.3,0.5,µm,rod-shaped,1.0,gliding,negative,5722,32551,1,,2017-12-01 12:54:15
3052,1.5,1.5,1.5,µm,0.5,0.5,0.5,µm,rod-shaped,1.0,,negative,13666,31310,1,,2017-12-01 12:54:15
3053,11,11.0,11.0,µm,1,1.0,1.0,µm,rod-shaped,0.0,,positive,6660,31309,1,,2017-12-01 12:54:15
3054,3,3.0,3.0,µm,0.5,0.5,0.5,µm,rod-shaped,0.0,,positive,6624,31323,1,,2017-12-01 12:54:15
3055,4,4.0,4.0,µm,0.6,0.6,0.6,µm,rod-shaped,1.0,,negative,11601,31357,1,,2017-12-01 12:54:15
3056,,,,,,,,,coccus-shaped,,,positive,14835,31336,1,,2017-12-01 12:54:15
3057,,,,,,,,,coccus-shaped,0.0,,positive,2250,31461,1,,2017-12-01 12:54:15
3058,6.25,6.25,6.25,µm,1.6,1.6,1.6,µm,rod-shaped,1.0,,negative,7176,31326,1,,2017-12-01 12:54:15
3059,2.25,2.25,2.25,µm,1.25,1.25,1.25,µm,rod-shaped,1.0,,negative,7175,31326,1,,2017-12-01 12:54:15
3060,,,,,0.9,0.9,0.9,µm,rod-shaped,0.0,,positive,7603,31342,1,,2017-12-01 12:54:15
3061,,,,,0.9,0.9,0.9,µm,coccus-shaped,0.0,,positive,7605,31342,1,,2017-12-01 12:54:15
3062,,,,,0.9,0.9,0.9,µm,coccus-shaped,0.0,,positive,7608,31342,1,,2017-12-01 12:54:15
3063,,,,,0.9,0.9,0.9,µm,coccus-shaped,0.0,,positive,7604,31342,1,,2017-12-01 12:54:15
3064,,,,,,,,,rod-shaped,0.0,,positive,7612,31376,1,,2017-12-01 12:54:15
3065,1.1,1.1,1.1,µm,0.3,0.3,0.3,µm,rod-shaped,0.0,,positive,11112,31420,1,,2017-12-01 12:54:15
3066,,,,,,,,,rod-shaped,0.0,,positive,7420,31321,1,,2017-12-01 12:54:15
3067,,,,,,,,,rod-shaped,1.0,,positive,7419,31321,1,,2017-12-01 12:54:15
3068,6.6,6.6,6.6,µm,1.85,1.85,1.85,µm,rod-shaped,1.0,,negative,486,31403,1,,2017-12-01 12:54:15
3069,3.5,3.5,3.5,µm,0.75,0.75,0.75,µm,rod-shaped,1.0,,variable,11437,31358,1,,2017-12-01 12:54:15
3070,,,,,,,,,rod-shaped,0.0,,negative,2238,31492,1,,2017-12-01 12:54:15
3071,3,3.0,3.0,µm,0.45,0.45,0.45,µm,rod-shaped,,,negative,17714,31302,1,,2017-12-01 12:54:15
3072,,,,,,,,,rod-shaped,0.0,,positive,8572,32657,1,,2017-12-01 12:54:15
3073,,,,,,,,,,0.0,,positive,16561,31352,1,,2017-12-01 12:54:15
3074,1.5,1.5,1.5,µm,0.5,0.5,0.5,µm,rod-shaped,1.0,,negative,13664,31367,1,,2017-12-01 12:54:15
3075,2,2.0,2.0,µm,0.25,0.25,0.25,µm,rod-shaped,0.0,,negative,13682,31383,1,,2017-12-01 12:54:15
3076,,,,,,,,,coccus-shaped,,,positive,14670,31368,1,,2017-12-01 12:54:15
3077,,,,,,,,,rod-shaped,0.0,,positive,6864,31380,1,,2017-12-01 12:54:15
3078,,,,,,,,,rod-shaped,1.0,,positive,1232,31484,1,,2017-12-01 12:54:15
3079,,,,,,,,,coccus-shaped,1.0,,positive,14040,31400,1,,2017-12-01 12:54:15
3080,,,,,,,,,,,,positive,8001,32250,1,,2017-12-01 12:54:15
3081,,,,,,,,,,,,positive,8005,32250,1,,2017-12-01 12:54:15
3082,1.5,1.5,1.5,µm,0.6,0.6,0.6,µm,rod-shaped,1.0,,negative,17042,31435,1,,2017-12-01 12:54:15
3083,2.5,2.5,2.5,µm,0.8,0.8,0.8,µm,rod-shaped,1.0,,negative,11868,31770,1,,2017-12-01 12:54:15
3084,6.5,6.5,6.5,µm,0.75,0.75,0.75,µm,rod-shaped,0.0,,negative,14099,31473,1,,2017-12-01 12:54:15
3085,2,2.0,2.0,µm,0.75,0.75,0.75,µm,rod-shaped,0.0,,negative,6165,31510,1,,2017-12-01 12:54:15
3086,,,,,,,,,rod-shaped,1.0,,positive,7623,29225,1,,2017-12-01 12:54:15
3087,,,,,,,,,ovoid-shaped,0.0,,positive,11071,31526,1,,2017-12-01 12:54:15
3088,1-1.5,1.0,1.5,µm,0.5-0.8,0.5,0.8,µm,coccus-shaped,,,positive,7517,31628,1,,2017-12-01 12:54:15
3089,,,,,,,,,rod-shaped,0.0,,negative,3777,31418,1,,2017-12-01 12:54:15
3090,2-3.2,2.0,3.2,µm,0.6-0.8,0.6,0.8,µm,rod-shaped,1.0,,negative,11272,31624,1,,2017-12-01 12:54:15
3091,,,,,,,,,,1.0,,negative,17217,31347,1,,2017-12-01 12:54:15
3092,3,3.0,3.0,µm,1.5,1.5,1.5,µm,,1.0,,negative,17217,31347,1,,2017-12-01 12:54:15
3093,,,,,,,,,rod-shaped,0.0,,negative,5680,31426,1,,2017-12-01 12:54:15
3094,02-04,2.0,4.0,µm,0.6-0.8,0.6,0.8,µm,rod-shaped,1.0,,negative,13774,31531,1,,2017-12-01 12:54:15
3095,4,4.0,4.0,µm,1.25,1.25,1.25,µm,rod-shaped,1.0,,negative,7178,31454,1,,2017-12-01 12:54:15
3096,1-2.5,1.0,2.5,µm,0.8-1,0.8,1.0,µm,rod-shaped,0.0,,positive,7427,31638,1,,2017-12-01 12:54:15
3097,,,,,,,,,rod-shaped,,,positive,11039,31444,1,,2017-12-01 12:54:15
3098,,,,,,,,,rod-shaped,0.0,,positive,10795,31443,1,,2017-12-01 12:54:15
3099,,,,,0.9,0.9,0.9,µm,rod-shaped,0.0,,positive,12585,31470,1,,2017-12-01 12:54:15
3100,0.9,0.9,0.9,µm,0.85,0.85,0.85,µm,rod-shaped,1.0,,negative,5166,31489,1,,2017-12-01 12:54:15
3101,,,,,,,,,coccus-shaped,0.0,,positive,5252,31600,1,,2017-12-01 12:54:15
3102,1.2-1.5,1.2,1.5,µm,0.2-0.4,0.2,0.4,µm,rod-shaped,,,negative,11890,31651,1,,2017-12-01 12:54:15
3103,1.4,1.4,1.4,µm,1.05,1.05,1.05,µm,coccus-shaped,0.0,,negative,383,31452,1,,2017-12-01 12:54:15
3104,0.4-1,0.4,1.0,µm,0.5,0.5,0.5,µm,rod-shaped,0.0,,positive,17636,31588,1,,2017-12-01 12:54:15
3105,0.6-0.8,0.6,0.8,µm,0.5,0.5,0.5,µm,rod-shaped,0.0,,positive,17634,31589,1,,2017-12-01 12:54:15
3106,1-1.2,1.0,1.2,µm,0.6,0.6,0.6,µm,rod-shaped,0.0,,positive,17635,31589,1,,2017-12-01 12:54:15
3107,1.75,1.75,1.75,µm,0.4,0.4,0.4,µm,rod-shaped,1.0,,negative,10454,29223,1,,2017-12-01 12:54:15
3108,1.75,1.75,1.75,µm,0.4,0.4,0.4,µm,rod-shaped,1.0,,negative,10455,29223,1,,2017-12-01 12:54:15
3109,05-06,5.0,6.0,µm,0.5-1,0.5,1.0,µm,rod-shaped,0.0,,positive,6646,31735,1,,2017-12-01 12:54:15
3110,2,2.0,2.0,µm,0.75,0.75,0.75,µm,rod-shaped,1.0,,positive,5831,32080,1,,2017-12-01 12:54:15
3111,,,,,,,,,rod-shaped,1.0,,positive,17629,31752,1,,2017-12-01 12:54:15
3112,,,,,,,,,,0.0,,negative,23023,31527,1,,2017-12-01 12:54:15
3113,0.5,0.5,0.5,µm,0.25,0.25,0.25,µm,rod-shaped,0.0,,negative,14239,31806,1,,2017-12-01 12:54:15
3114,,,,,,,,,rod-shaped,0.0,,positive,5346,31516,1,,2017-12-01 12:54:15
3115,1-1.5,1.0,1.5,µm,0.8,0.8,0.8,µm,rod-shaped,1.0,,negative,23231,31669,1,,2017-12-01 12:54:15
3116,,,,,,,,,rod-shaped,0.0,,positive,216,31626,1,,2017-12-01 12:54:15
3117,,,,,,,,,rod-shaped,0.0,,positive,217,31626,1,,2017-12-01 12:54:15
3118,2.5,2.5,2.5,µm,0.5,0.5,0.5,µm,rod-shaped,1.0,,positive,1274,32239,1,,2017-12-01 12:54:15
3119,3.5,3.5,3.5,µm,1.15,1.15,1.15,µm,rod-shaped,1.0,,negative,7179,31541,1,,2017-12-01 12:54:15
3120,,,,,,,,,coccus-shaped,0.0,,positive,5347,31532,1,,2017-12-01 12:54:15
3121,01-02,1.0,2.0,µm,0.6-0.8,0.6,0.8,µm,ovoid-shaped,0.0,,negative,13747,31665,1,,2017-12-01 12:54:15
3122,,,,,,,,,coccus-shaped,,,positive,5348,31584,1,,2017-12-01 12:54:15
3123,,,,,,,,,ovoid-shaped,,,positive,17375,31587,1,,2017-12-01 12:54:15
3124,1.75,1.75,1.75,µm,0.9,0.9,0.9,µm,rod-shaped,1.0,,negative,134159,31582,1,,2017-12-01 12:54:15
3125,1.6,1.6,1.6,µm,0.9,0.9,0.9,µm,ovoid-shaped,1.0,,negative,1976,31924,1,,2017-12-01 12:54:15
3126,,,,,,,,,,0.0,,positive,16463,29350,1,,2017-12-01 12:54:15
3127,,,,,0.8-1,0.8,1.0,µm,coccus-shaped,1.0,,positive,11961,31975,1,,2017-12-01 12:54:15
3128,2.25,2.25,2.25,µm,1.05,1.05,1.05,µm,rod-shaped,1.0,,negative,13845,29458,1,,2017-12-01 12:54:15
3129,,,,,1.85,1.85,1.85,µm,coccus-shaped,1.0,,negative,2472,31657,1,,2017-12-01 12:54:15
3130,,,,,0.6-1.2,0.6,1.2,µm,coccus-shaped,0.0,,positive,6397,31637,1,,2017-12-01 12:54:15
3131,1.5-3,1.5,3.0,µm,0.5-0.9,0.5,0.9,µm,rod-shaped,1.0,gliding,negative,134165,31640,1,,2017-12-01 12:54:15
3132,,,,,,,,,rod-shaped,1.0,,negative,134167,31648,1,,2017-12-01 12:54:15
3133,,,,,,,,,ovoid-shaped,0.0,,positive,5349,31631,1,,2017-12-01 12:54:15
3134,,,,,,,,,ovoid-shaped,0.0,,positive,5350,31631,1,,2017-12-01 12:54:15
3135,1.5-5,1.5,5.0,µm,1-1.2,1.0,1.2,µm,rod-shaped,1.0,,negative,7180,31650,1,,2017-12-01 12:54:15
3136,1,1.0,1.0,µm,0.5,0.5,0.5,µm,rod-shaped,,,negative,23024,31670,1,,2017-12-01 12:54:15
3137,1.66-2.91,1.66,2.91,µm,0.37-0.49,0.37,0.49,µm,rod-shaped,0.0,,positive,7351,31940,1,,2017-12-01 12:54:15
3138,2.14-5,2.14,5.0,µm,0.57-0.71,0.57,0.71,µm,rod-shaped,,,negative,5088,31656,1,,2017-12-01 12:54:15
3139,02-10,2.0,10.0,µm,0.7-0.9,0.7,0.9,µm,rod-shaped,1.0,,positive,23743,31654,1,,2017-12-01 12:54:15
3140,01-03,1.0,3.0,µm,0.3-0.5,0.3,0.5,µm,rod-shaped,0.0,,negative,3829,31733,1,,2017-12-01 12:54:15
3141,1.8,1.8,1.8,µm,0.9,0.9,0.9,µm,rod-shaped,1.0,,negative,2903,32368,1,,2017-12-01 12:54:15
3142,1.5-4,1.5,4.0,µm,0.8,0.8,0.8,µm,rod-shaped,0.0,,negative,17515,31727,1,,2017-12-01 12:54:15
3143,03-07,3.0,7.0,µm,0.5,0.5,0.5,µm,rod-shaped,1.0,,positive,1515,31781,1,,2017-12-01 12:54:15
3144,1.3-2.8,1.3,2.8,µm,0.4-0.7,0.4,0.7,µm,rod-shaped,0.0,,,17668,29784,1,,2017-12-01 12:54:15
3145,02-06,2.0,6.0,µm,0.8-1,0.8,1.0,µm,rod-shaped,0.0,,negative,134188,31748,1,,2017-12-01 12:54:15
3146,02-04,2.0,4.0,µm,0.5-0.7,0.5,0.7,µm,rod-shaped,1.0,,positive,2832,31559,1,,2017-12-01 12:54:15
3147,02-03,2.0,3.0,µm,1,1.0,1.0,µm,rod-shaped,1.0,,negative,13131,31765,1,,2017-12-01 12:54:15
3148,02-03,2.0,3.0,µm,1,1.0,1.0,µm,rod-shaped,1.0,,negative,13130,31765,1,,2017-12-01 12:54:15
3149,01-03,1.0,3.0,µm,0.5-1,0.5,1.0,µm,rod-shaped,0.0,,negative,5969,31790,1,,2017-12-01 12:54:15
3150,1.5,1.5,1.5,µm,0.5,0.5,0.5,µm,rod-shaped,1.0,,negative,17903,32402,1,,2017-12-01 12:54:15
3151,1.25,1.25,1.25,µm,0.5,0.5,0.5,µm,rod-shaped,1.0,,negative,11296,32270,1,,2017-12-01 12:54:15
3152,2.5,2.5,2.5,µm,1.1,1.1,1.1,µm,rod-shaped,0.0,,positive,1866,32043,1,,2017-12-01 12:54:15
3153,,,,,,,,,rod-shaped,,,positive,7434,31998,1,,2017-12-01 12:54:15
3154,1.05,1.05,1.05,µm,0.6,0.6,0.6,µm,ovoid-shaped,0.0,,negative,134291,32291,1,,2017-12-01 12:54:15
3155,1.05,1.05,1.05,µm,0.6,0.6,0.6,µm,ovoid-shaped,0.0,,negative,134292,32291,1,,2017-12-01 12:54:15
3156,1.5-4,1.5,4.0,µm,0.9,0.9,0.9,µm,rod-shaped,0.0,,negative,134193,31782,1,,2017-12-01 12:54:15
3157,1.05,1.05,1.05,µm,0.65,0.65,0.65,µm,coccus-shaped,0.0,,negative,18092,29445,1,,2017-12-01 12:54:15
3158,2.85,2.85,2.85,µm,2.25,2.25,2.25,µm,ovoid-shaped,0.0,,,11946,28947,1,,2017-12-01 12:54:15
3159,1.7,1.7,1.7,µm,1.05,1.05,1.05,µm,ovoid-shaped,1.0,,,11945,32224,1,,2017-12-01 12:54:15
3160,3.25,3.25,3.25,µm,1.25,1.25,1.25,µm,coccus-shaped,0.0,,positive,7622,28902,1,,2017-12-01 12:54:15
3161,2.8,2.8,2.8,µm,0.9,0.9,0.9,µm,rod-shaped,0.0,,negative,5550,31865,1,,2017-12-01 12:54:15
3162,6.75,6.75,6.75,µm,1,1.0,1.0,µm,rod-shaped,1.0,gliding,negative,5577,29215,1,,2017-12-01 12:54:15
3163,1.5,1.5,1.5,µm,0.55,0.55,0.55,µm,rod-shaped,0.0,,negative,13872,32034,1,,2017-12-01 12:54:15
3164,1.2,1.2,1.2,µm,0.9,0.9,0.9,µm,rod-shaped,0.0,,negative,13749,32176,1,,2017-12-01 12:54:15
3165,1,1.0,1.0,µm,0.5,0.5,0.5,µm,rod-shaped,0.0,,negative,13748,31834,1,,2017-12-01 12:54:15
3166,1.15,1.15,1.15,µm,0.5,0.5,0.5,µm,rod-shaped,,,negative,14187,31824,1,,2017-12-01 12:54:15
3167,,,,,,,,,rod-shaped,1.0,,negative,5219,32388,1,,2017-12-01 12:54:15
3168,16,16.0,16.0,µm,0.45,0.45,0.45,µm,spiral-shaped,1.0,,negative,134223,31949,1,,2017-12-01 12:54:15
3169,3,3.0,3.0,µm,0.6,0.6,0.6,µm,rod-shaped,0.0,,negative,23185,30924,1,,2017-12-01 12:54:15
3170,1.8-2.4,1.8,2.4,µm,0.6-0.8,0.6,0.8,µm,rod-shaped,1.0,,negative,6051,31987,1,,2017-12-01 12:54:15
3171,1.6-2,1.6,2.0,µm,0.5-0.7,0.5,0.7,µm,rod-shaped,1.0,,negative,6050,31987,1,,2017-12-01 12:54:15
3172,1.3-1.7,1.3,1.7,µm,0.8-0.9,0.8,0.9,µm,rod-shaped,1.0,,negative,6080,31987,1,,2017-12-01 12:54:15
3173,1.2-1.6,1.2,1.6,µm,0.6-0.8,0.6,0.8,µm,rod-shaped,1.0,,negative,6049,31987,1,,2017-12-01 12:54:15
3174,1.25,1.25,1.25,µm,0.45,0.45,0.45,µm,rod-shaped,1.0,,negative,17449,30387,1,,2017-12-01 12:54:15
3175,1.7,1.7,1.7,µm,0.75,0.75,0.75,µm,rod-shaped,0.0,,negative,14249,31806,1,,2017-12-01 12:54:15
3176,2.15,2.15,2.15,µm,0.25,0.25,0.25,µm,rod-shaped,0.0,,negative,1626,32442,1,,2017-12-01 12:54:15
3177,2,2.0,2.0,µm,0.7,0.7,0.7,µm,rod-shaped,0.0,,negative,5701,32348,1,,2017-12-01 12:54:15
3178,1.3,1.3,1.3,µm,0.8,0.8,0.8,µm,rod-shaped,0.0,,negative,5700,32348,1,,2017-12-01 12:54:15
3179,3.6,3.6,3.6,µm,1.1,1.1,1.1,µm,rod-shaped,0.0,,negative,5698,32348,1,,2017-12-01 12:54:15
3180,,,,,,,,,,1.0,,positive,8037,32258,1,,2017-12-01 12:54:15
3181,6,6.0,6.0,µm,0.75,0.75,0.75,µm,rod-shaped,0.0,,positive,6667,31892,1,,2017-12-01 12:54:15
3182,2,2.0,2.0,µm,0.5,0.5,0.5,µm,rod-shaped,1.0,,negative,520,32396,1,,2017-12-01 12:54:15
3183,3.5-5,3.5,5.0,µm,0.6-0.9,0.6,0.9,µm,rod-shaped,1.0,,positive,2847,31891,1,,2017-12-01 12:54:15
3184,2,2.0,2.0,µm,1.25,1.25,1.25,µm,rod-shaped,0.0,,negative,5696,32225,1,,2017-12-01 12:54:15
3185,5.8-6.3,5.8,6.3,µm,0.7-0.8,0.7,0.8,µm,rod-shaped,1.0,gliding,negative,5568,31865,1,,2017-12-01 12:54:15
3186,02-04,2.0,4.0,µm,0.5-1,0.5,1.0,µm,rod-shaped,0.0,,positive,6669,31950,1,,2017-12-01 12:54:15
3187,,,,,0.5,0.5,0.5,µm,coccus-shaped,1.0,,negative,2473,32051,1,,2017-12-01 12:54:15
3188,4,4.0,4.0,µm,0.7,0.7,0.7,µm,,0.0,,negative,13963,32197,1,,2017-12-01 12:54:15
3189,,,,,0.4,0.4,0.4,µm,coccus-shaped,1.0,,negative,2474,32051,1,,2017-12-01 12:54:15
3190,,,,,,,,,rod-shaped,,,positive,17378,31942,1,,2017-12-01 12:54:15
3191,1.5,1.5,1.5,µm,,,,,rod-shaped,1.0,gliding,negative,17490,32101,1,,2017-12-01 12:54:15
3192,4,4.0,4.0,µm,2.5,2.5,2.5,µm,rod-shaped,0.0,,negative,2441,32145,1,,2017-12-01 12:54:15
3193,5.5,5.5,5.5,µm,0.9,0.9,0.9,µm,spiral-shaped,1.0,,negative,13962,32197,1,,2017-12-01 12:54:15
3194,2.7,2.7,2.7,µm,1,1.0,1.0,µm,rod-shaped,0.0,,negative,7216,31902,1,,2017-12-01 12:54:15
3195,8.5,8.5,8.5,µm,0.75,0.75,0.75,µm,rod-shaped,0.0,,positive,134233,32030,1,,2017-12-01 12:54:15
3196,3.25,3.25,3.25,µm,0.5,0.5,0.5,µm,rod-shaped,1.0,gliding,negative,14049,32283,1,,2017-12-01 12:54:15
3197,0.9,0.9,0.9,µm,0.4,0.4,0.4,µm,rod-shaped,0.0,,negative,134226,31961,1,,2017-12-01 12:54:15
3198,1,1.0,1.0,µm,0.45,0.45,0.45,µm,rod-shaped,1.0,,positive,7500,32301,1,,2017-12-01 12:54:15
3199,6,6.0,6.0,µm,2,2.0,2.0,µm,rod-shaped,0.0,,positive,12011,28963,1,,2017-12-01 12:54:15
3200,5.75,5.75,5.75,µm,0.35,0.35,0.35,µm,rod-shaped,1.0,,positive,1546,32121,1,,2017-12-01 12:54:15
3201,2.7,2.7,2.7,µm,0.5,0.5,0.5,µm,rod-shaped,0.0,,positive,6677,32356,1,,2017-12-01 12:54:15
3202,2,2.0,2.0,µm,0.3,0.3,0.3,µm,rod-shaped,,,negative,134275,32222,1,,2017-12-01 12:54:15
3203,,,,,,,,,,,,negative,13139,31953,1,,2017-12-01 12:54:15
3204,,,,,,,,,,,,negative,13157,31953,1,,2017-12-01 12:54:15
3205,,,,,,,,,,,,negative,13138,31953,1,,2017-12-01 12:54:15
3206,1.2,1.2,1.2,µm,0.7,0.7,0.7,µm,rod-shaped,1.0,,negative,6168,32246,1,,2017-12-01 12:54:15
3207,1.35,1.35,1.35,µm,0.55,0.55,0.55,µm,rod-shaped,0.0,,positive,11132,32129,1,,2017-12-01 12:54:15
3208,0.6,0.6,0.6,µm,,,,,coccus-shaped,0.0,,positive,11086,31947,1,,2017-12-01 12:54:15
3209,0.95,0.95,0.95,µm,0.38,0.38,0.38,µm,rod-shaped,1.0,,negative,10519,31964,1,,2017-12-01 12:54:15
3210,3.5,3.5,3.5,µm,0.75,0.75,0.75,µm,rod-shaped,1.0,,positive,1539,32411,1,,2017-12-01 12:54:15
3211,1.2,1.2,1.2,µm,0.6,0.6,0.6,µm,rod-shaped,0.0,,positive,12666,32042,1,,2017-12-01 12:54:15
3212,3,3.0,3.0,µm,0.75,0.75,0.75,µm,rod-shaped,1.0,,negative,10525,32027,1,,2017-12-01 12:54:15
3213,,,,,,,,,coccus-shaped,0.0,,positive,14844,32636,1,,2017-12-01 12:54:15
3214,1.75,1.75,1.75,µm,0.75,0.75,0.75,µm,rod-shaped,0.0,,negative,17623,32329,1,,2017-12-01 12:54:15
3215,3.5,3.5,3.5,µm,0.75,0.75,0.75,µm,rod-shaped,1.0,,negative,10515,31990,1,,2017-12-01 12:54:15
3216,,,,,,,,,rod-shaped,0.0,,negative,11373,32000,1,,2017-12-01 12:54:15
3217,1.5-1.9,1.5,1.9,µm,0.8-0.9,0.8,0.9,µm,ovoid-shaped,1.0,,negative,13825,29369,1,,2017-12-01 12:54:15
3218,0.25,0.25,0.25,µm,,,,,coccus-shaped,0.0,,positive,6302,32068,1,,2017-12-01 12:54:15
3219,1.7,1.7,1.7,µm,0.9,0.9,0.9,µm,rod-shaped,0.0,,positive,11131,32319,1,,2017-12-01 12:54:15
3220,0.85,0.85,0.85,µm,0.5,0.5,0.5,µm,rod-shaped,0.0,,,16427,32086,1,,2017-12-01 12:54:15
3221,,,,,,,,,,0.0,,positive,13499,32109,1,,2017-12-01 12:54:15
3222,4,4.0,4.0,µm,2.25,2.25,2.25,µm,rod-shaped,1.0,,negative,2438,32360,1,,2017-12-01 12:54:15
3223,,,,,,,,,rod-shaped,0.0,,negative,13656,30689,1,,2017-12-01 12:54:15
3224,3,3.0,3.0,µm,0.9,0.9,0.9,µm,ovoid-shaped,0.0,,negative,13656,32200,1,,2017-12-01 12:54:15
3225,,,,,,,,,,,,positive,7841,32009,1,,2017-12-01 12:54:15
3226,,,,,,,,,,,,positive,10818,32014,1,,2017-12-01 12:54:15
3227,,,,,,,,,rod-shaped,1.0,,negative,17566,32152,1,,2017-12-01 12:54:15
3228,,,,,,,,,rod-shaped,1.0,,negative,17567,32152,1,,2017-12-01 12:54:15
3229,6,6.0,6.0,µm,0.8,0.8,0.8,µm,rod-shaped,1.0,,negative,4301,32072,1,,2017-12-01 12:54:15
3230,,,,,,,,,rod-shaped,,,positive,10615,32058,1,,2017-12-01 12:54:15
3231,1.1-2.3,1.1,2.3,µm,0.4-0.5,0.4,0.5,µm,,1.0,gliding,negative,17718,31859,1,,2017-12-01 12:54:15
3232,1.35,1.35,1.35,µm,0.55,0.55,0.55,µm,rod-shaped,0.0,,negative,14138,32090,1,,2017-12-01 12:54:15
3233,1.4-4,1.4,4.0,µm,0.3-0.6,0.3,0.6,µm,rod-shaped,0.0,,positive,559,32594,1,,2017-12-01 12:54:15
3234,01-02,1.0,2.0,µm,0.4-0.6,0.4,0.6,µm,ovoid-shaped,0.0,,positive,7620,32477,1,,2017-12-01 12:54:15
3235,1.5,1.5,1.5,µm,0.65,0.65,0.65,µm,rod-shaped,0.0,,negative,133806,30558,1,,2017-12-01 12:54:15
3236,16,16.0,16.0,µm,0.5,0.5,0.5,µm,rod-shaped,1.0,gliding,negative,5655,32374,1,,2017-12-01 12:54:15
3237,2,2.0,2.0,µm,0.5,0.5,0.5,µm,rod-shaped,1.0,,negative,11616,32205,1,,2017-12-01 12:54:15
3238,0.8-1.5,0.8,1.5,µm,0.4-0.6,0.4,0.6,µm,rod-shaped,,,negative,14250,32087,1,,2017-12-01 12:54:15
3239,2.5,2.5,2.5,µm,0.3,0.3,0.3,µm,rod-shaped,1.0,gliding,negative,5654,32365,1,,2017-12-01 12:54:15
3240,,,,,,,,,rod-shaped,1.0,,negative,17512,32159,1,,2017-12-01 12:54:15
3241,,,,,,,,,rod-shaped,1.0,,negative,13998,32167,1,,2017-12-01 12:54:15
3242,,,,,,,,,rod-shaped,0.0,,positive,1767,32013,1,,2017-12-01 12:54:15
3243,1.6,1.6,1.6,µm,0.9,0.9,0.9,µm,ovoid-shaped,1.0,,negative,1977,31924,1,,2017-12-01 12:54:15
3244,1.5-2,1.5,2.0,µm,1.2-1.5,1.2,1.5,µm,ovoid-shaped,0.0,,negative,13824,32531,1,,2017-12-01 12:54:15
3245,1.95,1.95,1.95,µm,0.55,0.55,0.55,µm,rod-shaped,0.0,,positive,1867,32191,1,,2017-12-01 12:54:15
3246,1.9,1.9,1.9,µm,1,1.0,1.0,µm,rod-shaped,0.0,,negative,12562,32204,1,,2017-12-01 12:54:15
3247,1.75,1.75,1.75,µm,0.7,0.7,0.7,µm,rod-shaped,0.0,,positive,11125,32206,1,,2017-12-01 12:54:15
3248,,,,,,,,,rod-shaped,0.0,,positive,10820,32180,1,,2017-12-01 12:54:15
3249,,,,,,,,,,,,positive,17822,32426,1,,2017-12-01 12:54:15
3250,,,,,,,,,,0.0,,negative,1980,32217,1,,2017-12-01 12:54:15
3251,,,,,,,,,,0.0,,negative,1979,32217,1,,2017-12-01 12:54:15
3252,,,,,,,,,rod-shaped,0.0,,negative,5693,32196,1,,2017-12-01 12:54:15
3253,20.75,20.75,20.75,µm,0.45,0.45,0.45,µm,rod-shaped,0.0,,negative,14133,32192,1,,2017-12-01 12:54:15
3254,20.75,20.75,20.75,µm,0.65,0.65,0.65,µm,rod-shaped,0.0,,negative,14134,32192,1,,2017-12-01 12:54:15
3255,2.2,2.2,2.2,µm,0.73,0.73,0.73,µm,rod-shaped,1.0,,negative,14106,32230,1,,2017-12-01 12:54:15
3256,2.1,2.1,2.1,µm,0.915,0.92,0.92,µm,rod-shaped,1.0,,negative,14108,32230,1,,2017-12-01 12:54:15
3257,2.2,2.2,2.2,µm,0.83,0.83,0.83,µm,rod-shaped,1.0,,negative,14107,32230,1,,2017-12-01 12:54:15
3258,2,2.0,2.0,µm,0.73,0.73,0.73,µm,rod-shaped,1.0,,negative,14105,32230,1,,2017-12-01 12:54:15
3259,2.73,2.73,2.73,µm,0.83,0.83,0.83,µm,rod-shaped,1.0,,negative,14109,32230,1,,2017-12-01 12:54:15
3260,1.5-2.0,1.5,2.0,µm,1.5-2.0,1.5,2.0,µm,coccus-shaped,0.0,,negative,2468,28978,1,,2017-12-01 12:54:15
3261,6,6.0,6.0,µm,0.35,0.35,0.35,µm,rod-shaped,1.0,gliding,negative,134276,32229,1,,2017-12-01 12:54:15
3262,1.75,1.75,1.75,µm,0.45,0.45,0.45,µm,rod-shaped,1.0,,negative,13161,32216,1,,2017-12-01 12:54:15
3263,2.0-3.0,2.0,3.0,µm,0.6-0.7,0.6,0.7,µm,rod-shaped,1.0,,positive,1277,32227,1,,2017-12-01 12:54:15
3264,3.25,3.25,3.25,µm,0.75,0.75,0.75,µm,rod-shaped,1.0,,positive,1548,32212,1,,2017-12-01 12:54:15
3265,0.8,0.8,0.8,µm,0.4,0.4,0.4,µm,ovoid-shaped,1.0,,negative,11306,32228,1,,2017-12-01 12:54:15
3266,1.3,1.3,1.3,µm,0.59,0.59,0.59,µm,rod-shaped,1.0,,positive,7498,32289,1,,2017-12-01 12:54:15
3267,5.6,5.6,5.6,µm,0.5,0.5,0.5,µm,rod-shaped,1.0,gliding,negative,5609,32242,1,,2017-12-01 12:54:15
3268,1.95,1.95,1.95,µm,0.45,0.45,0.45,µm,rod-shaped,1.0,,negative,11872,32588,1,,2017-12-01 12:54:15
3269,2,2.0,2.0,µm,0.5,0.5,0.5,µm,rod-shaped,1.0,,negative,134272,32220,1,,2017-12-01 12:54:15
3270,2,2.0,2.0,µm,0.5,0.5,0.5,µm,rod-shaped,1.0,,negative,2992,32233,1,,2017-12-01 12:54:15
3271,2,2.0,2.0,µm,0.5,0.5,0.5,µm,rod-shaped,1.0,,negative,134277,32233,1,,2017-12-01 12:54:15
3272,2.7,2.7,2.7,µm,0.4,0.4,0.4,µm,rod-shaped,1.0,,negative,134296,32313,1,,2017-12-01 12:54:15
3273,4.3,4.3,4.3,µm,0.75,0.75,0.75,µm,rod-shaped,0.0,,positive,134284,32261,1,,2017-12-01 12:54:15
3274,2,2.0,2.0,µm,0.5,0.5,0.5,µm,rod-shaped,1.0,,negative,134273,32220,1,,2017-12-01 12:54:15
3275,2.5,2.5,2.5,µm,0.9,0.9,0.9,µm,ovoid-shaped,0.0,,positive,6839,32307,1,,2017-12-01 12:54:15
3276,1.5,1.5,1.5,µm,1.05,1.05,1.05,µm,ovoid-shaped,0.0,,negative,134337,32521,1,,2017-12-01 12:54:15
3277,1.2,1.2,1.2,µm,0.4,0.4,0.4,µm,rod-shaped,0.0,,positive,6287,32472,1,,2017-12-01 12:54:15
3278,,,,,,,,,,0.0,,positive,12604,32414,1,,2017-12-01 12:54:15
3279,08-09,8.0,9.0,µm,1-1.3,1.0,1.3,µm,rod-shaped,1.0,,negative,14013,32558,1,,2017-12-01 12:54:15
3280,3,3.0,3.0,µm,1.25,1.25,1.25,µm,rod-shaped,1.0,,negative,2437,32535,1,,2017-12-01 12:54:15
3281,3,3.0,3.0,µm,0.75,0.75,0.75,µm,rod-shaped,0.0,,negative,134253,32124,1,,2017-12-01 12:54:15
3282,3.5,3.5,3.5,µm,0.4,0.4,0.4,µm,rod-shaped,1.0,gliding,negative,5612,32419,1,,2017-12-01 12:54:15
3283,2.5,2.5,2.5,µm,0.85,0.85,0.85,µm,rod-shaped,1.0,,,6191,30507,1,,2017-12-01 12:54:15
3284,1-1.5,1.0,1.5,µm,0.6-1,0.6,1.0,µm,ovoid-shaped,0.0,,negative,134339,32530,1,,2017-12-01 12:54:15
3285,,,,,,,,,rod-shaped,1.0,gliding,negative,3833,29691,1,,2017-12-01 12:54:15
3286,14,14.0,14.0,µm,0.5,0.5,0.5,µm,rod-shaped,1.0,gliding,negative,134333,32471,1,,2017-12-01 12:54:15
3287,16,16.0,16.0,µm,0.5,0.5,0.5,µm,rod-shaped,1.0,gliding,negative,5653,32374,1,,2017-12-01 12:54:15
3288,,,,,,,,,rod-shaped,,,negative,6773,29649,1,,2017-12-01 12:54:15
3289,2,2.0,2.0,µm,0.5,0.5,0.5,µm,rod-shaped,,,positive,3076,28980,1,,2017-12-01 12:54:15
3290,1.6,1.6,1.6,µm,0.5,0.5,0.5,µm,rod-shaped,1.0,,positive,7433,32437,1,,2017-12-01 12:54:15
3291,1.8-3.5,1.8,3.5,µm,0.2-0.6,0.2,0.6,µm,rod-shaped,1.0,,negative,11295,32608,1,,2017-12-01 12:54:15
3292,1.4,1.4,1.4,µm,0.45,0.45,0.45,µm,rod-shaped,0.0,,negative,134323,32435,1,,2017-12-01 12:54:15
3293,,,,,2-2.5,2.0,2.5,µm,coccus-shaped,1.0,,negative,2494,32612,1,,2017-12-01 12:54:15
3294,1.75,1.75,1.75,µm,0.85,0.85,0.85,µm,rod-shaped,1.0,,negative,13823,29034,1,,2017-12-01 12:54:15
3295,1.5-1.8,1.5,1.8,µm,0.5-1,0.5,1.0,µm,rod-shaped,1.0,,negative,13750,32522,1,,2017-12-01 12:54:15
3296,5.5,5.5,5.5,µm,3.75,3.75,3.75,µm,spiral-shaped,1.0,,negative,4151,28922,1,,2017-12-01 12:54:15
3297,1.85,1.85,1.85,µm,0.7,0.7,0.7,µm,rod-shaped,0.0,,negative,5688,32474,1,,2017-12-01 12:54:15
3298,,,,,,,,,coccus-shaped,0.0,,positive,14843,32528,1,,2017-12-01 12:54:15
3299,2,2.0,2.0,µm,1,1.0,1.0,µm,rod-shaped,0.0,,negative,11333,32451,1,,2017-12-01 12:54:15
3300,2,2.0,2.0,µm,1,1.0,1.0,µm,rod-shaped,0.0,,negative,11332,32451,1,,2017-12-01 12:54:15
3301,1,1.0,1.0,µm,0.35,0.35,0.35,µm,coccus-shaped,0.0,,,8628,29552,1,,2017-12-01 12:54:15
3302,0.95,0.95,0.95,µm,0.55,0.55,0.55,µm,rod-shaped,0.0,,positive,10174,32480,1,,2017-12-01 12:54:15
3303,0.9-1.7,0.9,1.7,µm,0.5-0.6,0.5,0.6,µm,coccus-shaped,0.0,,negative,17407,32546,1,,2017-12-01 12:54:15
3304,1.25,1.25,1.25,µm,0.7,0.7,0.7,µm,rod-shaped,0.0,,positive,7439,32605,1,,2017-12-01 12:54:15
3305,,,,,0.36,0.36,0.36,µm,rod-shaped,0.0,,positive,11081,32517,1,,2017-12-01 12:54:15
3306,,,,,0.51,0.51,0.51,µm,rod-shaped,0.0,,positive,11082,32517,1,,2017-12-01 12:54:15
3307,2.4,2.4,2.4,µm,0.7,0.7,0.7,µm,rod-shaped,0.0,,positive,11065,32492,1,,2017-12-01 12:54:15
3308,2,2.0,2.0,µm,0.5,0.5,0.5,µm,rod-shaped,1.0,,negative,521,32487,1,,2017-12-01 12:54:15
3309,7,7.0,7.0,µm,0.9,0.9,0.9,µm,spiral-shaped,1.0,,negative,133507,29230,1,,2017-12-01 12:54:15
3310,,,,,2.1,2.1,2.1,µm,coccus-shaped,0.0,,,11943,32505,1,,2017-12-01 12:54:15
3311,02-04,2.0,4.0,µm,1,1.0,1.0,µm,rod-shaped,0.0,,positive,6858,32655,1,,2017-12-01 12:54:15
3312,,,,,,,,,rod-shaped,0.0,,positive,10620,29065,1,,2017-12-01 12:54:15
3313,,,,,,,,,rod-shaped,,,negative,24310,30532,1,,2017-12-01 12:54:15
3314,,,,,,,,,rod-shaped,,,negative,11867,30532,1,,2017-12-01 12:54:15
3315,,,,,,,,,rod-shaped,,,,8541,31202,1,,2017-12-01 12:54:15
3316,,,,,,,,,coccus-shaped,,,negative,8174,29101,1,,2017-12-01 12:54:15
3317,1,1.0,1.0,µm,0.55,0.55,0.55,µm,ovoid-shaped,1.0,,positive,3075,29087,1,,2017-12-01 12:54:15
3318,1.5,1.5,1.5,µm,0.4,0.4,0.4,µm,rod-shaped,0.0,,positive,133476,29117,1,,2017-12-01 12:54:15
3319,1.4,1.4,1.4,µm,1,1.0,1.0,µm,ovoid-shaped,1.0,,negative,13670,32650,1,,2017-12-01 12:54:15
3320,,,,,,,,,rod-shaped,1.0,,positive,7344,32573,1,,2017-12-01 12:54:15
3321,02-05,2.0,5.0,µm,0.9-1.1,0.9,1.1,µm,rod-shaped,0.0,,negative,23052,32647,1,,2017-12-01 12:54:15
3322,10,10.0,10.0,µm,2,2.0,2.0,µm,spiral-shaped,1.0,,negative,133978,30987,1,,2017-12-01 12:54:15
3323,1.5-7,1.5,7.0,µm,0.9,0.9,0.9,µm,rod-shaped,1.0,,positive,1555,32621,1,,2017-12-01 12:54:15
3324,1.3,1.3,1.3,µm,1,1.0,1.0,µm,ovoid-shaped,1.0,,negative,13787,32649,1,,2017-12-01 12:54:15
3325,10,10.0,10.0,µm,2,2.0,2.0,µm,rod-shaped,0.0,,positive,6682,28904,1,,2017-12-01 12:54:15
3326,2.5,2.5,2.5,µm,0.9,0.9,0.9,µm,rod-shaped,0.0,,positive,6681,28904,1,,2017-12-01 12:54:15
3327,,,,,,,,,ovoid-shaped,0.0,,negative,8144,29005,1,,2017-12-01 12:54:15
3328,02-10,2.0,10.0,µm,0.5,0.5,0.5,µm,rod-shaped,0.0,,positive,1547,32629,1,,2017-12-01 12:54:15
3329,2,2.0,2.0,µm,0.85,0.85,0.85,µm,rod-shaped,0.0,,negative,133483,29158,1,,2017-12-01 12:54:15
3330,,,,,,,,,coccus-shaped,0.0,,positive,3229,32641,1,,2017-12-01 12:54:15
3331,,,,,,,,,rod-shaped,1.0,,negative,13999,32645,1,,2017-12-01 12:54:15
3332,,,,,,,,,rod-shaped,,,negative,133439,28992,1,,2017-12-01 12:54:15
3333,,,,,,,,,rod-shaped,0.0,,positive,3228,31188,1,,2017-12-01 12:54:15
3334,1,1.0,1.0,µm,0.7,0.7,0.7,µm,rod-shaped,1.0,,negative,133420,28886,1,,2017-12-01 12:54:15
3335,32,32.0,32.0,µm,0.5,0.5,0.5,µm,rod-shaped,0.0,,positive,14408,30642,1,,2017-12-01 12:54:15
3336,1.5-2.2,1.5,2.2,µm,0.2-0.3,0.2,0.3,µm,rod-shaped,1.0,,positive,130420,29430,1,,2017-12-01 12:54:15
3337,0.7,0.7,0.7,µm,0.5,0.5,0.5,µm,rod-shaped,0.0,,positive,133477,29117,1,,2017-12-01 12:54:15
3338,,,,,,,,,rod-shaped,1.0,,negative,133526,29333,1,,2017-12-01 12:54:15
3339,5.25,5.25,5.25,µm,0.3,0.3,0.3,µm,rod-shaped,0.0,,negative,5578,29215,1,,2017-12-01 12:54:15
3340,2,2.0,2.0,µm,0.5,0.5,0.5,µm,rod-shaped,0.0,,negative,5575,29215,1,,2017-12-01 12:54:15
3341,4,4.0,4.0,µm,1.5,1.5,1.5,µm,rod-shaped,0.0,,negative,5576,29215,1,,2017-12-01 12:54:15
3342,,,,,,,,,rod-shaped,,,positive,16447,31199,1,,2017-12-01 12:54:15
3343,1.6,1.6,1.6,µm,0.4,0.4,0.4,µm,rod-shaped,1.0,,negative,10431,29070,1,,2017-12-01 12:54:15
3344,2,2.0,2.0,µm,0.4,0.4,0.4,µm,rod-shaped,0.0,,positive,22937,30536,1,,2017-12-01 12:54:15
3345,2.35,2.35,2.35,µm,0.45,0.45,0.45,µm,rod-shaped,1.0,,negative,17456,28901,1,,2017-12-01 12:54:15
3346,,,,,,,,,,,,positive,16786,28910,1,,2017-12-01 12:54:15
3347,0.8-1.2,0.8,1.2,µm,0.5-0.6,0.5,0.6,µm,ovoid-shaped,0.0,,positive,7257,31208,1,,2017-12-01 12:54:15
3348,0.8-1.6,0.8,1.6,µm,0.4-0.6,0.4,0.6,µm,rod-shaped,0.0,,positive,7354,31201,1,,2017-12-01 12:54:15
3349,,,,,,,,,coccus-shaped,0.0,,positive,6840,29091,1,,2017-12-01 12:54:15
3350,,,,,,,,,rod-shaped,0.0,,positive,3891,31203,1,,2017-12-01 12:54:15
3351,,,,,0.4,0.4,0.4,µm,coccus-shaped,0.0,,positive,14845,29340,1,,2017-12-01 12:54:15
3352,2.5,2.5,2.5,µm,1,1.0,1.0,µm,rod-shaped,1.0,,negative,6075,29031,1,,2017-12-01 12:54:15
3353,2.5,2.5,2.5,µm,0.95,0.95,0.95,µm,rod-shaped,1.0,,negative,6073,29031,1,,2017-12-01 12:54:15
3354,2.75,2.75,2.75,µm,0.8,0.8,0.8,µm,rod-shaped,1.0,,negative,6074,29031,1,,2017-12-01 12:54:15
3355,3.5,3.5,3.5,µm,1,1.0,1.0,µm,rod-shaped,1.0,,negative,6084,28913,1,,2017-12-01 12:54:15
3356,1.25,1.25,1.25,µm,0.55,0.55,0.55,µm,rod-shaped,1.0,,negative,17218,28935,1,,2017-12-01 12:54:15
3357,,,,,1.2-1.6,1.2,1.6,µm,coccus-shaped,0.0,,negative,5887,31207,1,,2017-12-01 12:54:15
3358,1.35,1.35,1.35,µm,1,1.0,1.0,µm,,1.0,,negative,4279,29039,1,,2017-12-01 12:54:15
3359,1.8,1.8,1.8,µm,0.9,0.9,0.9,µm,rod-shaped,1.0,,negative,13734,28960,1,,2017-12-01 12:54:15
3360,,,,,,,,,,0.0,,positive,8015,29417,1,,2017-12-01 12:54:15
3361,3,3.0,3.0,µm,1,1.0,1.0,µm,rod-shaped,1.0,,,133648,29925,1,,2017-12-01 12:54:15
3362,,,,,,,,,rod-shaped,0.0,,negative,132853,28961,1,,2017-12-01 12:54:15
3363,0.74,0.74,0.74,µm,0.54,0.54,0.54,µm,rod-shaped,1.0,,positive,7446,29076,1,,2017-12-01 12:54:15
3364,2.25,2.25,2.25,µm,0.5,0.5,0.5,µm,rod-shaped,1.0,,negative,133424,28894,1,,2017-12-01 12:54:15
3365,1.25,1.25,1.25,µm,0.45,0.45,0.45,µm,,,,positive,7797,29428,1,,2017-12-01 12:54:15
3366,1.25,1.25,1.25,µm,0.5,0.5,0.5,µm,rod-shaped,0.0,,positive,11151,29860,1,,2017-12-01 12:54:15
3367,2.6,2.6,2.6,µm,0.6,0.6,0.6,µm,rod-shaped,1.0,,positive,1298,29494,1,,2017-12-01 12:54:15
3368,3,3.0,3.0,µm,0.75,0.75,0.75,µm,rod-shaped,0.0,,negative,133494,29189,1,,2017-12-01 12:54:15
3369,2.15,2.15,2.15,µm,0.7,0.7,0.7,µm,rod-shaped,1.0,,negative,13678,29334,1,,2017-12-01 12:54:15
3370,2.2,2.2,2.2,µm,0.34,0.34,0.34,µm,rod-shaped,0.0,,negative,24763,30835,1,,2017-12-01 12:54:15
3371,,,,,,,,,rod-shaped,,,positive,13471,29063,1,,2017-12-01 12:54:15
3372,,,,,,,,,coccus-shaped,0.0,,positive,12605,29100,1,,2017-12-01 12:54:15
3373,0.95,0.95,0.95,µm,0.44,0.44,0.44,µm,rod-shaped,1.0,,negative,14193,29097,1,,2017-12-01 12:54:15
3374,7.25,7.25,7.25,µm,0.85,0.85,0.85,µm,rod-shaped,1.0,,negative,17483,31360,1,,2017-12-01 12:54:15
3375,1.1,1.1,1.1,µm,0.85,0.85,0.85,µm,ovoid-shaped,0.0,,negative,134110,31362,1,,2017-12-01 12:54:15
3376,,,,,,,,,,,,positive,8519,29958,1,,2017-12-01 12:54:15
3377,,,,,,,,,,,,positive,8520,29958,1,,2017-12-01 12:54:15
3378,,,,,,,,,,,,positive,8521,29958,1,,2017-12-01 12:54:15
3379,,,,,,,,,,,,positive,131823,29958,1,,2017-12-01 12:54:15
3380,6.25,6.25,6.25,µm,0.45,0.45,0.45,µm,rod-shaped,0.0,,negative,17867,30006,1,,2017-12-01 12:54:15
3381,11.25,11.25,11.25,µm,0.7,0.7,0.7,µm,rod-shaped,0.0,,negative,17865,30006,1,,2017-12-01 12:54:15
3382,12.5,12.5,12.5,µm,0.7,0.7,0.7,µm,rod-shaped,0.0,,negative,17866,30006,1,,2017-12-01 12:54:15
3383,3,3.0,3.0,µm,0.45,0.45,0.45,µm,rod-shaped,0.0,,negative,17864,30006,1,,2017-12-01 12:54:15
3384,2.75,2.75,2.75,µm,0.6,0.6,0.6,µm,rod-shaped,1.0,,positive,1229,31214,1,,2017-12-01 12:54:15
3385,,,,,,,,,rod-shaped,0.0,,negative,134183,31730,1,,2017-12-01 12:54:15
3386,,,,,,,,,rod-shaped,0.0,,positive,13485,29924,1,,2017-12-01 12:54:15
3387,,,,,,,,,rod-shaped,0.0,,negative,17402,29894,1,,2017-12-01 12:54:15
3388,,,,,,,,,rod-shaped,0.0,,positive,7424,29943,1,,2017-12-01 12:54:15
3389,3.7,3.7,3.7,µm,0.285,0.28,0.28,µm,rod-shaped,1.0,,negative,17964,30141,1,,2017-12-01 12:54:15
3390,,,,,,,,,,0.0,,positive,16407,31268,1,,2017-12-01 12:54:15
3391,,,,,,,,,,0.0,,positive,13304,31994,1,,2017-12-01 12:54:15
3392,1.4-5.0,1.4,5.0,µm,0.5-0.7,0.5,0.7,µm,rod-shaped,1.0,,negative,17048,29933,1,,2017-12-01 12:54:15
3393,3,3.0,3.0,µm,1.1,1.1,1.1,µm,rod-shaped,0.0,,negative,1611,31339,1,,2017-12-01 12:54:15
3394,,,,,,,,,rod-shaped,0.0,,positive,13264,32107,1,,2017-12-01 12:54:15
3395,,,,,,,,,coccus-shaped,0.0,,positive,13276,30091,1,,2017-12-01 12:54:15
3396,,,,,,,,,rod-shaped,,,negative,4396,29937,1,,2017-12-01 12:54:15
3397,,,,,,,,,,,,positive,13486,31254,1,,2017-12-01 12:54:15
3398,2,2.0,2.0,µm,,,,,rod-shaped,1.0,,negative,3031,29355,1,,2017-12-01 12:54:15
3399,1.9,1.9,1.9,µm,0.65,0.65,0.65,µm,rod-shaped,1.0,,negative,134208,31850,1,,2017-12-01 12:54:15
3400,3.15,3.15,3.15,µm,0.45,0.45,0.45,µm,spiral-shaped,1.0,,negative,11297,28937,1,,2017-12-01 12:54:15
3401,3.15,3.15,3.15,µm,0.6,0.6,0.6,µm,rod-shaped,1.0,,negative,17932,31455,1,,2017-12-01 12:54:15
3402,03-05,3.0,5.0,µm,0.5-0.8,0.5,0.8,µm,rod-shaped,1.0,,positive,11612,31703,1,,2017-12-01 12:54:15
3403,03-05,3.0,5.0,µm,0.5-0.8,0.5,0.8,µm,rod-shaped,1.0,,positive,11610,31703,1,,2017-12-01 12:54:15
3404,2.2-3,2.2,3.0,µm,0.7-1.1,0.7,1.1,µm,ovoid-shaped,0.0,,positive,6863,31686,1,,2017-12-01 12:54:15
3405,1.4-1.9,1.4,1.9,µm,0.6-0.8,0.6,0.8,µm,ovoid-shaped,1.0,,negative,13731,31517,1,,2017-12-01 12:54:15
3406,,,,,,,,,coccus-shaped,1.0,,positive,5267,30074,1,,2017-12-01 12:54:15
3407,1.35,1.35,1.35,µm,0.7,0.7,0.7,µm,rod-shaped,1.0,,negative,13795,29915,1,,2017-12-01 12:54:15
3408,,,,,0.8,0.8,0.8,µm,rod-shaped,0.0,,negative,13796,29915,1,,2017-12-01 12:54:15
3409,2.0-5.5,2.0,5.5,µm,0.6-2.2,0.6,2.2,µm,rod-shaped,0.0,,negative,3946,29936,1,,2017-12-01 12:54:15
3410,1.55,1.55,1.55,µm,0.55,0.55,0.55,µm,rod-shaped,0.0,,negative,13967,31858,1,,2017-12-01 12:54:15
3411,3.25,3.25,3.25,µm,0.5,0.5,0.5,µm,rod-shaped,0.0,,negative,5803,31372,1,,2017-12-01 12:54:15
3412,0.8-1.2,0.8,1.2,µm,0.4-0.6,0.4,0.6,µm,rod-shaped,1.0,gliding,negative,5588,31601,1,,2017-12-01 12:54:15
3413,2.5,2.5,2.5,µm,0.45,0.45,0.45,µm,rod-shaped,1.0,gliding,negative,5480,30108,1,,2017-12-01 12:54:15
3414,1.65,1.65,1.65,µm,0.5,0.5,0.5,µm,rod-shaped,0.0,,negative,134094,31256,1,,2017-12-01 12:54:15
3415,5.5,5.5,5.5,µm,1.55,1.55,1.55,µm,rod-shaped,1.0,,negative,13966,31858,1,,2017-12-01 12:54:15
3416,2.25,2.25,2.25,µm,0.6,0.6,0.6,µm,rod-shaped,1.0,,negative,14073,29946,1,,2017-12-01 12:54:15
3417,3.25,3.25,3.25,µm,1.45,1.45,1.45,µm,rod-shaped,1.0,,positive,1512,29980,1,,2017-12-01 12:54:15
3418,1.9,1.9,1.9,µm,0.65,0.65,0.65,µm,rod-shaped,1.0,,negative,2882,29962,1,,2017-12-01 12:54:15
3419,3.5,3.5,3.5,µm,0.4,0.4,0.4,µm,rod-shaped,0.0,,negative,133649,29928,1,,2017-12-01 12:54:15
3420,4,4.0,4.0,µm,0.9,0.9,0.9,µm,rod-shaped,1.0,,positive,134164,31639,1,,2017-12-01 12:54:15
3421,02-03,2.0,3.0,µm,0.5-0.7,0.5,0.7,µm,rod-shaped,1.0,,variable,11588,29934,1,,2017-12-01 12:54:15
3422,,,,,,,,,rod-shaped,,,,8509,29954,1,,2017-12-01 12:54:15
3423,,,,,,,,,spiral-shaped,,,positive,3199,29952,1,,2017-12-01 12:54:15
3424,,,,,,,,,coccus-shaped,0.0,,positive,7657,29957,1,,2017-12-01 12:54:15
3425,,,,,0.8-1,0.8,1.0,µm,rod-shaped,0.0,,negative,17406,31720,1,,2017-12-01 12:54:15
3426,,,,,0.8-1,0.8,1.0,µm,rod-shaped,0.0,,negative,17403,31720,1,,2017-12-01 12:54:15
3427,2,2.0,2.0,µm,0.35,0.35,0.35,µm,rod-shaped,1.0,,negative,6138,29947,1,,2017-12-01 12:54:15
3428,2.15,2.15,2.15,µm,0.65,0.65,0.65,µm,rod-shaped,1.0,,negative,1961,30110,1,,2017-12-01 12:54:15
3429,,,,,,,,,coccus-shaped,1.0,,positive,7764,30096,1,,2017-12-01 12:54:15
3430,,,,,,,,,rod-shaped,0.0,,positive,3209,30093,1,,2017-12-01 12:54:15
3431,,,,,,,,,rod-shaped,0.0,,,7765,30096,1,,2017-12-01 12:54:15
3432,1.3,1.3,1.3,µm,0.65,0.65,0.65,µm,rod-shaped,1.0,gliding,negative,131144,29971,1,,2017-12-01 12:54:15
3433,,,,,,,,,rod-shaped,0.0,,positive,1861,30039,1,,2017-12-01 12:54:15
3434,0.55,0.55,0.55,µm,0.55,0.55,0.55,µm,coccus-shaped,0.0,,positive,7787,30044,1,,2017-12-01 12:54:15
3435,6,6.0,6.0,µm,0.3,0.3,0.3,µm,spiral-shaped,1.0,,,134106,31355,1,,2017-12-01 12:54:15
3436,,,,,,,,,,0.0,,positive,131849,30015,1,,2017-12-01 12:54:15
3437,,,,,,,,,ovoid-shaped,,,positive,14825,30004,1,,2017-12-01 12:54:15
3438,,,,,,,,,ovoid-shaped,,,positive,11033,29966,1,,2017-12-01 12:54:15
3439,,,,,,,,,,0.0,,positive,16395,31389,1,,2017-12-01 12:54:15
3440,,,,,,,,,rod-shaped,0.0,,positive,17106,30099,1,,2017-12-01 12:54:15
3441,4.9,4.9,4.9,µm,0.45,0.45,0.45,µm,rod-shaped,1.0,gliding,negative,5658,29967,1,,2017-12-01 12:54:15
3442,2.25,2.25,2.25,µm,0.5,0.5,0.5,µm,rod-shaped,1.0,,negative,6036,29994,1,,2017-12-01 12:54:15
3443,4,4.0,4.0,µm,0.8,0.8,0.8,µm,rod-shaped,1.0,,positive,11851,30019,1,,2017-12-01 12:54:15
3444,5.5,5.5,5.5,µm,0.9,0.9,0.9,µm,rod-shaped,1.0,,negative,133659,29990,1,,2017-12-01 12:54:15
3445,5.75,5.75,5.75,µm,1,1.0,1.0,µm,rod-shaped,0.0,,positive,6615,31225,1,,2017-12-01 12:54:15
3446,1.6,1.6,1.6,µm,1,1.0,1.0,µm,rod-shaped,0.0,,positive,6613,31225,1,,2017-12-01 12:54:15
3447,16,16.0,16.0,µm,1,1.0,1.0,µm,rod-shaped,0.0,,positive,6619,31225,1,,2017-12-01 12:54:15
3448,,,,,,,,,rod-shaped,0.0,,,11072,30112,1,,2017-12-01 12:54:15
3449,,,,,,,,,rod-shaped,0.0,,,11073,30112,1,,2017-12-01 12:54:15
3450,2.2,2.2,2.2,µm,,,,,rod-shaped,1.0,,negative,17298,29976,1,,2017-12-01 12:54:15
3451,,,,,,,,,rod-shaped,,,,8529,30150,1,,2017-12-01 12:54:15
3452,2.8,2.8,2.8,µm,1,1.0,1.0,µm,rod-shaped,0.0,,positive,6612,30198,1,,2017-12-01 12:54:15
3453,4.5,4.5,4.5,µm,0.75,0.75,0.75,µm,rod-shaped,1.0,,variable,11563,30009,1,,2017-12-01 12:54:15
3454,2.1,2.1,2.1,µm,0.55,0.55,0.55,µm,rod-shaped,0.0,,negative,17299,29995,1,,2017-12-01 12:54:15
3455,1.6-2.5,1.6,2.5,µm,0.45-0.55,0.45,0.55,µm,rod-shaped,1.0,,negative,482,31386,1,,2017-12-01 12:54:15
3456,,,,,,,,,rod-shaped,0.0,,positive,13253,31468,1,,2017-12-01 12:54:15
3457,,,,,,,,,,,,positive,16385,30057,1,,2017-12-01 12:54:15
3458,1,1.0,1.0,µm,0.6,0.6,0.6,µm,rod-shaped,1.0,,negative,17646,29981,1,,2017-12-01 12:54:15
3459,1.95,1.95,1.95,µm,0.7,0.7,0.7,µm,rod-shaped,1.0,,negative,10447,30017,1,,2017-12-01 12:54:15
3460,1.1-1.7,1.1,1.7,µm,0.4-0.5,0.4,0.5,µm,rod-shaped,0.0,,negative,17700,30033,1,,2017-12-01 12:54:15
3461,1-1.8,1.0,1.8,µm,0.3-0.5,0.3,0.5,µm,rod-shaped,0.0,,negative,17698,30033,1,,2017-12-01 12:54:15
3462,0.8-2.6,0.8,2.6,µm,0.3-0.4,0.3,0.4,µm,rod-shaped,0.0,,negative,17699,30033,1,,2017-12-01 12:54:15
3463,3.4,3.4,3.4,µm,1.25,1.25,1.25,µm,rod-shaped,1.0,,,3986,30007,1,,2017-12-01 12:54:15
3464,4,4.0,4.0,µm,0.55,0.55,0.55,µm,rod-shaped,0.0,,negative,5484,30041,1,,2017-12-01 12:54:15
3465,6,6.0,6.0,µm,0.6,0.6,0.6,µm,rod-shaped,0.0,,negative,5604,30026,1,,2017-12-01 12:54:15
3466,6,6.0,6.0,µm,0.6,0.6,0.6,µm,rod-shaped,0.0,,negative,5605,30026,1,,2017-12-01 12:54:15
3467,2.5,2.5,2.5,µm,0.45,0.45,0.45,µm,rod-shaped,0.0,,negative,5606,30026,1,,2017-12-01 12:54:15
3468,5,5.0,5.0,µm,0.275,0.28,0.28,µm,rod-shaped,0.0,,negative,5607,30026,1,,2017-12-01 12:54:15
3469,1,1.0,1.0,µm,0.4,0.4,0.4,µm,rod-shaped,0.0,,positive,17989,31243,1,,2017-12-01 12:54:15
3470,0.9,0.9,0.9,µm,0.3,0.3,0.3,µm,rod-shaped,0.0,,positive,12609,29998,1,,2017-12-01 12:54:15
3471,,,,,,,,,coccus-shaped,0.0,,negative,16386,30065,1,,2017-12-01 12:54:15
3472,2.8,2.8,2.8,µm,0.65,0.65,0.65,µm,ovoid-shaped,0.0,,positive,1765,29736,1,,2017-12-01 12:54:15
3473,,,,,,,,,rod-shaped,0.0,,positive,10774,30048,1,,2017-12-01 12:54:15
3474,3.15,3.15,3.15,µm,0.6,0.6,0.6,µm,rod-shaped,1.0,,negative,16686,30070,1,,2017-12-01 12:54:15
3475,1.5-8,1.5,8.0,µm,0.4-0.8,0.4,0.8,µm,rod-shaped,1.0,,positive,17689,31627,1,,2017-12-01 12:54:15
3476,0.9-1.8,0.9,1.8,µm,0.5-0.7,0.5,0.7,µm,rod-shaped,1.0,,negative,7236,30115,1,,2017-12-01 12:54:15
3477,2.4,2.4,2.4,µm,1.4,1.4,1.4,µm,rod-shaped,0.0,,positive,2368,30038,1,,2017-12-01 12:54:15
3478,2.5,2.5,2.5,µm,0.5,0.5,0.5,µm,rod-shaped,1.0,,negative,2099,29118,1,,2017-12-01 12:54:15
3479,,,,,,,,,,,,positive,16410,31264,1,,2017-12-01 12:54:15
3480,,,,,,,,,rod-shaped,,,positive,16409,31392,1,,2017-12-01 12:54:15
3481,4,4.0,4.0,µm,0.4,0.4,0.4,µm,rod-shaped,1.0,,positive,134095,31272,1,,2017-12-01 12:54:15
3482,,,,,,,,,ovoid-shaped,1.0,,positive,6360,31215,1,,2017-12-01 12:54:15
3483,3,3.0,3.0,µm,0.5,0.5,0.5,µm,rod-shaped,1.0,,positive,11579,30113,1,,2017-12-01 12:54:15
3484,2.5,2.5,2.5,µm,0.5,0.5,0.5,µm,rod-shaped,1.0,,positive,11578,30113,1,,2017-12-01 12:54:15
3485,2,2.0,2.0,µm,0.5,0.5,0.5,µm,rod-shaped,1.0,,positive,11580,30113,1,,2017-12-01 12:54:15
3486,1.25,1.25,1.25,µm,0.65,0.65,0.65,µm,rod-shaped,1.0,,negative,134204,31833,1,,2017-12-01 12:54:15
3487,2,2.0,2.0,µm,1,1.0,1.0,µm,rod-shaped,,,positive,11760,30077,1,,2017-12-01 12:54:15
3488,,,,,,,,,ovoid-shaped,0.0,,positive,10797,31251,1,,2017-12-01 12:54:15
3489,,,,,,,,,,0.0,,positive,11235,32184,1,,2017-12-01 12:54:15
3490,,,,,,,,,,0.0,,positive,11234,32218,1,,2017-12-01 12:54:15
3491,,,,,,,,,,0.0,,,8533,30100,1,,2017-12-01 12:54:15
3492,105,105.0,105.0,µm,0.3,0.3,0.3,µm,spiral-shaped,1.0,gliding,negative,14339,29667,1,,2017-12-01 12:54:15
3493,1.15,1.15,1.15,µm,0.75,0.75,0.75,µm,rod-shaped,0.0,,positive,1766,29919,1,,2017-12-01 12:54:15
3494,1.1,1.1,1.1,µm,0.85,0.85,0.85,µm,rod-shaped,0.0,,positive,1738,29919,1,,2017-12-01 12:54:15
3495,2.4,2.4,2.4,µm,0.7,0.7,0.7,µm,rod-shaped,1.0,,negative,10451,31894,1,,2017-12-01 12:54:15
3496,7.5,7.5,7.5,µm,0.4,0.4,0.4,µm,rod-shaped,1.0,,positive,18062,31907,1,,2017-12-01 12:54:15
3497,0.8-6,0.8,6.0,µm,0.7-0.8,0.7,0.8,µm,rod-shaped,0.0,,negative,12544,31608,1,,2017-12-01 12:54:15
3498,1.5,1.5,1.5,µm,0.7,0.7,0.7,µm,rod-shaped,1.0,,negative,14082,30142,1,,2017-12-01 12:54:15
3499,,,,,,,,,,,,positive,12588,30188,1,,2017-12-01 12:54:15
3500,0.9,0.9,0.9,µm,0.75,0.75,0.75,µm,rod-shaped,0.0,,negative,17411,32421,1,,2017-12-01 12:54:15
3501,1.2,1.2,1.2,µm,0.8,0.8,0.8,µm,rod-shaped,1.0,,negative,17658,30166,1,,2017-12-01 12:54:15
3502,1.4,1.4,1.4,µm,0.75,0.75,0.75,µm,rod-shaped,1.0,,negative,13114,30122,1,,2017-12-01 12:54:15
3503,,,,,,,,,rod-shaped,,,positive,8026,31465,1,,2017-12-01 12:54:15
3504,,,,,,,,,coccus-shaped,0.0,,positive,8027,31465,1,,2017-12-01 12:54:15
3505,0.6-3.4,0.6,3.4,µm,0.4-0.8,0.4,0.8,µm,rod-shaped,0.0,,variable,7332,32596,1,,2017-12-01 12:54:15
3506,02-05,2.0,5.0,µm,0.8-1.2,0.8,1.2,µm,rod-shaped,,,positive,1245,31597,1,,2017-12-01 12:54:15
3507,0.8-1.2,0.8,1.2,µm,0.4-0.6,0.4,0.6,µm,rod-shaped,0.0,,positive,11217,31248,1,,2017-12-01 12:54:15
3508,3.85,3.85,3.85,µm,0.65,0.65,0.65,µm,rod-shaped,1.0,,negative,6000,31261,1,,2017-12-01 12:54:15
3509,0.65,0.65,0.65,µm,0.65,0.65,0.65,µm,coccus-shaped,0.0,,positive,7632,31296,1,,2017-12-01 12:54:15
3510,1.5,1.5,1.5,µm,1.5,1.5,1.5,µm,rod-shaped,0.0,,positive,7423,31298,1,,2017-12-01 12:54:15
3511,2.75,2.75,2.75,µm,0.35,0.35,0.35,µm,rod-shaped,0.0,,positive,134104,31325,1,,2017-12-01 12:54:15
3512,4.5,4.5,4.5,µm,0.4,0.4,0.4,µm,rod-shaped,0.0,,negative,130153,30138,1,,2017-12-01 12:54:15
3513,2,2.0,2.0,µm,0.9,0.9,0.9,µm,rod-shaped,1.0,,negative,6047,31278,1,,2017-12-01 12:54:15
3514,,,,,0.7,0.7,0.7,µm,coccus-shaped,0.0,,positive,6283,30182,1,,2017-12-01 12:54:15
3515,,,,,,,,,rod-shaped,0.0,,negative,13867,30169,1,,2017-12-01 12:54:15
3516,,,,,0.7-0.9,0.7,0.9,µm,rod-shaped,1.0,,negative,12699,30194,1,,2017-12-01 12:54:15
3517,0.91-1.0,0.91,1.0,µm,0.62-0.78,0.62,0.78,µm,coccus-shaped,,,positive,5344,31240,1,,2017-12-01 12:54:15
3518,2.7,2.7,2.7,µm,0.45,0.45,0.45,µm,rod-shaped,0.0,,positive,11115,30185,1,,2017-12-01 12:54:15
3519,1.5,1.5,1.5,µm,0.35,0.35,0.35,µm,rod-shaped,0.0,,positive,134096,31276,1,,2017-12-01 12:54:15
3520,1.6,1.6,1.6,µm,0.75,0.75,0.75,µm,rod-shaped,0.0,,negative,13685,30164,1,,2017-12-01 12:54:15
3521,1.1,1.1,1.1,µm,0.6,0.6,0.6,µm,rod-shaped,0.0,,negative,13687,30164,1,,2017-12-01 12:54:15
3522,3.6,3.6,3.6,µm,0.5,0.5,0.5,µm,rod-shaped,0.0,,negative,5636,30171,1,,2017-12-01 12:54:15
3523,2,2.0,2.0,µm,0.55,0.55,0.55,µm,rod-shaped,,,positive,425,30160,1,,2017-12-01 12:54:15
3524,,,,,,,,,,,,positive,13193,31514,1,,2017-12-01 12:54:15
3525,,,,,,,,,rod-shaped,0.0,,positive,7270,31213,1,,2017-12-01 12:54:15
3526,3.95,3.95,3.95,µm,1.525,1.52,1.52,µm,rod-shaped,1.0,,positive,11586,31270,1,,2017-12-01 12:54:15
3527,3,3.0,3.0,µm,1,1.0,1.0,µm,rod-shaped,1.0,,negative,134088,31223,1,,2017-12-01 12:54:15
3528,1.2,1.2,1.2,µm,0.65,0.65,0.65,µm,rod-shaped,1.0,,negative,13630,31487,1,,2017-12-01 12:54:15
3529,,,,,,,,,coccus-shaped,1.0,,positive,11972,31317,1,,2017-12-01 12:54:15
3530,,,,,,,,,,0.0,,positive,14862,31218,1,,2017-12-01 12:54:15
3531,,,,,,,,,,0.0,,positive,14860,31218,1,,2017-12-01 12:54:15
3532,,,,,,,,,,0.0,,positive,14861,31218,1,,2017-12-01 12:54:15
3533,,,,,,,,,,0.0,,positive,14864,31218,1,,2017-12-01 12:54:15
3534,,,,,,,,,,0.0,,positive,14863,31218,1,,2017-12-01 12:54:15
3535,1.62,1.62,1.62,µm,0.73,0.73,0.73,µm,ovoid-shaped,0.0,,negative,8203,31679,1,,2017-12-01 12:54:15
3536,4.25,4.25,4.25,µm,0.3,0.3,0.3,µm,rod-shaped,0.0,,negative,133698,30192,1,,2017-12-01 12:54:15
3537,4.25,4.25,4.25,µm,0.35,0.35,0.35,µm,rod-shaped,0.0,,negative,133699,30192,1,,2017-12-01 12:54:15
3538,3,3.0,3.0,µm,0.6,0.6,0.6,µm,rod-shaped,1.0,,negative,14072,30157,1,,2017-12-01 12:54:15
3539,1.7,1.7,1.7,µm,0.7,0.7,0.7,µm,rod-shaped,1.0,,negative,14241,31233,1,,2017-12-01 12:54:15
3540,3,3.0,3.0,µm,0.75,0.75,0.75,µm,rod-shaped,0.0,,negative,134092,31231,1,,2017-12-01 12:54:15
3541,0.375,0.38,0.38,µm,,,,,,,,positive,5842,31227,1,,2017-12-01 12:54:15
3542,0.375,0.38,0.38,µm,,,,,,,,positive,5841,31227,1,,2017-12-01 12:54:15
3543,0.375,0.38,0.38,µm,,,,,,,,positive,5840,31227,1,,2017-12-01 12:54:15
3544,2.75,2.75,2.75,µm,0.95,0.95,0.95,µm,rod-shaped,1.0,,negative,134098,31280,1,,2017-12-01 12:54:15
3545,3,3.0,3.0,µm,0.75,0.75,0.75,µm,rod-shaped,1.0,,negative,134099,31280,1,,2017-12-01 12:54:15
3546,3.25,3.25,3.25,µm,0.7,0.7,0.7,µm,rod-shaped,1.0,,negative,13737,31236,1,,2017-12-01 12:54:15
3547,6,6.0,6.0,µm,0.3,0.3,0.3,µm,rod-shaped,1.0,,positive,134101,31285,1,,2017-12-01 12:54:15
3548,3.25,3.25,3.25,µm,0.86,0.86,0.86,µm,,1.0,,negative,6043,31237,1,,2017-12-01 12:54:15
3549,1.2-4.5,1.2,4.5,µm,0.68,0.68,0.68,µm,rod-shaped,0.0,,negative,3947,31235,1,,2017-12-01 12:54:15
3550,3.15,3.15,3.15,µm,0.5,0.5,0.5,µm,rod-shaped,1.0,,positive,2829,31249,1,,2017-12-01 12:54:15
3551,1.3,1.3,1.3,µm,0.65,0.65,0.65,µm,rod-shaped,1.0,,negative,1966,31259,1,,2017-12-01 12:54:15
3552,4,4.0,4.0,µm,1.1,1.1,1.1,µm,rod-shaped,1.0,,negative,5975,29273,1,,2017-12-01 12:54:15
3553,,,,,1.2,1.2,1.2,µm,coccus-shaped,1.0,,negative,5898,29282,1,,2017-12-01 12:54:15
3554,,,,,,,,,rod-shaped,1.0,,negative,134105,31333,1,,2017-12-01 12:54:15
3555,2.9,2.9,2.9,µm,0.45,0.45,0.45,µm,rod-shaped,0.0,,negative,14155,31399,1,,2017-12-01 12:54:15
3556,,,,,,,,,rod-shaped,,,positive,13393,31603,1,,2017-12-01 12:54:15
3557,1,1.0,1.0,µm,1,1.0,1.0,µm,rod-shaped,1.0,,positive,12581,31606,1,,2017-12-01 12:54:15
3558,,,,,0.4,0.4,0.4,µm,rod-shaped,0.0,,positive,7272,31281,1,,2017-12-01 12:54:15
3559,,,,,,,,,rod-shaped,0.0,,positive,7273,31281,1,,2017-12-01 12:54:15
3560,,,,,1.7,1.7,1.7,µm,coccus-shaped,0.0,,negative,8189,31253,1,,2017-12-01 12:54:15
3561,1.75,1.75,1.75,µm,0.9,0.9,0.9,µm,rod-shaped,0.0,,negative,133961,30958,1,,2017-12-01 12:54:15
3562,7,7.0,7.0,µm,0.3,0.3,0.3,µm,spiral-shaped,1.0,,,134107,31355,1,,2017-12-01 12:54:15
3563,2.8,2.8,2.8,µm,0.5,0.5,0.5,µm,rod-shaped,1.0,,negative,17167,31273,1,,2017-12-01 12:54:15
3564,3,3.0,3.0,µm,0.35,0.35,0.35,µm,rod-shaped,0.0,,negative,396,31263,1,,2017-12-01 12:54:15
3565,3,3.0,3.0,µm,0.35,0.35,0.35,µm,rod-shaped,0.0,,negative,397,31263,1,,2017-12-01 12:54:15
3566,0.9,0.9,0.9,µm,0.9,0.9,0.9,µm,coccus-shaped,0.0,,positive,6263,31267,1,,2017-12-01 12:54:15
3567,,,,,,,,,rod-shaped,0.0,,positive,11044,31633,1,,2017-12-01 12:54:15
3568,2.5,2.5,2.5,µm,0.75,0.75,0.75,µm,rod-shaped,1.0,,negative,6232,31269,1,,2017-12-01 12:54:15
3569,2.25,2.25,2.25,µm,0.875,0.88,0.88,µm,rod-shaped,0.0,,negative,13790,31266,1,,2017-12-01 12:54:15
3570,,,,,,,,,rod-shaped,1.0,,negative,5017,29859,1,,2017-12-01 12:54:15
3571,,,,,,,,,rod-shaped,0.0,,variable,10626,31586,1,,2017-12-01 12:54:15
3572,2.3-5.5,2.3,5.5,µm,0.5-0.5,0.5,0.5,µm,rod-shaped,1.0,,positive,2868,31315,1,,2017-12-01 12:54:15
3573,2,2.0,2.0,µm,0.5,0.5,0.5,µm,rod-shaped,1.0,,negative,2342,31252,1,,2017-12-01 12:54:15
3574,5,5.0,5.0,µm,0.7,0.7,0.7,µm,rod-shaped,1.0,,negative,16687,31348,1,,2017-12-01 12:54:15
3575,3.05,3.05,3.05,µm,1.15,1.15,1.15,µm,rod-shaped,1.0,,negative,17232,31335,1,,2017-12-01 12:54:15
3576,1.2,1.2,1.2,µm,0.5,0.5,0.5,µm,rod-shaped,1.0,,negative,11274,31328,1,,2017-12-01 12:54:15
3577,3,3.0,3.0,µm,0.35,0.35,0.35,µm,rod-shaped,1.0,,negative,17443,31437,1,,2017-12-01 12:54:15
3578,5.5,5.5,5.5,µm,0.8,0.8,0.8,µm,rod-shaped,1.0,,positive,11840,31884,1,,2017-12-01 12:54:15
3579,5,5.0,5.0,µm,0.9,0.9,0.9,µm,rod-shaped,1.0,,positive,11831,32137,1,,2017-12-01 12:54:15
3580,,,,,,,,,rod-shaped,0.0,,negative,134100,31284,1,,2017-12-01 12:54:15
3581,,,,,,,,,rod-shaped,1.0,,negative,17508,31284,1,,2017-12-01 12:54:15
3582,1.7,1.7,1.7,µm,0.7,0.7,0.7,µm,rod-shaped,1.0,,negative,17226,31710,1,,2017-12-01 12:54:15
3583,1.4,1.4,1.4,µm,0.9,0.9,0.9,µm,rod-shaped,1.0,,negative,471,31311,1,,2017-12-01 12:54:15
3584,1.7,1.7,1.7,µm,0.7,0.7,0.7,µm,,0.0,,negative,5394,31290,1,,2017-12-01 12:54:15
3585,,,,,,,,,,0.0,,negative,134112,31390,1,,2017-12-01 12:54:15
3586,,,,,,,,,,,,positive,8010,31840,1,,2017-12-01 12:54:15
3587,4.3,4.3,4.3,µm,1.05,1.05,1.05,µm,rod-shaped,1.0,,positive,556,31291,1,,2017-12-01 12:54:15
3588,1.5,1.5,1.5,µm,0.55,0.55,0.55,µm,rod-shaped,0.0,,positive,7425,31304,1,,2017-12-01 12:54:15
3589,,,,,0.3-1.4,0.3,1.4,µm,coccus-shaped,0.0,,positive,12620,31932,1,,2017-12-01 12:54:15
3590,1.4,1.4,1.4,µm,0.5,0.5,0.5,µm,rod-shaped,1.0,,negative,11284,31482,1,,2017-12-01 12:54:15
3591,,,,,,,,,,,,positive,16990,31343,1,,2017-12-01 12:54:15
3592,1.75,1.75,1.75,µm,0.85,0.85,0.85,µm,rod-shaped,0.0,,negative,12503,31375,1,,2017-12-01 12:54:15
3593,0.9,0.9,0.9,µm,0.5,0.5,0.5,µm,ovoid-shaped,,,,8544,31337,1,,2017-12-01 12:54:15
3594,1.2,1.2,1.2,µm,0.7,0.7,0.7,µm,rod-shaped,0.0,,positive,7768,31471,1,,2017-12-01 12:54:15
3595,02-03,2.0,3.0,µm,0.2,0.2,0.2,µm,rod-shaped,1.0,,negative,17738,31789,1,,2017-12-01 12:54:15
3596,2.7-5.6,2.7,5.6,µm,0.28-0.48,0.28,0.48,µm,rod-shaped,1.0,,negative,6220,32393,1,,2017-12-01 12:54:15
3597,1.6,1.6,1.6,µm,0.5,0.5,0.5,µm,rod-shaped,1.0,,negative,495,32420,1,,2017-12-01 12:54:15
3598,2.5,2.5,2.5,µm,0.7,0.7,0.7,µm,rod-shaped,1.0,,negative,14080,31886,1,,2017-12-01 12:54:15
3599,1.7,1.7,1.7,µm,0.7,0.7,0.7,µm,rod-shaped,1.0,,negative,14074,31456,1,,2017-12-01 12:54:15
3600,02-03,2.0,3.0,µm,0.55-0.65,0.55,0.65,µm,rod-shaped,1.0,,negative,14078,31570,1,,2017-12-01 12:54:15
3601,3.5,3.5,3.5,µm,0.55,0.55,0.55,µm,rod-shaped,1.0,,negative,14081,31886,1,,2017-12-01 12:54:15
3602,0.5-1,0.5,1.0,µm,0.5,0.5,0.5,µm,rod-shaped,0.0,,negative,5784,32287,1,,2017-12-01 12:54:15
3603,1.6-12.5,1.6,12.5,µm,0.3-0.6,0.3,0.6,µm,rod-shaped,0.0,,negative,5560,31740,1,,2017-12-01 12:54:15
3604,1.1-2.3,1.1,2.3,µm,0.2-0.3,0.2,0.3,µm,rod-shaped,0.0,,negative,5561,31740,1,,2017-12-01 12:54:15
3605,2.25,2.25,2.25,µm,0.4,0.4,0.4,µm,rod-shaped,1.0,gliding,negative,5726,31479,1,,2017-12-01 12:54:15
3606,,,,,,,,,coccus-shaped,0.0,,positive,7767,31313,1,,2017-12-01 12:54:15
3607,,,,,,,,,coccus-shaped,1.0,,positive,7766,31313,1,,2017-12-01 12:54:15
3608,2.25,2.25,2.25,µm,1.25,1.25,1.25,µm,rod-shaped,1.0,,variable,11589,31327,1,,2017-12-01 12:54:15
3609,,,,,,,,,rod-shaped,0.0,,negative,13675,31318,1,,2017-12-01 12:54:15
3610,,,,,,,,,rod-shaped,,,negative,133468,29081,1,,2017-12-01 12:54:15
3611,,,,,,,,,rod-shaped,,,negative,133469,29081,1,,2017-12-01 12:54:15
3612,,,,,0.75,0.75,0.75,µm,rod-shaped,,,,134108,31356,1,,2017-12-01 12:54:15
3613,1.8,1.8,1.8,µm,0.5,0.5,0.5,µm,rod-shaped,1.0,,positive,11787,31320,1,,2017-12-01 12:54:15
3614,2,2.0,2.0,µm,0.5,0.5,0.5,µm,rod-shaped,1.0,,positive,134137,31442,1,,2017-12-01 12:54:15
3615,2,2.0,2.0,µm,0.5,0.5,0.5,µm,rod-shaped,1.0,,positive,1095,31442,1,,2017-12-01 12:54:15
3616,2.5,2.5,2.5,µm,0.5,0.5,0.5,µm,rod-shaped,1.0,,positive,23706,31322,1,,2017-12-01 12:54:15
3617,3.8,3.8,3.8,µm,0.75,0.75,0.75,µm,rod-shaped,1.0,,positive,1260,31374,1,,2017-12-01 12:54:15
3618,2,2.0,2.0,µm,0.8,0.8,0.8,µm,ovoid-shaped,1.0,,negative,14280,31415,1,,2017-12-01 12:54:15
3619,2.5-4.5,2.5,4.5,µm,0.8-1,0.8,1.0,µm,rod-shaped,1.0,,variable,1228,31332,1,,2017-12-01 12:54:15
3620,1.15,1.15,1.15,µm,0.4,0.4,0.4,µm,rod-shaped,0.0,,,14050,31396,1,,2017-12-01 12:54:15
3621,1.35,1.35,1.35,µm,0.4,0.4,0.4,µm,rod-shaped,0.0,,,14052,31396,1,,2017-12-01 12:54:15
3622,,,,,,,,,,0.0,,positive,14867,31330,1,,2017-12-01 12:54:15
3623,,,,,0.5,0.5,0.5,µm,rod-shaped,0.0,,positive,7276,31369,1,,2017-12-01 12:54:15
3624,,,,,0.4,0.4,0.4,µm,rod-shaped,0.0,,positive,7275,31369,1,,2017-12-01 12:54:15
3625,,,,,0.5,0.5,0.5,µm,rod-shaped,0.0,,positive,7274,31369,1,,2017-12-01 12:54:15
3626,,,,,,,,,rod-shaped,0.0,,positive,11218,31676,1,,2017-12-01 12:54:15
3627,,,,,,,,,rod-shaped,0.0,,positive,11219,31676,1,,2017-12-01 12:54:15
3628,,,,,,,,,rod-shaped,0.0,,positive,11221,31676,1,,2017-12-01 12:54:15
3629,,,,,,,,,rod-shaped,0.0,,positive,11222,31676,1,,2017-12-01 12:54:15
3630,,,,,,,,,rod-shaped,0.0,,positive,11220,31676,1,,2017-12-01 12:54:15
3631,,,,,,,,,rod-shaped,0.0,,positive,10800,31341,1,,2017-12-01 12:54:15
3632,,,,,,,,,rod-shaped,,,positive,17821,31341,1,,2017-12-01 12:54:15
3633,,,,,,,,,spiral-shaped,1.0,,negative,133935,30912,1,,2017-12-01 12:54:15
3634,,,,,,,,,spiral-shaped,1.0,,negative,6808,30912,1,,2017-12-01 12:54:15
3635,,,,,,,,,spiral-shaped,1.0,,negative,6807,30912,1,,2017-12-01 12:54:15
3636,,,,,,,,,spiral-shaped,1.0,,negative,133936,30912,1,,2017-12-01 12:54:15
3637,1.75,1.75,1.75,µm,0.9,0.9,0.9,µm,rod-shaped,0.0,,positive,11116,31349,1,,2017-12-01 12:54:15
3638,1.15,1.15,1.15,µm,0.55,0.55,0.55,µm,rod-shaped,1.0,,negative,134109,31361,1,,2017-12-01 12:54:15
3639,,,,,,,,,rod-shaped,0.0,,,6279,31731,1,,2017-12-01 12:54:15
3640,,,,,,,,,rod-shaped,0.0,,negative,8194,31359,1,,2017-12-01 12:54:15
3641,,,,,,,,,rod-shaped,0.0,,positive,10803,31480,1,,2017-12-01 12:54:15
3642,,,,,,,,,rod-shaped,0.0,,positive,10802,31480,1,,2017-12-01 12:54:15
3643,3,3.0,3.0,µm,0.1,0.1,0.1,µm,,1.0,,negative,17782,31459,1,,2017-12-01 12:54:15
3644,,,,,,,,,,0.0,,positive,4259,32240,1,,2017-12-01 12:54:15
3645,01-02,1.0,2.0,µm,0.5-0.8,0.5,0.8,µm,rod-shaped,1.0,,negative,134151,31554,1,,2017-12-01 12:54:15
3646,1.4-1.9,1.4,1.9,µm,0.5-0.8,0.5,0.8,µm,ovoid-shaped,1.0,,,4159,31618,1,,2017-12-01 12:54:15
3647,,,,,,,,,,0.0,,positive,5848,31416,1,,2017-12-01 12:54:15
3648,2,2.0,2.0,µm,1.15,1.15,1.15,µm,ovoid-shaped,0.0,,negative,16671,31441,1,,2017-12-01 12:54:15
3649,2.75,2.75,2.75,µm,0.8,0.8,0.8,µm,rod-shaped,1.0,,negative,134111,31372,1,,2017-12-01 12:54:15
3650,03-07,3.0,7.0,µm,0.5-0.6,0.5,0.6,µm,rod-shaped,1.0,,positive,2514,31501,1,,2017-12-01 12:54:15
3651,,,,,,,,,rod-shaped,1.0,,negative,13804,31370,1,,2017-12-01 12:54:15
3652,0.9-1.3,0.9,1.3,µm,0.5-0.8,0.5,0.8,µm,ovoid-shaped,0.0,,negative,8202,31679,1,,2017-12-01 12:54:15
3653,6,6.0,6.0,µm,0.5,0.5,0.5,µm,rod-shaped,1.0,gliding,negative,5650,31371,1,,2017-12-01 12:54:15
3654,1.3-1.8,1.3,1.8,µm,0.5-0.6,0.5,0.6,µm,rod-shaped,0.0,,positive,1253,31769,1,,2017-12-01 12:54:15
3655,1.6-2.8,1.6,2.8,µm,0.8-1.6,0.8,1.6,µm,rod-shaped,1.0,,positive,1244,31506,1,,2017-12-01 12:54:15
3656,2.6,2.6,2.6,µm,0.8,0.8,0.8,µm,rod-shaped,1.0,,negative,6045,31460,1,,2017-12-01 12:54:15
3657,0.9,0.9,0.9,µm,0.4,0.4,0.4,µm,rod-shaped,1.0,,negative,133807,30562,1,,2017-12-01 12:54:15
3658,1.5-4,1.5,4.0,µm,0.3-0.5,0.3,0.5,µm,rod-shaped,1.0,,negative,23756,31658,1,,2017-12-01 12:54:15
3659,1.675,1.68,1.68,µm,0.65,0.65,0.65,µm,rod-shaped,1.0,,negative,11324,31364,1,,2017-12-01 12:54:15
3660,2.36,2.36,2.36,µm,0.8,0.8,0.8,µm,rod-shaped,1.0,,positive,6676,29156,1,,2017-12-01 12:54:15
3661,1.65-3.41,1.65,3.41,µm,0.71-1.03,0.71,1.03,µm,rod-shaped,0.0,,positive,6579,32562,1,,2017-12-01 12:54:15
3662,,,,,0.8,0.8,0.8,µm,rod-shaped,0.0,,negative,132051,31393,1,,2017-12-01 12:54:15
3663,,,,,0.8,0.8,0.8,µm,rod-shaped,0.0,,negative,130606,31393,1,,2017-12-01 12:54:15
3664,2.5-4,2.5,4.0,µm,0.5-0.7,0.5,0.7,µm,rod-shaped,0.0,,negative,5640,31705,1,,2017-12-01 12:54:15
3665,0.7-2,0.7,2.0,µm,0.2-0.3,0.2,0.3,µm,rod-shaped,0.0,,negative,134176,31697,1,,2017-12-01 12:54:15
3666,1.35,1.35,1.35,µm,0.25,0.25,0.25,µm,rod-shaped,1.0,,negative,17858,31494,1,,2017-12-01 12:54:15
3667,2.425,2.42,2.42,µm,0.7,0.7,0.7,µm,rod-shaped,1.0,,negative,7181,31890,1,,2017-12-01 12:54:15
3668,2.25,2.25,2.25,µm,0.55,0.55,0.55,µm,rod-shaped,0.0,,positive,6636,31423,1,,2017-12-01 12:54:15
3669,,,,,,,,,rod-shaped,0.0,,positive,3227,31927,1,,2017-12-01 12:54:15
3670,0.6,0.6,0.6,µm,0.6,0.6,0.6,µm,coccus-shaped,0.0,,positive,7788,31451,1,,2017-12-01 12:54:15
3671,,,,,,,,,rod-shaped,1.0,,negative,395,32069,1,,2017-12-01 12:54:15
3672,1-1.25,1.0,1.25,µm,0.5,0.5,0.5,µm,rod-shaped,0.0,,negative,17509,31439,1,,2017-12-01 12:54:15
3673,2.0-3.0,2.0,3.0,µm,0.1-0.2,0.1,0.2,µm,rod-shaped,1.0,,negative,134216,31910,1,,2017-12-01 12:54:15
3674,1,1.0,1.0,µm,,,,,coccus-shaped,0.0,,positive,5258,31387,1,,2017-12-01 12:54:15
3675,02-05,2.0,5.0,µm,1,1.0,1.0,µm,rod-shaped,0.0,,positive,6628,31462,1,,2017-12-01 12:54:15
3676,1.6,1.6,1.6,µm,0.6,0.6,0.6,µm,rod-shaped,1.0,,negative,13115,31385,1,,2017-12-01 12:54:15
3677,1.5,1.5,1.5,µm,0.75,0.75,0.75,µm,rod-shaped,1.0,,negative,10428,31378,1,,2017-12-01 12:54:15
3678,1.5,1.5,1.5,µm,0.45,0.45,0.45,µm,rod-shaped,0.0,,negative,134121,31431,1,,2017-12-01 12:54:15
3679,,,,,,,,,rod-shaped,1.0,gliding,negative,134122,31431,1,,2017-12-01 12:54:15
3680,,,,,,,,,rod-shaped,1.0,gliding,negative,134123,31431,1,,2017-12-01 12:54:15
3681,,,,,,,,,rod-shaped,1.0,gliding,negative,134124,31431,1,,2017-12-01 12:54:15
3682,2.5,2.5,2.5,µm,0.4,0.4,0.4,µm,rod-shaped,0.0,,negative,134125,31431,1,,2017-12-01 12:54:15
3683,2,2.0,2.0,µm,0.4,0.4,0.4,µm,rod-shaped,0.0,,negative,134133,31431,1,,2017-12-01 12:54:15
3684,2.5,2.5,2.5,µm,0.45,0.45,0.45,µm,rod-shaped,0.0,,negative,134126,31431,1,,2017-12-01 12:54:15
3685,3.25,3.25,3.25,µm,0.45,0.45,0.45,µm,rod-shaped,0.0,,negative,134127,31431,1,,2017-12-01 12:54:15
3686,4,4.0,4.0,µm,0.5,0.5,0.5,µm,rod-shaped,0.0,,negative,134128,31431,1,,2017-12-01 12:54:15
3687,5.5,5.5,5.5,µm,0.45,0.45,0.45,µm,rod-shaped,0.0,,negative,134129,31431,1,,2017-12-01 12:54:15
3688,5.5,5.5,5.5,µm,0.4,0.4,0.4,µm,rod-shaped,0.0,,negative,134130,31431,1,,2017-12-01 12:54:15
3689,5,5.0,5.0,µm,0.5,0.5,0.5,µm,rod-shaped,1.0,gliding,negative,134131,31431,1,,2017-12-01 12:54:15
3690,8.5,8.5,8.5,µm,0.5,0.5,0.5,µm,rod-shaped,1.0,gliding,negative,134132,31431,1,,2017-12-01 12:54:15
3691,2,2.0,2.0,µm,0.55,0.55,0.55,µm,rod-shaped,0.0,,negative,17706,31404,1,,2017-12-01 12:54:15
3692,02-20,2.0,20.0,µm,,,,,rod-shaped,0.0,,positive,6412,31422,1,,2017-12-01 12:54:15
3693,1.85,1.85,1.85,µm,0.75,0.75,0.75,µm,rod-shaped,1.0,,negative,2456,32153,1,,2017-12-01 12:54:15
3694,3.5,3.5,3.5,µm,1,1.0,1.0,µm,rod-shaped,0.0,,positive,134234,32031,1,,2017-12-01 12:54:15
3695,2,2.0,2.0,µm,1.1,1.1,1.1,µm,coccus-shaped,0.0,,negative,8196,31395,1,,2017-12-01 12:54:15
3696,2,2.0,2.0,µm,1.1,1.1,1.1,µm,coccus-shaped,0.0,,negative,8201,31395,1,,2017-12-01 12:54:15
3697,,,,,,,,,ovoid-shaped,0.0,,positive,11041,31572,1,,2017-12-01 12:54:15
3698,0.75,0.75,0.75,µm,0.75,0.75,0.75,µm,coccus-shaped,0.0,,positive,14665,31449,1,,2017-12-01 12:54:15
3699,01-02,1.0,2.0,µm,0.5-0.7,0.5,0.7,µm,rod-shaped,1.0,,negative,11303,31799,1,,2017-12-01 12:54:15
3700,2.5-4,2.5,4.0,µm,0.3-0.5,0.3,0.5,µm,coccus-shaped,,,positive,7277,31475,1,,2017-12-01 12:54:15
3701,2.5,2.5,2.5,µm,0.7,0.7,0.7,µm,rod-shaped,0.0,,negative,134119,31429,1,,2017-12-01 12:54:15
3702,2,2.0,2.0,µm,0.8,0.8,0.8,µm,rod-shaped,1.0,,negative,11598,31474,1,,2017-12-01 12:54:15
3703,2.05,2.05,2.05,µm,0.75,0.75,0.75,µm,rod-shaped,1.0,,negative,12514,31558,1,,2017-12-01 12:54:15
3704,,,,,,,,,,,,positive,133559,29521,1,,2017-12-01 12:54:15
3705,,,,,,,,,,1.0,,positive,16428,31427,1,,2017-12-01 12:54:15
3706,3.05,3.05,3.05,µm,0.95,0.95,0.95,µm,rod-shaped,1.0,,positive,11587,31425,1,,2017-12-01 12:54:15
3707,0.8-2,0.8,2.0,µm,0.5-0.7,0.5,0.7,µm,rod-shaped,,,negative,1972,31805,1,,2017-12-01 12:54:15
3708,2.65,2.65,2.65,µm,0.4,0.4,0.4,µm,rod-shaped,0.0,,negative,134138,31464,1,,2017-12-01 12:54:15
3709,3-6.5,3.0,6.5,µm,0.5,0.5,0.5,µm,rod-shaped,0.0,,positive,134179,31714,1,,2017-12-01 12:54:15
3710,1.7-2.5,1.7,2.5,µm,0.4-0.6,0.4,0.6,µm,rod-shaped,1.0,gliding,negative,133548,29474,1,,2017-12-01 12:54:15
3711,1.1,1.1,1.1,µm,0.85,0.85,0.85,µm,rod-shaped,0.0,,negative,17410,31365,1,,2017-12-01 12:54:15
3712,1.1,1.1,1.1,µm,0.7,0.7,0.7,µm,rod-shaped,0.0,,negative,14253,31876,1,,2017-12-01 12:54:15
3713,1.35,1.35,1.35,µm,0.5,0.5,0.5,µm,rod-shaped,0.0,,negative,134140,31476,1,,2017-12-01 12:54:15
3714,2.15,2.15,2.15,µm,0.4,0.4,0.4,µm,rod-shaped,0.0,,negative,5613,32476,1,,2017-12-01 12:54:15
3715,,,,,,,,,spiral-shaped,1.0,,,134136,31438,1,,2017-12-01 12:54:15
3716,0.6-1.5,0.6,1.5,µm,0.4-0.6,0.4,0.6,µm,rod-shaped,,,negative,1988,32630,1,,2017-12-01 12:54:15
3717,1.5,1.5,1.5,µm,0.65,0.65,0.65,µm,rod-shaped,,,negative,1978,32046,1,,2017-12-01 12:54:15
3718,,,,,1.3-2.1,1.3,2.1,µm,rod-shaped,1.0,,negative,2961,31673,1,,2017-12-01 12:54:15
3719,,,,,1.2-1.5,1.2,1.5,µm,rod-shaped,1.0,,negative,2960,31673,1,,2017-12-01 12:54:15
3720,2.5,2.5,2.5,µm,0.65,0.65,0.65,µm,rod-shaped,1.0,,negative,134148,31538,1,,2017-12-01 12:54:15
3721,,,,,,,,,rod-shaped,1.0,,negative,13140,31450,1,,2017-12-01 12:54:15
3722,23.5,23.5,23.5,µm,0.6,0.6,0.6,µm,rod-shaped,0.0,,negative,17051,31847,1,,2017-12-01 12:54:15
3723,03-05,3.0,5.0,µm,0.8-1,0.8,1.0,µm,rod-shaped,0.0,,variable,131756,31607,1,,2017-12-01 12:54:15
3724,6,6.0,6.0,µm,0.75,0.75,0.75,µm,rod-shaped,1.0,,positive,18119,31911,1,,2017-12-01 12:54:15
3725,,,,,,,,,coccus-shaped,0.0,,positive,7772,31766,1,,2017-12-01 12:54:15
3726,1.25,1.25,1.25,µm,1.25,1.25,1.25,µm,coccus-shaped,0.0,,positive,11058,31446,1,,2017-12-01 12:54:15
3727,,,,,,,,,rod-shaped,0.0,,positive,16408,31564,1,,2017-12-01 12:54:15
3728,0.7,0.7,0.7,µm,0.7,0.7,0.7,µm,coccus-shaped,0.0,,negative,134143,31500,1,,2017-12-01 12:54:15
3729,2.1,2.1,2.1,µm,2.1,2.1,2.1,µm,coccus-shaped,0.0,,positive,6329,31447,1,,2017-12-01 12:54:15
3730,2.25,2.25,2.25,µm,0.55,0.55,0.55,µm,rod-shaped,0.0,,negative,17707,31457,1,,2017-12-01 12:54:15
3731,1.75,1.75,1.75,µm,0.9,0.9,0.9,µm,rod-shaped,0.0,,positive,11113,31469,1,,2017-12-01 12:54:15
3732,,,,,,,,,rod-shaped,1.0,,negative,5235,31664,1,,2017-12-01 12:54:15
3733,,,,,1-1.5,1.0,1.5,µm,coccus-shaped,0.0,,positive,6265,31614,1,,2017-12-01 12:54:15
3734,,,,,0.8-1.5,0.8,1.5,µm,,1.0,,negative,24077,31872,1,,2017-12-01 12:54:15
3735,3,3.0,3.0,µm,1,1.0,1.0,µm,rod-shaped,1.0,,positive,11635,32545,1,,2017-12-01 12:54:15
3736,0.9-1.5,0.9,1.5,µm,0.5-0.8,0.5,0.8,µm,rod-shaped,1.0,,negative,455,31698,1,,2017-12-01 12:54:15
3737,0.9-1.5,0.9,1.5,µm,0.5-0.8,0.5,0.8,µm,rod-shaped,1.0,,negative,456,31698,1,,2017-12-01 12:54:15
3738,1.3,1.3,1.3,µm,0.6,0.6,0.6,µm,ovoid-shaped,0.0,,negative,12541,31472,1,,2017-12-01 12:54:15
3739,1.6,1.6,1.6,µm,1,1.0,1.0,µm,ovoid-shaped,0.0,,negative,8207,31493,1,,2017-12-01 12:54:15
3740,3.75,3.75,3.75,µm,0.6,0.6,0.6,µm,rod-shaped,1.0,,variable,11629,32342,1,,2017-12-01 12:54:15
3741,,,,,,,,,rod-shaped,1.0,gliding,negative,134141,31485,1,,2017-12-01 12:54:15
3742,0.45,0.45,0.45,µm,0.3,0.3,0.3,µm,ovoid-shaped,0.0,,negative,134144,31511,1,,2017-12-01 12:54:15
3743,4.5,4.5,4.5,µm,0.75,0.75,0.75,µm,rod-shaped,0.0,,negative,3812,31525,1,,2017-12-01 12:54:15
3744,2.25,2.25,2.25,µm,0.75,0.75,0.75,µm,rod-shaped,0.0,,negative,6048,31490,1,,2017-12-01 12:54:15
3745,2.8-4.5,2.8,4.5,µm,0.56,0.56,0.56,µm,rod-shaped,0.0,,positive,2831,31519,1,,2017-12-01 12:54:15
3746,,,,,,,,,rod-shaped,0.0,,negative,3863,31513,1,,2017-12-01 12:54:15
3747,,,,,,,,,rod-shaped,0.0,,positive,16432,31645,1,,2017-12-01 12:54:15
3748,,,,,,,,,rod-shaped,0.0,,positive,16431,31645,1,,2017-12-01 12:54:15
3749,,,,,,,,,rod-shaped,0.0,,positive,16429,31645,1,,2017-12-01 12:54:15
3750,,,,,,,,,rod-shaped,0.0,,positive,16430,31645,1,,2017-12-01 12:54:15
3751,4.5,4.5,4.5,µm,0.55,0.55,0.55,µm,rod-shaped,,,negative,17038,31983,1,,2017-12-01 12:54:15
3752,0.8-2,0.8,2.0,µm,0.4-0.8,0.4,0.8,µm,rod-shaped,1.0,,negative,13931,31488,1,,2017-12-01 12:54:15
3753,1.5-2,1.5,2.0,µm,1.5,1.5,1.5,µm,ovoid-shaped,1.0,,negative,384,31724,1,,2017-12-01 12:54:15
3754,,,,,,,,,rod-shaped,,,negative,5683,31568,1,,2017-12-01 12:54:15
3755,,,,,,,,,rod-shaped,,,negative,5669,31568,1,,2017-12-01 12:54:15
3756,3.75,3.75,3.75,µm,0.45,0.45,0.45,µm,rod-shaped,1.0,gliding,negative,5590,31523,1,,2017-12-01 12:54:15
3757,1.75,1.75,1.75,µm,0.55,0.55,0.55,µm,rod-shaped,1.0,,positive,11599,31580,1,,2017-12-01 12:54:15
3758,,,,,,,,,rod-shaped,0.0,,positive,2370,31503,1,,2017-12-01 12:54:15
3759,1.8,1.8,1.8,µm,0.35,0.35,0.35,µm,rod-shaped,0.0,,negative,17454,31502,1,,2017-12-01 12:54:15
3760,,,,,0.8-1.5,0.8,1.5,µm,rod-shaped,0.0,,positive,3924,31729,1,,2017-12-01 12:54:15
3761,0.9,0.9,0.9,µm,0.55,0.55,0.55,µm,rod-shaped,1.0,,negative,14244,31504,1,,2017-12-01 12:54:15
3762,0.8,0.8,0.8,µm,0.31,0.31,0.31,µm,rod-shaped,0.0,,negative,14167,31653,1,,2017-12-01 12:54:15
3763,04-08,4.0,8.0,µm,0.7-0.8,0.7,0.8,µm,rod-shaped,1.0,,negative,2842,31550,1,,2017-12-01 12:54:15
3764,02-05,2.0,5.0,µm,0.3-0.4,0.3,0.4,µm,rod-shaped,0.0,,negative,3783,31704,1,,2017-12-01 12:54:15
3765,1.1-2.3,1.1,2.3,µm,0.7-1.2,0.7,1.2,µm,rod-shaped,1.0,,negative,132846,31574,1,,2017-12-01 12:54:15
3766,2.75,2.75,2.75,µm,1.05,1.05,1.05,µm,rod-shaped,0.0,,negative,23235,31863,1,,2017-12-01 12:54:15
3767,11.5,11.5,11.5,µm,0.33,0.33,0.33,µm,rod-shaped,0.0,,negative,134197,31794,1,,2017-12-01 12:54:15
3768,1.5,1.5,1.5,µm,0.75,0.75,0.75,µm,rod-shaped,1.0,,negative,134153,31560,1,,2017-12-01 12:54:15
3769,2.25,2.25,2.25,µm,0.875,0.88,0.88,µm,rod-shaped,0.0,,negative,13826,31615,1,,2017-12-01 12:54:15
3770,1.2-3,1.2,3.0,µm,0.3-0.5,0.3,0.5,µm,rod-shaped,1.0,,negative,17506,31529,1,,2017-12-01 12:54:15
3771,,,,,0.5-0.7,0.5,0.7,µm,rod-shaped,0.0,,positive,12589,31535,1,,2017-12-01 12:54:15
3772,2,2.0,2.0,µm,0.9,0.9,0.9,µm,rod-shaped,1.0,,positive,11123,31528,1,,2017-12-01 12:54:15
3773,2.4,2.4,2.4,µm,0.65,0.65,0.65,µm,rod-shaped,1.0,,positive,1273,31900,1,,2017-12-01 12:54:15
3774,01-03,1.0,3.0,µm,0.3-0.8,0.3,0.8,µm,rod-shaped,1.0,,variable,18043,31760,1,,2017-12-01 12:54:15
3775,,,,,,,,,rod-shaped,0.0,,positive,8576,32638,1,,2017-12-01 12:54:15
3776,,,,,,,,,rod-shaped,0.0,,positive,8573,32638,1,,2017-12-01 12:54:15
3777,,,,,,,,,coccus-shaped,0.0,,positive,5351,31712,1,,2017-12-01 12:54:15
3778,4,4.0,4.0,µm,,,,,rod-shaped,0.0,,positive,134149,31539,1,,2017-12-01 12:54:15
3779,0.8,0.8,0.8,µm,0.8,0.8,0.8,µm,coccus-shaped,0.0,,positive,6396,31543,1,,2017-12-01 12:54:15
3780,0.75,0.75,0.75,µm,0.45,0.45,0.45,µm,rod-shaped,0.0,,negative,12555,32235,1,,2017-12-01 12:54:15
3781,2.25,2.25,2.25,µm,0.45,0.45,0.45,µm,rod-shaped,1.0,,positive,11584,31540,1,,2017-12-01 12:54:15
3782,2.4,2.4,2.4,µm,0.35,0.35,0.35,µm,rod-shaped,1.0,gliding,negative,5608,31542,1,,2017-12-01 12:54:15
3783,1.3-2,1.3,2.0,µm,0.8-1.2,0.8,1.2,µm,ovoid-shaped,1.0,,negative,17233,31562,1,,2017-12-01 12:54:15
3784,1.05,1.05,1.05,µm,0.35,0.35,0.35,µm,,0.0,,negative,134150,31545,1,,2017-12-01 12:54:15
3785,10,10.0,10.0,µm,1,1.0,1.0,µm,rod-shaped,1.0,gliding,positive,11828,31544,1,,2017-12-01 12:54:15
3786,0.8-3.6,0.8,3.6,µm,0.3-0.6,0.3,0.6,µm,rod-shaped,1.0,,negative,23232,31768,1,,2017-12-01 12:54:15
3787,1-5.7,1.0,5.7,µm,0.3-0.8,0.3,0.8,µm,rod-shaped,0.0,,negative,134184,31734,1,,2017-12-01 12:54:15
3788,02-35,2.0,35.0,µm,0.3-0.5,0.3,0.5,µm,rod-shaped,1.0,gliding,negative,134170,31680,1,,2017-12-01 12:54:15
3789,03-04,3.0,4.0,µm,0.7,0.7,0.7,µm,rod-shaped,0.0,,positive,7428,31585,1,,2017-12-01 12:54:15
3790,,,,,,,,,rod-shaped,0.0,,positive,10808,31595,1,,2017-12-01 12:54:15
3791,1.6-1.9,1.6,1.9,µm,0.8-0.9,0.8,0.9,µm,rod-shaped,1.0,,negative,1973,31814,1,,2017-12-01 12:54:15
3792,1.8-2.2,1.8,2.2,µm,0.6-0.8,0.6,0.8,µm,rod-shaped,1.0,,negative,11328,31701,1,,2017-12-01 12:54:15
3793,3-3.5,3.0,3.5,µm,1.8-2,1.8,2.0,µm,rod-shaped,1.0,,negative,11325,31701,1,,2017-12-01 12:54:15
3794,2-2.5,2.0,2.5,µm,0.6-0.7,0.6,0.7,µm,rod-shaped,1.0,,negative,11327,31701,1,,2017-12-01 12:54:15
3795,3-3.5,3.0,3.5,µm,1.8-2,1.8,2.0,µm,rod-shaped,1.0,,negative,11326,31701,1,,2017-12-01 12:54:15
3796,,,,,,,,,rod-shaped,,,positive,16914,31611,1,,2017-12-01 12:54:15
3797,01-03,1.0,3.0,µm,0.4-0.6,0.4,0.6,µm,rod-shaped,1.0,,negative,2312,31546,1,,2017-12-01 12:54:15
3798,1.1-2.0,1.1,2.0,µm,1-1.2,1.0,1.2,µm,ovoid-shaped,0.0,,positive,4258,31761,1,,2017-12-01 12:54:15
3799,0.5-3,0.5,3.0,µm,0.2-0.5,0.2,0.5,µm,rod-shaped,0.0,,negative,14031,31803,1,,2017-12-01 12:54:15
3800,0.6-4,0.6,4.0,µm,0.1-0.2,0.1,0.2,µm,rod-shaped,0.0,,negative,14032,31803,1,,2017-12-01 12:54:15
3801,,,,,,,,,rod-shaped,0.0,,negative,134154,31561,1,,2017-12-01 12:54:15
3802,01-15,1.0,15.0,µm,0.2-0.3,0.2,0.3,µm,rod-shaped,1.0,gliding,negative,5592,31551,1,,2017-12-01 12:54:15
3803,01-02,1.0,2.0,µm,0.3-0.5,0.3,0.5,µm,rod-shaped,1.0,,negative,17450,31556,1,,2017-12-01 12:54:15
3804,1-1.5,1.0,1.5,µm,,,,,coccus-shaped,0.0,,positive,7659,31622,1,,2017-12-01 12:54:15
3805,,,,,,,,,rod-shaped,0.0,,positive,11074,31641,1,,2017-12-01 12:54:15
3806,,,,,,,,,rod-shaped,0.0,,positive,11075,31641,1,,2017-12-01 12:54:15
3807,04-06,4.0,6.0,µm,0.2-0.5,0.2,0.5,µm,rod-shaped,1.0,,negative,13902,31635,1,,2017-12-01 12:54:15
3808,8.0-18.0,8.0,18.0,µm,0.23,0.23,0.23,µm,,1.0,,negative,14338,29598,1,,2017-12-01 12:54:15
3809,0.75,0.75,0.75,µm,,,,,rod-shaped,0.0,,positive,16618,29150,1,,2017-12-01 12:54:15
3810,02-03,2.0,3.0,µm,0.5-0.7,0.5,0.7,µm,rod-shaped,1.0,,positive,1243,31749,1,,2017-12-01 12:54:15
3811,,,,,,,,,rod-shaped,0.0,,positive,7858,31592,1,,2017-12-01 12:54:15
3812,1.6-3.2,1.6,3.2,µm,0.9-1.1,0.9,1.1,µm,rod-shaped,1.0,,negative,134357,32593,1,,2017-12-01 12:54:15
3813,2.2-2.9,2.2,2.9,µm,0.6-0.8,0.6,0.8,µm,rod-shaped,1.0,,negative,134358,32593,1,,2017-12-01 12:54:15
3814,2.2-3.9,2.2,3.9,µm,0.5,0.5,0.5,µm,rod-shaped,,,positive,24127,29607,1,,2017-12-01 12:54:15
3815,1.3-1.7,1.3,1.7,µm,0.6-0.7,0.6,0.7,µm,rod-shaped,0.0,,negative,133586,29666,1,,2017-12-01 12:54:15
3816,0.65,0.65,0.65,µm,0.15,0.15,0.15,µm,ovoid-shaped,0.0,,variable,133751,30391,1,,2017-12-01 12:54:15
3817,,,,,,,,,coccus-shaped,1.0,,negative,133811,30567,1,,2017-12-01 12:54:15
3818,1.5,1.5,1.5,µm,0.7,0.7,0.7,µm,rod-shaped,1.0,,negative,24313,30798,1,,2017-12-01 12:54:15
3819,1.5,1.5,1.5,µm,0.6,0.6,0.6,µm,rod-shaped,1.0,,negative,24314,30798,1,,2017-12-01 12:54:15
3820,02-03,2.0,3.0,µm,0.8-1,0.8,1.0,µm,rod-shaped,0.0,,negative,17783,32534,1,,2017-12-01 12:54:15
3821,,,,,,,,,rod-shaped,,,positive,13262,31605,1,,2017-12-01 12:54:15
3822,0.57-1.67,0.57,1.67,µm,0.41-0.51,0.41,0.51,µm,rod-shaped,0.0,,negative,134187,31746,1,,2017-12-01 12:54:15
3823,2.1,2.1,2.1,µm,,,,,rod-shaped,1.0,gliding,negative,5718,31567,1,,2017-12-01 12:54:15
3824,13.25,13.25,13.25,µm,0.45,0.45,0.45,µm,rod-shaped,0.0,,negative,5505,31565,1,,2017-12-01 12:54:15
3825,0.8-5,0.8,5.0,µm,0.4-0.6,0.4,0.6,µm,rod-shaped,0.0,,negative,5627,31566,1,,2017-12-01 12:54:15
3826,10-18,10.0,18.0,µm,1,1.0,1.0,µm,coccus-shaped,1.0,,negative,134160,31590,1,,2017-12-01 12:54:15
3827,,,,,,,,,rod-shaped,0.0,,negative,10493,31732,1,,2017-12-01 12:54:15
3828,,,,,,,,,rod-shaped,0.0,,negative,10494,31732,1,,2017-12-01 12:54:15
3829,0.9-4,0.9,4.0,µm,0.6-0.9,0.6,0.9,µm,rod-shaped,1.0,,negative,134336,32508,1,,2017-12-01 12:54:15
3830,4,4.0,4.0,µm,0.4,0.4,0.4,µm,rod-shaped,1.0,gliding,negative,5495,32357,1,,2017-12-01 12:54:15
3831,1.75,1.75,1.75,µm,0.65,0.65,0.65,µm,rod-shaped,1.0,,negative,134146,31530,1,,2017-12-01 12:54:15
3832,,,,,,,,,rod-shaped,1.0,,negative,11273,31571,1,,2017-12-01 12:54:15
3833,0.5-2.5,0.5,2.5,µm,0.4-0.6,0.4,0.6,µm,ovoid-shaped,0.0,,negative,5396,31578,1,,2017-12-01 12:54:15
3834,02-03,2.0,3.0,µm,,,,,coccus-shaped,,,negative,3881,31700,1,,2017-12-01 12:54:15
3835,01-07,1.0,7.0,µm,,,,,rod-shaped,1.0,,negative,10511,31706,1,,2017-12-01 12:54:15
3836,,,,,,,,,rod-shaped,1.0,,negative,134190,31758,1,,2017-12-01 12:54:15
3837,1.5-2.5,1.5,2.5,µm,0.35-0.55,0.35,0.55,µm,rod-shaped,0.0,,negative,5558,31692,1,,2017-12-01 12:54:15
3838,1-1.5,1.0,1.5,µm,0.7-0.8,0.7,0.8,µm,rod-shaped,0.0,,negative,134169,31672,1,,2017-12-01 12:54:15
3839,4,4.0,4.0,µm,0.65,0.65,0.65,µm,rod-shaped,,,positive,11669,29413,1,,2017-12-01 12:54:15
3840,02-03,2.0,3.0,µm,0.6-0.8,0.6,0.8,µm,rod-shaped,1.0,,positive,1262,31591,1,,2017-12-01 12:54:15
3841,1.8-3.1,1.8,3.1,µm,0.4-0.5,0.4,0.5,µm,rod-shaped,1.0,,negative,2877,31623,1,,2017-12-01 12:54:15
3842,1.75,1.75,1.75,µm,0.35,0.35,0.35,µm,rod-shaped,1.0,,negative,134346,32559,1,,2017-12-01 12:54:15
3843,1.1-1.5,1.1,1.5,µm,0.3,0.3,0.3,µm,rod-shaped,0.0,,positive,7471,31759,1,,2017-12-01 12:54:15
3844,,,,,,,,,,,,positive,16406,32070,1,,2017-12-01 12:54:15
3845,3,3.0,3.0,µm,0.9,0.9,0.9,µm,rod-shaped,,,negative,4001,29518,1,,2017-12-01 12:54:15
3846,02-03,2.0,3.0,µm,0.4-0.8,0.4,0.8,µm,rod-shaped,1.0,,negative,17776,31610,1,,2017-12-01 12:54:15
3847,1.5-4,1.5,4.0,µm,0.5-0.8,0.5,0.8,µm,ovoid-shaped,1.0,,negative,6007,31649,1,,2017-12-01 12:54:15
3848,03-07,3.0,7.0,µm,0.7-1,0.7,1.0,µm,rod-shaped,0.0,,negative,5852,31649,1,,2017-12-01 12:54:15
3849,2.8,2.8,2.8,µm,0.6,0.6,0.6,µm,rod-shaped,1.0,,positive,11996,31812,1,,2017-12-01 12:54:15
3850,2.5,2.5,2.5,µm,0.85,0.85,0.85,µm,rod-shaped,0.0,,positive,11997,31812,1,,2017-12-01 12:54:15
3851,,,,,,,,,rod-shaped,,,positive,13258,31616,1,,2017-12-01 12:54:15
3852,,,,,,,,,rod-shaped,0.0,,positive,11123,31636,1,,2017-12-01 12:54:15
3853,1.5,1.5,1.5,µm,0.5,0.5,0.5,µm,rod-shaped,1.0,gliding,negative,134177,31713,1,,2017-12-01 12:54:15
3854,2,2.0,2.0,µm,0.5,0.5,0.5,µm,rod-shaped,1.0,gliding,negative,134178,31713,1,,2017-12-01 12:54:15
3855,2.35,2.35,2.35,µm,0.4,0.4,0.4,µm,rod-shaped,1.0,,negative,14295,32275,1,,2017-12-01 12:54:15
3856,1.1-1.3,1.1,1.3,µm,0.6-0.8,0.6,0.8,µm,rod-shaped,1.0,,negative,13166,32415,1,,2017-12-01 12:54:15
3857,,,,,,,,,ovoid-shaped,0.0,,positive,11046,32188,1,,2017-12-01 12:54:15
3858,1.73,1.73,1.73,µm,0.43,0.43,0.43,µm,rod-shaped,1.0,,negative,17950,29136,1,,2017-12-01 12:54:15
3859,1.65,1.65,1.65,µm,0.55,0.55,0.55,µm,rod-shaped,1.0,,negative,17245,32392,1,,2017-12-01 12:54:15
3860,,,,,,,,,rod-shaped,1.0,,negative,134279,32247,1,,2017-12-01 12:54:15
3861,,,,,0.5,0.5,0.5,µm,rod-shaped,0.0,,positive,13508,31745,1,,2017-12-01 12:54:15
3862,,,,,,,,,rod-shaped,,,positive,16416,32609,1,,2017-12-01 12:54:15
3863,2.3,2.3,2.3,µm,0.65,0.65,0.65,µm,rod-shaped,0.0,,negative,14101,31756,1,,2017-12-01 12:54:15
3864,2.5,2.5,2.5,µm,0.7,0.7,0.7,µm,rod-shaped,1.0,,negative,17312,31921,1,,2017-12-01 12:54:15
3865,1.1,1.1,1.1,µm,0.9,0.9,0.9,µm,rod-shaped,1.0,,negative,13797,31783,1,,2017-12-01 12:54:15
3866,1.8,1.8,1.8,µm,0.6,0.6,0.6,µm,rod-shaped,1.0,,negative,133473,29107,1,,2017-12-01 12:54:15
3867,,,,,0.15,0.15,0.15,µm,spiral-shaped,1.0,,,134142,31495,1,,2017-12-01 12:54:15
3868,1,1.0,1.0,µm,0.7,0.7,0.7,µm,rod-shaped,0.0,,negative,133854,30682,1,,2017-12-01 12:54:15
3869,4.7-10,4.7,10.0,µm,0.3-0.6,0.3,0.6,µm,rod-shaped,0.0,,negative,134175,31696,1,,2017-12-01 12:54:15
3870,0.8-1.1,0.8,1.1,µm,0.5-0.7,0.5,0.7,µm,rod-shaped,0.0,,negative,134171,31681,1,,2017-12-01 12:54:15
3871,6,6.0,6.0,µm,0.75,0.75,0.75,µm,rod-shaped,1.0,,positive,2833,31879,1,,2017-12-01 12:54:15
3872,2.5,2.5,2.5,µm,0.35,0.35,0.35,µm,rod-shaped,0.0,,positive,1276,31930,1,,2017-12-01 12:54:15
3873,0.8-2.4,0.8,2.4,µm,0.6-0.8,0.6,0.8,µm,rod-shaped,0.0,,negative,6235,31684,1,,2017-12-01 12:54:15
3874,1.75,1.75,1.75,µm,1,1.0,1.0,µm,coccus-shaped,0.0,,negative,7212,31873,1,,2017-12-01 12:54:15
3875,,,,,,,,,rod-shaped,0.0,,positive,7463,30321,1,,2017-12-01 12:54:15
3876,1.34,1.34,1.34,µm,0.53,0.53,0.53,µm,rod-shaped,1.0,,negative,130622,28953,1,,2017-12-01 12:54:15
3877,1.5,1.5,1.5,µm,0.85,0.85,0.85,µm,ovoid-shaped,,,negative,13832,28899,1,,2017-12-01 12:54:15
3878,1-4.5,1.0,4.5,µm,0.4-0.7,0.4,0.7,µm,ovoid-shaped,,,variable,11114,31662,1,,2017-12-01 12:54:15
3879,1.5-4.5,1.5,4.5,µm,0.8-1.2,0.8,1.2,µm,rod-shaped,0.0,,positive,18037,31715,1,,2017-12-01 12:54:15
3880,02-04,2.0,4.0,µm,0.7-0.8,0.7,0.8,µm,rod-shaped,1.0,,negative,2846,31822,1,,2017-12-01 12:54:15
3881,1.6,1.6,1.6,µm,1,1.0,1.0,µm,rod-shaped,0.0,,negative,23064,30480,1,,2017-12-01 12:54:15
3882,,,,,,,,,,0.0,,,16417,29098,1,,2017-12-01 12:54:15
3883,3.05,3.05,3.05,µm,1.15,1.15,1.15,µm,rod-shaped,,,negative,3996,32373,1,,2017-12-01 12:54:15
3884,02-03,2.0,3.0,µm,1,1.0,1.0,µm,rod-shaped,0.0,,variable,11829,31690,1,,2017-12-01 12:54:15
3885,02-05,2.0,5.0,µm,0.7,0.7,0.7,µm,rod-shaped,1.0,,negative,4157,31689,1,,2017-12-01 12:54:15
3886,2.5-5.5,2.5,5.5,µm,0.7,0.7,0.7,µm,rod-shaped,1.0,,negative,4158,31689,1,,2017-12-01 12:54:15
3887,1.6-2,1.6,2.0,µm,0.5-0.6,0.5,0.6,µm,rod-shaped,1.0,,negative,11365,31675,1,,2017-12-01 12:54:15
3888,,,,,1,1.0,1.0,µm,coccus-shaped,0.0,,negative,8173,31807,1,,2017-12-01 12:54:15
3889,03-04,3.0,4.0,µm,0.7,0.7,0.7,µm,rod-shaped,1.0,,negative,134173,31685,1,,2017-12-01 12:54:15
3890,1-1.5,1.0,1.5,µm,0.6-1,0.6,1.0,µm,rod-shaped,0.0,,positive,7255,31776,1,,2017-12-01 12:54:15
3891,,,,,,,,,rod-shaped,,,,8536,31755,1,,2017-12-01 12:54:15
3892,,,,,,,,,coccus-shaped,,,positive,17379,29558,1,,2017-12-01 12:54:15
3893,0.8-0.9,0.8,0.9,µm,0.8,0.8,0.8,µm,coccus-shaped,,,positive,11847,31678,1,,2017-12-01 12:54:15
3894,,,,,,,,,rod-shaped,0.0,,positive,13263,31737,1,,2017-12-01 12:54:15
3896,1.1-2.5,1.1,2.5,µm,0.6-0.8,0.6,0.8,µm,rod-shaped,0.0,,negative,134366,32625,1,,2017-12-01 12:54:15
3897,0.50-0.57,0.5,0.57,µm,0.35-0.41,0.35,0.41,µm,rod-shaped,1.0,,negative,134186,31743,1,,2017-12-01 12:54:15
3898,0.9,0.9,0.9,µm,0.35,0.35,0.35,µm,rod-shaped,0.0,,positive,7256,31785,1,,2017-12-01 12:54:15
3899,,,,,0.8-1,0.8,1.0,µm,coccus-shaped,1.0,,positive,14409,31716,1,,2017-12-01 12:54:15
3900,1.25,1.25,1.25,µm,0.5,0.5,0.5,µm,rod-shaped,0.0,,negative,3804,32500,1,,2017-12-01 12:54:15
3901,1.2-2.3,1.2,2.3,µm,0.6-1.1,0.6,1.1,µm,rod-shaped,0.0,,negative,23230,31691,1,,2017-12-01 12:54:15
3902,01-03,1.0,3.0,µm,0.3-0.6,0.3,0.6,µm,rod-shaped,0.0,,negative,5559,31721,1,,2017-12-01 12:54:15
3903,0.4-2.6,0.4,2.6,µm,0.2-0.4,0.2,0.4,µm,rod-shaped,0.0,,negative,17511,31707,1,,2017-12-01 12:54:15
3904,0.7-2.8,0.7,2.8,µm,0.3-0.5,0.3,0.5,µm,rod-shaped,1.0,,negative,3015,31695,1,,2017-12-01 12:54:15
3905,,,,,,,,,ovoid-shaped,0.0,,positive,11047,29442,1,,2017-12-01 12:54:15
3906,1.2-1.9,1.2,1.9,µm,0.3-0.4,0.3,0.4,µm,rod-shaped,1.0,gliding,negative,17719,31738,1,,2017-12-01 12:54:15
3907,2.7,2.7,2.7,µm,0.65,0.65,0.65,µm,rod-shaped,1.0,,negative,4154,32459,1,,2017-12-01 12:54:15
3908,2,2.0,2.0,µm,0.35,0.35,0.35,µm,rod-shaped,1.0,,negative,11367,31928,1,,2017-12-01 12:54:15
3909,,,,,1-1.2,1.0,1.2,µm,rod-shaped,1.0,,negative,292,31719,1,,2017-12-01 12:54:15
3910,2-4.7,2.0,4.7,µm,0.5-0.7,0.5,0.7,µm,rod-shaped,1.0,gliding,negative,5643,31742,1,,2017-12-01 12:54:15
3911,03-04,3.0,4.0,µm,0.4-0.6,0.4,0.6,µm,rod-shaped,0.0,,negative,17484,31709,1,,2017-12-01 12:54:15
3912,03-04,3.0,4.0,µm,0.4-0.6,0.4,0.6,µm,rod-shaped,0.0,,negative,17485,31709,1,,2017-12-01 12:54:15
3913,1.7,1.7,1.7,µm,0.28,0.28,0.28,µm,rod-shaped,1.0,,negative,134211,31868,1,,2017-12-01 12:54:15
3914,1.4-3.1,1.4,3.1,µm,0.4-0.6,0.4,0.6,µm,rod-shaped,0.0,,negative,134349,32564,1,,2017-12-01 12:54:15
3915,,,,,1.5-2,1.5,2.0,µm,coccus-shaped,1.0,,,7001,31762,1,,2017-12-01 12:54:15
3916,1.6-2.6,1.6,2.6,µm,0.6-0.8,0.6,0.8,µm,rod-shaped,1.0,,negative,296,31723,1,,2017-12-01 12:54:15
3917,1-1.9,1.0,1.9,µm,0.6-0.7,0.6,0.7,µm,rod-shaped,1.0,,negative,134181,31723,1,,2017-12-01 12:54:15
3918,6.1,6.1,6.1,µm,0.7,0.7,0.7,µm,rod-shaped,,,positive,2855,29438,1,,2017-12-01 12:54:15
3919,3.75,3.75,3.75,µm,0.9,0.9,0.9,µm,rod-shaped,1.0,,positive,2856,29438,1,,2017-12-01 12:54:15
3920,,,,,,,,,rod-shaped,0.0,,positive,12669,31802,1,,2017-12-01 12:54:15
3921,,,,,,,,,coccus-shaped,1.0,,positive,134182,31725,1,,2017-12-01 12:54:15
3922,1.3-2,1.3,2.0,µm,0.5,0.5,0.5,µm,rod-shaped,0.0,,negative,134200,31810,1,,2017-12-01 12:54:15
3923,1.4-3.6,1.4,3.6,µm,0.8-1,0.8,1.0,µm,rod-shaped,1.0,,negative,134191,31764,1,,2017-12-01 12:54:15
3924,,,,,,,,,rod-shaped,1.0,,positive,16849,31922,1,,2017-12-01 12:54:15
3925,1,1.0,1.0,µm,0.7,0.7,0.7,µm,rod-shaped,0.0,,positive,14879,31741,1,,2017-12-01 12:54:15
3926,1.4-2.2,1.4,2.2,µm,0.4-0.7,0.4,0.7,µm,rod-shaped,0.0,,negative,2883,31726,1,,2017-12-01 12:54:15
3927,0.8-3,0.8,3.0,µm,0.4-0.7,0.4,0.7,µm,ovoid-shaped,0.0,,positive,11124,31722,1,,2017-12-01 12:54:15
3928,,,,,,,,,rod-shaped,1.0,,negative,134205,31839,1,,2017-12-01 12:54:15
3929,8.75,8.75,8.75,µm,0.75,0.75,0.75,µm,rod-shaped,1.0,,positive,1498,32349,1,,2017-12-01 12:54:15
3930,02-03,2.0,3.0,µm,0.5,0.5,0.5,µm,rod-shaped,0.0,,negative,5546,31773,1,,2017-12-01 12:54:15
3931,1.5-2.5,1.5,2.5,µm,0.3,0.3,0.3,µm,rod-shaped,0.0,,negative,5545,31773,1,,2017-12-01 12:54:15
3932,1-1.4,1.0,1.4,µm,0.8-1.2,0.8,1.2,µm,coccus-shaped,0.0,,negative,17132,31505,1,,2017-12-01 12:54:15
3933,1.2-1.9,1.2,1.9,µm,1-1.4,1.0,1.4,µm,coccus-shaped,0.0,,negative,17131,31505,1,,2017-12-01 12:54:15
3934,03-50,3.0,50.0,µm,0.6-0.8,0.6,0.8,µm,rod-shaped,1.0,,negative,17146,31505,1,,2017-12-01 12:54:15
3935,1.55,1.55,1.55,µm,,,,,coccus-shaped,0.0,,positive,134252,32122,1,,2017-12-01 12:54:15
3936,01-03,1.0,3.0,µm,0.3-0.5,0.3,0.5,µm,rod-shaped,0.0,,negative,133602,29714,1,,2017-12-01 12:54:15
3937,0.7-4,0.7,4.0,µm,0.3-0.5,0.3,0.5,µm,rod-shaped,0.0,,negative,134185,31736,1,,2017-12-01 12:54:15
3938,,,,,,,,,,,,positive,10809,32015,1,,2017-12-01 12:54:15
3939,,,,,,,,,rod-shaped,1.0,,negative,17446,32108,1,,2017-12-01 12:54:15
3940,10-40,10.0,40.0,µm,0.4-0.6,0.4,0.6,µm,rod-shaped,0.0,,negative,17757,31772,1,,2017-12-01 12:54:15
3941,10-50,10.0,50.0,µm,0.5-0.5,0.5,0.5,µm,rod-shaped,0.0,,negative,17756,31772,1,,2017-12-01 12:54:15
3942,,,,,,,,,,0.0,,positive,133560,29521,1,,2017-12-01 12:54:15
3943,2-3.5,2.0,3.5,µm,0.7-0.8,0.7,0.8,µm,rod-shaped,0.0,,negative,5682,31750,1,,2017-12-01 12:54:15
3944,1.5-2.5,1.5,2.5,µm,1,1.0,1.0,µm,coccus-shaped,1.0,,negative,4378,31918,1,,2017-12-01 12:54:15
3945,2.25,2.25,2.25,µm,0.95,0.95,0.95,µm,rod-shaped,1.0,,negative,4380,32394,1,,2017-12-01 12:54:15
3946,1.5-2.5,1.5,2.5,µm,1,1.0,1.0,µm,coccus-shaped,1.0,,negative,4377,31918,1,,2017-12-01 12:54:15
3947,1.7,1.7,1.7,µm,1.5,1.5,1.5,µm,rod-shaped,1.0,,positive,1279,32266,1,,2017-12-01 12:54:15
3948,2.2,2.2,2.2,µm,1.6,1.6,1.6,µm,rod-shaped,1.0,,negative,6062,32303,1,,2017-12-01 12:54:15
3949,1.1-1.8,1.1,1.8,µm,0.5-0.8,0.5,0.8,µm,rod-shaped,1.0,,negative,10520,31878,1,,2017-12-01 12:54:15
3950,2.1,2.1,2.1,µm,1.2,1.2,1.2,µm,rod-shaped,0.0,,negative,13844,32395,1,,2017-12-01 12:54:15
3951,,,,,,,,,rod-shaped,0.0,,negative,17856,29819,1,,2017-12-01 12:54:15
3952,,,,,,,,,,,,positive,16991,31825,1,,2017-12-01 12:54:15
3953,1.8,1.8,1.8,µm,0.7,0.7,0.7,µm,rod-shaped,1.0,,negative,14079,31813,1,,2017-12-01 12:54:15
3954,1.5-4,1.5,4.0,µm,0.4-0.7,0.4,0.7,µm,rod-shaped,1.0,gliding,negative,134192,31767,1,,2017-12-01 12:54:15
3955,3.0-4.0,3.0,4.0,µm,0.4-0.5,0.4,0.5,µm,,1.0,,negative,4155,29802,1,,2017-12-01 12:54:15
3956,6.5,6.5,6.5,µm,1.1,1.1,1.1,µm,rod-shaped,1.0,,positive,2851,28944,1,,2017-12-01 12:54:15
3957,0.605,0.6,0.6,µm,0.5,0.5,0.5,µm,rod-shaped,0.0,,negative,134236,32040,1,,2017-12-01 12:54:15
3958,0.95,0.95,0.95,µm,0.3,0.3,0.3,µm,rod-shaped,1.0,,negative,134194,31787,1,,2017-12-01 12:54:15
3959,1.15,1.15,1.15,µm,0.55,0.55,0.55,µm,rod-shaped,0.0,,positive,11621,31854,1,,2017-12-01 12:54:15
3960,,,,,,,,,rod-shaped,,,positive,16438,31991,1,,2017-12-01 12:54:15
3961,01-03,1.0,3.0,µm,0.3-0.5,0.3,0.5,µm,rod-shaped,1.0,,negative,11894,31815,1,,2017-12-01 12:54:15
3962,02-03,2.0,3.0,µm,0.4-0.5,0.4,0.5,µm,rod-shaped,1.0,gliding,negative,134195,31792,1,,2017-12-01 12:54:15
3963,3.25,3.25,3.25,µm,0.35,0.35,0.35,µm,rod-shaped,1.0,,negative,10523,32232,1,,2017-12-01 12:54:15
3964,2-3.5,2.0,3.5,µm,0.3,0.3,0.3,µm,rod-shaped,1.0,gliding,negative,134198,31796,1,,2017-12-01 12:54:15
3965,1.06-2.24,1.06,2.24,µm,0.58-0.85,0.58,0.85,µm,rod-shaped,0.0,,negative,134196,31793,1,,2017-12-01 12:54:15
3966,0.9,0.9,0.9,µm,0.9,0.9,0.9,µm,coccus-shaped,0.0,,positive,23147,31775,1,,2017-12-01 12:54:15
3967,3,3.0,3.0,µm,,,,,rod-shaped,0.0,,positive,134267,32208,1,,2017-12-01 12:54:15
3968,,,,,,,,,rod-shaped,0.0,,negative,23879,31981,1,,2017-12-01 12:54:15
3969,,,,,,,,,rod-shaped,0.0,,negative,5681,31887,1,,2017-12-01 12:54:15
3970,2.3,2.3,2.3,µm,0.45,0.45,0.45,µm,rod-shaped,1.0,,positive,11628,32273,1,,2017-12-01 12:54:15
3971,2.95,2.95,2.95,µm,0.75,0.75,0.75,µm,rod-shaped,1.0,,positive,11620,31848,1,,2017-12-01 12:54:15
3972,1.5,1.5,1.5,µm,0.5,0.5,0.5,µm,rod-shaped,1.0,,negative,13153,31831,1,,2017-12-01 12:54:15
3973,,,,,0.5-0.8,0.5,0.8,µm,coccus-shaped,0.0,,positive,17801,31908,1,,2017-12-01 12:54:15
3974,,,,,,,,,ovoid-shaped,1.0,,positive,1865,31784,1,,2017-12-01 12:54:15
3975,,,,,,,,,rod-shaped,0.0,,positive,13398,32578,1,,2017-12-01 12:54:15
3976,,,,,,,,,rod-shaped,0.0,,negative,3886,31791,1,,2017-12-01 12:54:15
3977,1.4,1.4,1.4,µm,0.5,0.5,0.5,µm,rod-shaped,0.0,,negative,3027,32387,1,,2017-12-01 12:54:15
3978,0.9,0.9,0.9,µm,0.9,0.9,0.9,µm,coccus-shaped,0.0,,positive,14431,32102,1,,2017-12-01 12:54:15
3979,3.6-6.4,3.6,6.4,µm,0.9-1,0.9,1.0,µm,rod-shaped,1.0,,negative,5952,31797,1,,2017-12-01 12:54:15
3980,1.8-5.5,1.8,5.5,µm,0.9-1.2,0.9,1.2,µm,rod-shaped,1.0,,negative,5951,31797,1,,2017-12-01 12:54:15
3981,5,5.0,5.0,µm,0.5,0.5,0.5,µm,rod-shaped,1.0,,positive,133511,29242,1,,2017-12-01 12:54:15
3982,0.6-2,0.6,2.0,µm,0.4,0.4,0.4,µm,rod-shaped,0.0,,negative,134245,32092,1,,2017-12-01 12:54:15
3983,2,2.0,2.0,µm,0.5,0.5,0.5,µm,rod-shaped,1.0,,negative,4160,32002,1,,2017-12-01 12:54:15
3984,1.8-3.6,1.8,3.6,µm,0.6-0.8,0.6,0.8,µm,rod-shaped,0.0,,negative,134201,31816,1,,2017-12-01 12:54:15
3985,2.8-11,2.8,11.0,µm,0.5-0.6,0.5,0.6,µm,rod-shaped,0.0,,negative,134202,31816,1,,2017-12-01 12:54:15
3986,,,,,,,,,,,,positive,13435,32409,1,,2017-12-01 12:54:15
3987,,,,,,,,,rod-shaped,0.0,,positive,8575,32638,1,,2017-12-01 12:54:15
3988,,,,,,,,,rod-shaped,0.0,,positive,8577,32638,1,,2017-12-01 12:54:15
3989,,,,,,,,,rod-shaped,0.0,,positive,7784,31851,1,,2017-12-01 12:54:15
3990,4.1,4.1,4.1,µm,0.7,0.7,0.7,µm,rod-shaped,0.0,,negative,3818,32281,1,,2017-12-01 12:54:15
3991,1.55,1.55,1.55,µm,0.55,0.55,0.55,µm,rod-shaped,0.0,,negative,5569,32214,1,,2017-12-01 12:54:15
3992,1.5,1.5,1.5,µm,0.35,0.35,0.35,µm,rod-shaped,1.0,,negative,2318,31972,1,,2017-12-01 12:54:15
3993,2.3-6.5,2.3,6.5,µm,0.4-0.5,0.4,0.5,µm,rod-shaped,1.0,gliding,negative,5567,31931,1,,2017-12-01 12:54:15
3994,1.6,1.6,1.6,µm,0.75,0.75,0.75,µm,rod-shaped,1.0,,negative,2999,31869,1,,2017-12-01 12:54:15
3995,02-12,2.0,12.0,µm,0.8-1,0.8,1.0,µm,rod-shaped,0.0,,positive,134249,32116,1,,2017-12-01 12:54:15
3996,0.8-1.7,0.8,1.7,µm,0.5-0.6,0.5,0.6,µm,rod-shaped,0.0,,positive,6373,31954,1,,2017-12-01 12:54:15
3997,2,2.0,2.0,µm,0.3,0.3,0.3,µm,rod-shaped,1.0,,negative,17664,32130,1,,2017-12-01 12:54:15
3998,2.15,2.15,2.15,µm,0.9,0.9,0.9,µm,rod-shaped,1.0,,negative,134232,32008,1,,2017-12-01 12:54:15
3999,,,,,0.85,0.85,0.85,µm,ovoid-shaped,0.0,,negative,23237,32006,1,,2017-12-01 12:54:15
4000,,,,,,,,,rod-shaped,0.0,,negative,5397,32458,1,,2017-12-01 12:54:15
4001,1.9-3.3,1.9,3.3,µm,0.2-0.4,0.2,0.4,µm,rod-shaped,1.0,,negative,2140,29146,1,,2017-12-01 12:54:15
4002,1.7,1.7,1.7,µm,0.7,0.7,0.7,µm,rod-shaped,1.0,,negative,5229,29891,1,,2017-12-01 12:54:15
4003,0.6-1.6,0.6,1.6,µm,0.3-0.6,0.3,0.6,µm,rod-shaped,0.0,,positive,11135,32486,1,,2017-12-01 12:54:15
4004,2,2.0,2.0,µm,0.5,0.5,0.5,µm,rod-shaped,1.0,,negative,130499,32185,1,,2017-12-01 12:54:15
4005,2.25,2.25,2.25,µm,0.5,0.5,0.5,µm,rod-shaped,1.0,,negative,17444,31832,1,,2017-12-01 12:54:15
4006,2.15,2.15,2.15,µm,0.5,0.5,0.5,µm,rod-shaped,0.0,,positive,11063,31828,1,,2017-12-01 12:54:15
4007,0.9,0.9,0.9,µm,0.45,0.45,0.45,µm,rod-shaped,1.0,,positive,11121,31829,1,,2017-12-01 12:54:15
4008,1.1-2.0,1.1,2.0,µm,0.6-0.9,0.6,0.9,µm,rod-shaped,1.0,,negative,13924,32548,1,,2017-12-01 12:54:15
4009,1.5,1.5,1.5,µm,0.4,0.4,0.4,µm,rod-shaped,1.0,,negative,488,31849,1,,2017-12-01 12:54:15
4010,0.8,0.8,0.8,µm,0.5,0.5,0.5,µm,rod-shaped,0.0,,negative,13688,31853,1,,2017-12-01 12:54:15
4011,2.3,2.3,2.3,µm,1.1,1.1,1.1,µm,rod-shaped,1.0,,negative,10518,29484,1,,2017-12-01 12:54:15
4012,1.35,1.35,1.35,µm,0.8,0.8,0.8,µm,rod-shaped,0.0,,negative,134210,31864,1,,2017-12-01 12:54:15
4013,2.5-8,2.5,8.0,µm,,,,,,,,negative,5876,31916,1,,2017-12-01 12:54:15
4014,,,,,,,,,rod-shaped,0.0,,positive,10617,31855,1,,2017-12-01 12:54:15
4015,,,,,,,,,rod-shaped,0.0,,negative,14091,31867,1,,2017-12-01 12:54:15
4016,1.2,1.2,1.2,µm,0.35,0.35,0.35,µm,rod-shaped,1.0,,negative,6054,32023,1,,2017-12-01 12:54:15
4017,0.9,0.9,0.9,µm,0.45,0.45,0.45,µm,rod-shaped,0.0,,negative,134285,32272,1,,2017-12-01 12:54:15
4018,2.15,2.15,2.15,µm,0.75,0.75,0.75,µm,rod-shaped,1.0,,negative,17513,31821,1,,2017-12-01 12:54:15
4019,3.25,3.25,3.25,µm,0.5,0.5,0.5,µm,rod-shaped,0.0,,positive,1553,32193,1,,2017-12-01 12:54:15
4020,,,,,,,,,coccus-shaped,0.0,,positive,134268,32213,1,,2017-12-01 12:54:15
4021,,,,,,,,,rod-shaped,,,negative,17274,32576,1,,2017-12-01 12:54:15
4023,7.5,7.5,7.5,µm,0.25,0.25,0.25,µm,rod-shaped,0.0,,negative,133796,30540,1,,2017-12-01 12:54:15
4024,1.25,1.25,1.25,µm,0.8,0.8,0.8,µm,rod-shaped,0.0,,negative,17758,31897,1,,2017-12-01 12:54:15
4025,3,3.0,3.0,µm,0.6,0.6,0.6,µm,rod-shaped,1.0,,negative,134311,32370,1,,2017-12-01 12:54:15
4026,4.5,4.5,4.5,µm,0.6,0.6,0.6,µm,rod-shaped,0.0,,positive,11448,32035,1,,2017-12-01 12:54:15
4027,,,,,,,,,,,,positive,16453,32610,1,,2017-12-01 12:54:15
4028,3.5,3.5,3.5,µm,0.5,0.5,0.5,µm,ovoid-shaped,,,negative,17487,31837,1,,2017-12-01 12:54:15
4029,3,3.0,3.0,µm,0.55,0.55,0.55,µm,rod-shaped,1.0,gliding,negative,17489,31837,1,,2017-12-01 12:54:15
4030,,,,,,,,,,,,positive,16419,32082,1,,2017-12-01 12:54:15
4031,,,,,,,,,,0.0,,positive,10815,28972,1,,2017-12-01 12:54:15
4032,1,1.0,1.0,µm,0.3,0.3,0.3,µm,rod-shaped,0.0,,negative,134269,32215,1,,2017-12-01 12:54:15
4033,3.7,3.7,3.7,µm,1.2,1.2,1.2,µm,rod-shaped,1.0,,positive,1275,31826,1,,2017-12-01 12:54:15
4034,,,,,,,,,rod-shaped,0.0,,negative,11693,32050,1,,2017-12-01 12:54:15
4035,2.75,2.75,2.75,µm,0.625,0.62,0.62,µm,rod-shaped,0.0,,negative,1970,31835,1,,2017-12-01 12:54:15
4036,02-08,2.0,8.0,µm,0.4-0.5,0.4,0.5,µm,rod-shaped,1.0,,negative,4300,32537,1,,2017-12-01 12:54:15
4037,4,4.0,4.0,µm,0.45,0.45,0.45,µm,rod-shaped,0.0,,negative,17895,32201,1,,2017-12-01 12:54:15
4038,3,3.0,3.0,µm,0.5,0.5,0.5,µm,rod-shaped,0.0,,negative,17896,32201,1,,2017-12-01 12:54:15
4039,03-12,3.0,12.0,µm,0.3-0.4,0.3,0.4,µm,rod-shaped,0.0,,negative,17897,31183,1,,2017-12-01 12:54:15
4040,4-4.8,4.0,4.8,µm,0.35-0.4,0.35,0.4,µm,rod-shaped,1.0,,positive,11600,31920,1,,2017-12-01 12:54:15
4041,1.5,1.5,1.5,µm,1.5,1.5,1.5,µm,coccus-shaped,0.0,,positive,14430,31880,1,,2017-12-01 12:54:15
4042,1.3,1.3,1.3,µm,0.85,0.85,0.85,µm,rod-shaped,1.0,,negative,134213,31903,1,,2017-12-01 12:54:15
4043,1.85,1.85,1.85,µm,0.7,0.7,0.7,µm,rod-shaped,0.0,,positive,7509,31841,1,,2017-12-01 12:54:15
4044,1.05,1.05,1.05,µm,0.6,0.6,0.6,µm,rod-shaped,1.0,,negative,18152,30317,1,,2017-12-01 12:54:15
4045,,,,,,,,,,0.0,,positive,13259,31889,1,,2017-12-01 12:54:15
4046,1.5,1.5,1.5,µm,1.1,1.1,1.1,µm,rod-shaped,,,negative,133958,30949,1,,2017-12-01 12:54:15
4047,0.85,0.85,0.85,µm,0.85,0.85,0.85,µm,coccus-shaped,0.0,,positive,7756,31842,1,,2017-12-01 12:54:15
4048,1.2-2.6,1.2,2.6,µm,0.3-0.4,0.3,0.4,µm,rod-shaped,1.0,,negative,134354,32590,1,,2017-12-01 12:54:15
4049,1.3-2.5,1.3,2.5,µm,0.2-0.4,0.2,0.4,µm,rod-shaped,1.0,,positive,1284,31190,1,,2017-12-01 12:54:15
4050,1.3,1.3,1.3,µm,0.65,0.65,0.65,µm,rod-shaped,0.0,,positive,6280,32268,1,,2017-12-01 12:54:15
4051,1.8,1.8,1.8,µm,0.4,0.4,0.4,µm,rod-shaped,1.0,,negative,13733,32569,1,,2017-12-01 12:54:15
4052,2.05,2.05,2.05,µm,0.6,0.6,0.6,µm,rod-shaped,0.0,,negative,23234,31863,1,,2017-12-01 12:54:15
4053,1.8-3.6,1.8,3.6,µm,0.5-0.8,0.5,0.8,µm,rod-shaped,1.0,,positive,7302,31980,1,,2017-12-01 12:54:15
4054,1.4-2.3,1.4,2.3,µm,0.5-0.8,0.5,0.8,µm,rod-shaped,0.0,,positive,7489,32626,1,,2017-12-01 12:54:15
4055,4.5,4.5,4.5,µm,0.475,0.48,0.48,µm,rod-shaped,0.0,,negative,6950,29798,1,,2017-12-01 12:54:15
4056,7,7.0,7.0,µm,0.25,0.25,0.25,µm,rod-shaped,1.0,,negative,17817,30552,1,,2017-12-01 12:54:15
4057,1.1,1.1,1.1,µm,0.4,0.4,0.4,µm,rod-shaped,0.0,,negative,12556,31893,1,,2017-12-01 12:54:15
4058,1.75,1.75,1.75,µm,0.55,0.55,0.55,µm,rod-shaped,1.0,,positive,1517,32019,1,,2017-12-01 12:54:15
4059,1.95,1.95,1.95,µm,0.75,0.75,0.75,µm,rod-shaped,1.0,,positive,6657,32012,1,,2017-12-01 12:54:15
4060,0.5-1.0,0.5,1.0,µm,0.2-0.4,0.2,0.4,µm,rod-shaped,0.0,,positive,7502,31866,1,,2017-12-01 12:54:15
4061,,,,,,,,,coccus-shaped,0.0,,positive,7663,32328,1,,2017-12-01 12:54:15
4062,2.7,2.7,2.7,µm,0.34,0.34,0.34,µm,rod-shaped,0.0,,positive,7497,31882,1,,2017-12-01 12:54:15
4063,1.1-1.7,1.1,1.7,µm,0.7,0.7,0.7,µm,rod-shaped,1.0,,negative,23225,30106,1,,2017-12-01 12:54:15
4064,,,,,,,,,rod-shaped,0.0,,positive,8574,32638,1,,2017-12-01 12:54:15
4065,1.8,1.8,1.8,µm,1.1,1.1,1.1,µm,ovoid-shaped,1.0,,negative,17234,31877,1,,2017-12-01 12:54:15
4066,,,,,,,,,rod-shaped,1.0,,negative,134219,31919,1,,2017-12-01 12:54:15
4067,,,,,,,,,rod-shaped,,,,8537,31977,1,,2017-12-01 12:54:15
4068,,,,,,,,,rod-shaped,0.0,,,8538,29387,1,,2017-12-01 12:54:15
4069,,,,,,,,,rod-shaped,,,,8556,32358,1,,2017-12-01 12:54:15
4070,0.8,0.8,0.8,µm,0.8,0.8,0.8,µm,coccus-shaped,0.0,,negative,17650,31899,1,,2017-12-01 12:54:15
4071,2-6,2.0,6.0,µm,0.5-0.8,0.5,0.8,µm,rod-shaped,0.0,,negative,5733,31923,1,,2017-12-01 12:54:15
4072,1.3,1.3,1.3,µm,0.75,0.75,0.75,µm,ovoid-shaped,0.0,,negative,13839,32022,1,,2017-12-01 12:54:15
4073,2.5,2.5,2.5,µm,0.8,0.8,0.8,µm,rod-shaped,1.0,,negative,134260,32183,1,,2017-12-01 12:54:15
4074,3.0-5.0,3.0,5.0,µm,0.5,0.5,0.5,µm,rod-shaped,0.0,,positive,2867,31914,1,,2017-12-01 12:54:15
4075,1.75,1.75,1.75,µm,0.85,0.85,0.85,µm,rod-shaped,1.0,,negative,13667,32231,1,,2017-12-01 12:54:15
4076,1.2-2.3,1.2,2.3,µm,0.8-1.1,0.8,1.1,µm,,1.0,,negative,17956,31926,1,,2017-12-01 12:54:15
4077,1.1,1.1,1.1,µm,0.65,0.65,0.65,µm,rod-shaped,0.0,,negative,130637,28997,1,,2017-12-01 12:54:15
4078,1.25,1.25,1.25,µm,0.4,0.4,0.4,µm,rod-shaped,0.0,,negative,133865,30707,1,,2017-12-01 12:54:15
4079,0.35,0.35,0.35,µm,,,,,rod-shaped,1.0,gliding,negative,133447,29026,1,,2017-12-01 12:54:15
4080,2.79,2.79,2.79,µm,1.2,1.2,1.2,µm,rod-shaped,1.0,,positive,6691,29191,1,,2017-12-01 12:54:15
4081,0.95,0.95,0.95,µm,0.6,0.6,0.6,µm,rod-shaped,1.0,,negative,8209,32149,1,,2017-12-01 12:54:15
4082,1.35,1.35,1.35,µm,0.55,0.55,0.55,µm,rod-shaped,0.0,,negative,17958,32241,1,,2017-12-01 12:54:15
4083,2.5,2.5,2.5,µm,0.9,0.9,0.9,µm,rod-shaped,1.0,,negative,13946,31883,1,,2017-12-01 12:54:15
4084,2.5,2.5,2.5,µm,0.9,0.9,0.9,µm,rod-shaped,1.0,,negative,13947,31883,1,,2017-12-01 12:54:15
4085,5,5.0,5.0,µm,0.8,0.8,0.8,µm,rod-shaped,1.0,,negative,13936,31870,1,,2017-12-01 12:54:15
4086,1.3,1.3,1.3,µm,0.7,0.7,0.7,µm,coccus-shaped,0.0,,negative,24510,31875,1,,2017-12-01 12:54:15
4087,,,,,,,,,rod-shaped,1.0,,negative,13964,31934,1,,2017-12-01 12:54:15
4088,1.5-1.6,1.5,1.6,µm,0.7-0.75,0.7,0.75,µm,rod-shaped,0.0,,negative,23884,31959,1,,2017-12-01 12:54:15
4089,1,1.0,1.0,µm,0.3,0.3,0.3,µm,rod-shaped,0.0,,positive,7279,31970,1,,2017-12-01 12:54:15
4090,4.5,4.5,4.5,µm,0.55,0.55,0.55,µm,rod-shaped,0.0,,negative,134212,31885,1,,2017-12-01 12:54:15
4091,1.9-6.8,1.9,6.8,µm,0.9-1.5,0.9,1.5,µm,rod-shaped,1.0,,negative,134266,32207,1,,2017-12-01 12:54:15
4092,,,,,,,,,coccus-shaped,0.0,,positive,3895,28977,1,,2017-12-01 12:54:15
4093,1.05,1.05,1.05,µm,0.35,0.35,0.35,µm,ovoid-shaped,0.0,,negative,13798,31909,1,,2017-12-01 12:54:15
4094,,,,,0.9,0.9,0.9,µm,coccus-shaped,0.0,,positive,14434,32263,1,,2017-12-01 12:54:15
4095,1.7,1.7,1.7,µm,,,,,rod-shaped,0.0,,negative,5458,32174,1,,2017-12-01 12:54:15
4096,,,,,,,,,rod-shaped,1.0,,negative,14283,32518,1,,2017-12-01 12:54:15
4097,,,,,,,,,rod-shaped,1.0,,negative,14282,32518,1,,2017-12-01 12:54:15
4098,,,,,1.25,1.25,1.25,µm,ovoid-shaped,1.0,,negative,134227,31963,1,,2017-12-01 12:54:15
4099,,,,,,,,,rod-shaped,,,negative,10452,31938,1,,2017-12-01 12:54:15
4100,3.65,3.65,3.65,µm,0.8,0.8,0.8,µm,rod-shaped,0.0,,positive,11120,31895,1,,2017-12-01 12:54:15
4101,0.4-0.7,0.4,0.7,µm,,,,,rod-shaped,1.0,,negative,12701,32098,1,,2017-12-01 12:54:15
4102,2,2.0,2.0,µm,0.5,0.5,0.5,µm,rod-shaped,0.0,,positive,3077,29529,1,,2017-12-01 12:54:15
4103,1.75,1.75,1.75,µm,0.75,0.75,0.75,µm,rod-shaped,,,negative,14256,28879,1,,2017-12-01 12:54:15
4104,1.1,1.1,1.1,µm,0.6,0.6,0.6,µm,rod-shaped,0.0,,negative,17902,32094,1,,2017-12-01 12:54:15
4105,,,,,,,,,rod-shaped,0.0,,positive,13260,32064,1,,2017-12-01 12:54:15
4106,2,2.0,2.0,µm,0.65,0.65,0.65,µm,rod-shaped,1.0,,negative,17899,28908,1,,2017-12-01 12:54:15
4107,1.3,1.3,1.3,µm,0.8,0.8,0.8,µm,ovoid-shaped,0.0,,positive,3915,32133,1,,2017-12-01 12:54:15
4108,6,6.0,6.0,µm,0.4,0.4,0.4,µm,rod-shaped,1.0,gliding,negative,134241,32074,1,,2017-12-01 12:54:15
4109,1,1.0,1.0,µm,0.75,0.75,0.75,µm,ovoid-shaped,0.0,,positive,7783,32234,1,,2017-12-01 12:54:15
4110,0.95,0.95,0.95,µm,0.5,0.5,0.5,µm,rod-shaped,0.0,,negative,130612,32134,1,,2017-12-01 12:54:15
4111,2.9,2.9,2.9,µm,0.45,0.45,0.45,µm,rod-shaped,1.0,,negative,3948,32274,1,,2017-12-01 12:54:15
4112,0.8-1.0,0.8,1.0,µm,0.8-1.0,0.8,1.0,µm,coccus-shaped,0.0,,positive,12671,32073,1,,2017-12-01 12:54:15
4113,2,2.0,2.0,µm,0.55,0.55,0.55,µm,rod-shaped,0.0,,negative,17901,32094,1,,2017-12-01 12:54:15
4114,2.3,2.3,2.3,µm,0.25,0.25,0.25,µm,rod-shaped,1.0,gliding,negative,134217,31913,1,,2017-12-01 12:54:15
4115,2.5,2.5,2.5,µm,0.8,0.8,0.8,µm,rod-shaped,1.0,,negative,10499,31945,1,,2017-12-01 12:54:15
4116,1.2-2.5,1.2,2.5,µm,0.5-0.9,0.5,0.9,µm,rod-shaped,1.0,,negative,134229,31985,1,,2017-12-01 12:54:15
4117,1.2-2.5,1.2,2.5,µm,0.4-0.8,0.4,0.8,µm,rod-shaped,1.0,,negative,134230,31985,1,,2017-12-01 12:54:15
4118,1,1.0,1.0,µm,1,1.0,1.0,µm,coccus-shaped,0.0,,positive,14433,31999,1,,2017-12-01 12:54:15
4119,4,4.0,4.0,µm,0.5,0.5,0.5,µm,rod-shaped,1.0,,negative,4069,29292,1,,2017-12-01 12:54:15
4120,1-1.5,1.0,1.5,µm,0.5,0.5,0.5,µm,rod-shaped,0.0,,negative,17467,31951,1,,2017-12-01 12:54:15
4121,2.5,2.5,2.5,µm,0.45,0.45,0.45,µm,rod-shaped,1.0,,negative,17314,32131,1,,2017-12-01 12:54:15
4122,,,,,,,,,rod-shaped,,,negative,13631,31937,1,,2017-12-01 12:54:15
4123,12,12.0,12.0,µm,,,,,rod-shaped,,,negative,24080,32347,1,,2017-12-01 12:54:15
4124,,,,,,,,,rod-shaped,0.0,,negative,24081,32347,1,,2017-12-01 12:54:15
4125,,,,,,,,,rod-shaped,1.0,,negative,13170,28888,1,,2017-12-01 12:54:15
4126,4,4.0,4.0,µm,1,1.0,1.0,µm,rod-shaped,1.0,,positive,133510,29234,1,,2017-12-01 12:54:15
4127,2.98,2.98,2.98,µm,1.105,1.1,1.1,µm,rod-shaped,1.0,,positive,18132,29095,1,,2017-12-01 12:54:15
4128,1.3-2.5,1.3,2.5,µm,0.4-1,0.4,1.0,µm,rod-shaped,1.0,,negative,2462,32513,1,,2017-12-01 12:54:15
4129,2.3,2.3,2.3,µm,1.4,1.4,1.4,µm,rod-shaped,0.0,,positive,3888,32091,1,,2017-12-01 12:54:15
4130,,,,,,,,,,0.0,,positive,13269,29305,1,,2017-12-01 12:54:15
4131,,,,,,,,,,,,positive,13397,31973,1,,2017-12-01 12:54:15
4132,2.3,2.3,2.3,µm,1.5,1.5,1.5,µm,rod-shaped,,,negative,6083,32017,1,,2017-12-01 12:54:15
4133,3.5,3.5,3.5,µm,0.7,0.7,0.7,µm,rod-shaped,0.0,,negative,134255,32144,1,,2017-12-01 12:54:15
4134,2.4,2.4,2.4,µm,0.65,0.65,0.65,µm,rod-shaped,1.0,gliding,negative,134343,32547,1,,2017-12-01 12:54:15
4135,2.15,2.15,2.15,µm,0.4,0.4,0.4,µm,rod-shaped,0.0,,negative,14100,31965,1,,2017-12-01 12:54:15
4136,1.6,1.6,1.6,µm,0.45,0.45,0.45,µm,rod-shaped,0.0,,negative,5549,31993,1,,2017-12-01 12:54:15
4137,2.5-6.8,2.5,6.8,µm,0.7-0.9,0.7,0.9,µm,rod-shaped,1.0,,variable,11604,31986,1,,2017-12-01 12:54:15
4138,5.25,5.25,5.25,µm,0.4,0.4,0.4,µm,rod-shaped,1.0,,variable,16690,31971,1,,2017-12-01 12:54:15
4139,,,,,,,,,rod-shaped,0.0,,positive,13303,32210,1,,2017-12-01 12:54:15
4140,,,,,,,,,spiral-shaped,,,positive,16434,32139,1,,2017-12-01 12:54:15
4141,,,,,,,,,rod-shaped,1.0,,negative,17835,29651,1,,2017-12-01 12:54:15
4142,1.5,1.5,1.5,µm,0.75,0.75,0.75,µm,rod-shaped,0.0,,negative,17342,32001,1,,2017-12-01 12:54:15
4143,1.95,1.95,1.95,µm,0.8,0.8,0.8,µm,rod-shaped,0.0,,negative,130632,32097,1,,2017-12-01 12:54:15
4144,1.15,1.15,1.15,µm,0.75,0.75,0.75,µm,coccus-shaped,1.0,,negative,7229,29807,1,,2017-12-01 12:54:15
4145,1.45,1.45,1.45,µm,0.95,0.95,0.95,µm,rod-shaped,0.0,,negative,13785,32143,1,,2017-12-01 12:54:15
4146,1.6,1.6,1.6,µm,0.65,0.65,0.65,µm,rod-shaped,1.0,,negative,461,32057,1,,2017-12-01 12:54:15
4147,1.6,1.6,1.6,µm,0.75,0.75,0.75,µm,rod-shaped,0.0,,,17341,32001,1,,2017-12-01 12:54:15
4148,1.5,1.5,1.5,µm,0.75,0.75,0.75,µm,rod-shaped,0.0,,negative,17343,32001,1,,2017-12-01 12:54:15
4149,,,,,,,,,,0.0,,positive,13460,32568,1,,2017-12-01 12:54:15
4150,1-1.2,1.0,1.2,µm,0.4-0.6,0.4,0.6,µm,rod-shaped,0.0,,positive,11262,32465,1,,2017-12-01 12:54:15
4151,4,4.0,4.0,µm,1.8,1.8,1.8,µm,coccus-shaped,0.0,,negative,13728,29088,1,,2017-12-01 12:54:15
4152,0.8,0.8,0.8,µm,0.64,0.64,0.64,µm,coccus-shaped,0.0,,positive,17982,32018,1,,2017-12-01 12:54:15
4153,1.85,1.85,1.85,µm,0.5,0.5,0.5,µm,rod-shaped,1.0,,negative,13893,32100,1,,2017-12-01 12:54:15
4154,0.8,0.8,0.8,µm,0.8,0.8,0.8,µm,coccus-shaped,0.0,,positive,7661,29116,1,,2017-12-01 12:54:15
4155,1.35,1.35,1.35,µm,0.65,0.65,0.65,µm,ovoid-shaped,1.0,,negative,13732,31996,1,,2017-12-01 12:54:15
4156,,,,,,,,,,,,positive,16995,32041,1,,2017-12-01 12:54:15
4157,,,,,,,,,,0.0,,positive,5849,28938,1,,2017-12-01 12:54:15
4158,1.3,1.3,1.3,µm,0.37,0.37,0.37,µm,rod-shaped,1.0,,negative,132082,32033,1,,2017-12-01 12:54:15
4159,,,,,0.77,0.77,0.77,µm,coccus-shaped,0.0,,positive,14435,32417,1,,2017-12-01 12:54:15
4160,3,3.0,3.0,µm,0.5,0.5,0.5,µm,rod-shaped,1.0,,positive,1556,29021,1,,2017-12-01 12:54:15
4161,2,2.0,2.0,µm,0.5,0.5,0.5,µm,rod-shaped,1.0,,negative,4225,32113,1,,2017-12-01 12:54:15
4162,5,5.0,5.0,µm,0.35,0.35,0.35,µm,rod-shaped,0.0,,negative,133863,30706,1,,2017-12-01 12:54:15
4163,,,,,,,,,coccus-shaped,0.0,,positive,11043,32550,1,,2017-12-01 12:54:15
4164,,,,,,,,,,0.0,,positive,16454,28885,1,,2017-12-01 12:54:15
4165,4.0-8.0,4.0,8.0,µm,1.0-1.5,1.0,1.5,µm,rod-shaped,1.0,,negative,134237,32049,1,,2017-12-01 12:54:15
4166,5,5.0,5.0,µm,0.425,0.42,0.42,µm,rod-shaped,0.0,,negative,6949,29342,1,,2017-12-01 12:54:15
4167,,,,,,,,,rod-shaped,0.0,,negative,3779,32063,1,,2017-12-01 12:54:15
4168,5.5,5.5,5.5,µm,0.5,0.5,0.5,µm,rod-shaped,1.0,,positive,2869,32243,1,,2017-12-01 12:54:15
4169,3,3.0,3.0,µm,1,1.0,1.0,µm,rod-shaped,1.0,,negative,489,32039,1,,2017-12-01 12:54:15
4170,,,,,,,,,,,,positive,13465,32105,1,,2017-12-01 12:54:15
4171,01-03,1.0,3.0,µm,0.3-0.6,0.3,0.6,µm,rod-shaped,,,negative,134077,31182,1,,2017-12-01 12:54:15
4172,01-03,1.0,3.0,µm,0.3-0.6,0.3,0.6,µm,rod-shaped,,,negative,134078,31182,1,,2017-12-01 12:54:15
4173,01-03,1.0,3.0,µm,0.3-0.5,0.3,0.5,µm,rod-shaped,1.0,,negative,13635,32485,1,,2017-12-01 12:54:15
4174,,,,,0.9,0.9,0.9,µm,coccus-shaped,0.0,,negative,134312,32375,1,,2017-12-01 12:54:15
4175,3,3.0,3.0,µm,1,1.0,1.0,µm,rod-shaped,1.0,,negative,5242,32494,1,,2017-12-01 12:54:15
4176,,,,,,,,,rod-shaped,0.0,,negative,23991,30278,1,,2017-12-01 12:54:15
4177,3,3.0,3.0,µm,1,1.0,1.0,µm,rod-shaped,1.0,,negative,5237,32494,1,,2017-12-01 12:54:15
4178,3,3.0,3.0,µm,1,1.0,1.0,µm,rod-shaped,1.0,,negative,5238,32494,1,,2017-12-01 12:54:15
4179,3,3.0,3.0,µm,1,1.0,1.0,µm,rod-shaped,1.0,,negative,5239,32494,1,,2017-12-01 12:54:15
4180,2.5,2.5,2.5,µm,0.7,0.7,0.7,µm,rod-shaped,,,negative,134342,32542,1,,2017-12-01 12:54:15
4181,10.5,10.5,10.5,µm,0.25,0.25,0.25,µm,,1.0,,negative,14349,28943,1,,2017-12-01 12:54:15
4182,3,3.0,3.0,µm,0.8,0.8,0.8,µm,rod-shaped,1.0,gliding,negative,24737,30553,1,,2017-12-01 12:54:15
4183,0.4,0.4,0.4,µm,0.3,0.3,0.3,µm,rod-shaped,0.0,,negative,18155,32085,1,,2017-12-01 12:54:15
4184,1.7,1.7,1.7,µm,0.6,0.6,0.6,µm,rod-shaped,1.0,,negative,13904,32579,1,,2017-12-01 12:54:15
4185,10,10.0,10.0,µm,1,1.0,1.0,µm,spiral-shaped,1.0,,negative,134274,32221,1,,2017-12-01 12:54:15
4186,2.65,2.65,2.65,µm,0.5,0.5,0.5,µm,rod-shaped,1.0,,negative,2460,32061,1,,2017-12-01 12:54:15
4187,1.2,1.2,1.2,µm,0.6,0.6,0.6,µm,coccus-shaped,0.0,,positive,12582,32055,1,,2017-12-01 12:54:15
4188,02-05,2.0,5.0,µm,0.5,0.5,0.5,µm,rod-shaped,1.0,,negative,11832,32335,1,,2017-12-01 12:54:15
4189,0.7-1.5,0.7,1.5,µm,,,,,rod-shaped,0.0,,positive,11231,32128,1,,2017-12-01 12:54:15
4190,3.35,3.35,3.35,µm,0.4,0.4,0.4,µm,rod-shaped,0.0,,negative,14104,32115,1,,2017-12-01 12:54:15
4191,3,3.0,3.0,µm,0.6,0.6,0.6,µm,rod-shaped,0.0,,negative,17486,29772,1,,2017-12-01 12:54:15
4192,3.1,3.1,3.1,µm,0.6,0.6,0.6,µm,rod-shaped,1.0,,positive,18028,32271,1,,2017-12-01 12:54:15
4193,3.1,3.1,3.1,µm,0.6,0.6,0.6,µm,rod-shaped,1.0,,positive,18029,32271,1,,2017-12-01 12:54:15
4194,3.75,3.75,3.75,µm,0.8,0.8,0.8,µm,rod-shaped,1.0,,positive,134251,32119,1,,2017-12-01 12:54:15
4195,,,,,,,,,,0.0,,positive,13469,32456,1,,2017-12-01 12:54:15
4196,2,2.0,2.0,µm,0.85,0.85,0.85,µm,rod-shaped,0.0,,negative,134257,32163,1,,2017-12-01 12:54:15
4197,1.35,1.35,1.35,µm,0.65,0.65,0.65,µm,rod-shaped,0.0,,negative,134308,32364,1,,2017-12-01 12:54:15
4198,,,,,0.4,0.4,0.4,µm,coccus-shaped,0.0,,negative,17178,32187,1,,2017-12-01 12:54:15
4199,2.6,2.6,2.6,µm,0.55,0.55,0.55,µm,rod-shaped,0.0,,positive,18078,32198,1,,2017-12-01 12:54:15
4200,,,,,,,,,,0.0,,positive,133428,28914,1,,2017-12-01 12:54:15
4201,1.75,1.75,1.75,µm,0.75,0.75,0.75,µm,rod-shaped,1.0,,negative,134360,32602,1,,2017-12-01 12:54:15
4202,3.5,3.5,3.5,µm,0.5,0.5,0.5,µm,rod-shaped,,,negative,5564,32083,1,,2017-12-01 12:54:15
4203,,,,,,,,,,,,positive,16435,32147,1,,2017-12-01 12:54:15
4204,1.0-1.6,1.0,1.6,µm,0.6-0.8,0.6,0.8,µm,rod-shaped,1.0,,negative,6055,32106,1,,2017-12-01 12:54:15
4205,1-1.2,1.0,1.2,µm,0.7-0.8,0.7,0.8,µm,rod-shaped,1.0,,negative,134359,32595,1,,2017-12-01 12:54:15
4206,1.5,1.5,1.5,µm,0.55,0.55,0.55,µm,rod-shaped,0.0,,negative,14128,32089,1,,2017-12-01 12:54:15
4207,03-06,3.0,6.0,µm,0.5-0.8,0.5,0.8,µm,rod-shaped,1.0,,positive,11624,32406,1,,2017-12-01 12:54:15
4208,,,,,,,,,rod-shaped,0.0,,positive,3916,32103,1,,2017-12-01 12:54:15
4209,2.5-4.7,2.5,4.7,µm,0.9-1.5,0.9,1.5,µm,rod-shaped,0.0,,,134365,32624,1,,2017-12-01 12:54:15
4210,2.25,2.25,2.25,µm,0.64,0.64,0.64,µm,rod-shaped,1.0,,negative,7192,28925,1,,2017-12-01 12:54:15
4211,,,,,,,,,,0.0,,positive,11079,32156,1,,2017-12-01 12:54:15
4212,2.5,2.5,2.5,µm,0.5,0.5,0.5,µm,rod-shaped,1.0,gliding,negative,5565,32083,1,,2017-12-01 12:54:15
4213,4.5,4.5,4.5,µm,0.75,0.75,0.75,µm,rod-shaped,0.0,,negative,5882,32325,1,,2017-12-01 12:54:15
4214,0.3-1.2,0.3,1.2,µm,0.2-0.4,0.2,0.4,µm,rod-shaped,0.0,,positive,11064,32405,1,,2017-12-01 12:54:15
4215,,,,,,,,,rod-shaped,,,positive,8553,32264,1,,2017-12-01 12:54:15
4216,5,5.0,5.0,µm,1,1.0,1.0,µm,rod-shaped,1.0,,negative,17166,29160,1,,2017-12-01 12:54:15
4217,1-1.5,1.0,1.5,µm,0.5,0.5,0.5,µm,rod-shaped,1.0,,negative,5953,31210,1,,2017-12-01 12:54:15
4218,2,2.0,2.0,µm,1.75,1.75,1.75,µm,rod-shaped,0.0,,positive,3887,32095,1,,2017-12-01 12:54:15
4219,,,,,,,,,rod-shaped,0.0,,positive,13470,32660,1,,2017-12-01 12:54:15
4220,3,3.0,3.0,µm,0.75,0.75,0.75,µm,rod-shaped,1.0,,negative,6058,32135,1,,2017-12-01 12:54:15
4221,4,4.0,4.0,µm,0.75,0.75,0.75,µm,rod-shaped,1.0,,negative,6059,32135,1,,2017-12-01 12:54:15
4222,3,3.0,3.0,µm,1,1.0,1.0,µm,coccus-shaped,1.0,,negative,6057,32135,1,,2017-12-01 12:54:15
4223,02-03,2.0,3.0,µm,0.5,0.5,0.5,µm,rod-shaped,1.0,,negative,134371,32640,1,,2017-12-01 12:54:15
4224,,,,,,,,,rod-shaped,0.0,,negative,134288,32278,1,,2017-12-01 12:54:15
4225,0.5-1,0.5,1.0,µm,0.5-1,0.5,1.0,µm,coccus-shaped,0.0,,positive,134264,32199,1,,2017-12-01 12:54:15
4226,1.1-2.6,1.1,2.6,µm,0.3-0.6,0.3,0.6,µm,rod-shaped,0.0,,positive,11998,32646,1,,2017-12-01 12:54:15
4227,2.6,2.6,2.6,µm,0.45,0.45,0.45,µm,rod-shaped,0.0,,negative,18154,32277,1,,2017-12-01 12:54:15
4228,1.2,1.2,1.2,µm,0.6,0.6,0.6,µm,rod-shaped,0.0,,negative,132874,32154,1,,2017-12-01 12:54:15
4229,1.05,1.05,1.05,µm,0.65,0.65,0.65,µm,ovoid-shaped,1.0,,negative,134254,32141,1,,2017-12-01 12:54:15
4230,1.65,1.65,1.65,µm,0.4,0.4,0.4,µm,rod-shaped,1.0,,negative,13889,32398,1,,2017-12-01 12:54:15
4231,4.5,4.5,4.5,µm,1.8,1.8,1.8,µm,rod-shaped,1.0,,positive,1868,32244,1,,2017-12-01 12:54:15
4232,2.75,2.75,2.75,µm,0.55,0.55,0.55,µm,rod-shaped,1.0,,negative,17516,32132,1,,2017-12-01 12:54:15
4233,3.5,3.5,3.5,µm,0.5,0.5,0.5,µm,rod-shaped,0.0,,negative,17519,32132,1,,2017-12-01 12:54:15
4234,2,2.0,2.0,µm,1,1.0,1.0,µm,rod-shaped,1.0,,negative,7183,32155,1,,2017-12-01 12:54:15
4235,2.25,2.25,2.25,µm,1,1.0,1.0,µm,rod-shaped,1.0,,negative,7182,32155,1,,2017-12-01 12:54:15
4236,1.05,1.05,1.05,µm,0.6,0.6,0.6,µm,rod-shaped,0.0,,negative,134256,32162,1,,2017-12-01 12:54:15
4237,5.5,5.5,5.5,µm,0.6,0.6,0.6,µm,spiral-shaped,1.0,,negative,24542,29006,1,,2017-12-01 12:54:15
4238,,,,,,,,,coccus-shaped,0.0,,positive,14437,28987,1,,2017-12-01 12:54:15
4239,3.15,3.15,3.15,µm,0.6,0.6,0.6,µm,rod-shaped,1.0,,negative,134289,32284,1,,2017-12-01 12:54:15
4240,1.75,1.75,1.75,µm,0.5,0.5,0.5,µm,rod-shaped,1.0,,negative,17661,32117,1,,2017-12-01 12:54:15
4241,,,,,,,,,ovoid-shaped,1.0,,negative,5228,32262,1,,2017-12-01 12:54:15
4242,,,,,,,,,coccus-shaped,0.0,,negative,17179,32189,1,,2017-12-01 12:54:15
4243,3,3.0,3.0,µm,1,1.0,1.0,µm,rod-shaped,0.0,,negative,3997,29086,1,,2017-12-01 12:54:15
4244,,,,,,,,,rod-shaped,0.0,,negative,133465,29075,1,,2017-12-01 12:54:15
4245,5.65,5.65,5.65,µm,0.4,0.4,0.4,µm,rod-shaped,0.0,,negative,17965,32350,1,,2017-12-01 12:54:15
4246,,,,,,,,,,,,positive,8030,29217,1,,2017-12-01 12:54:15
4247,4.5,4.5,4.5,µm,1,1.0,1.0,µm,rod-shaped,1.0,,negative,8213,32440,1,,2017-12-01 12:54:15
4248,0.7,0.7,0.7,µm,0.35,0.35,0.35,µm,rod-shaped,1.0,,negative,462,32238,1,,2017-12-01 12:54:15
4249,2.5,2.5,2.5,µm,0.5,0.5,0.5,µm,rod-shaped,,,,2845,32431,1,,2017-12-01 12:54:15
4250,,,,,0.75,0.75,0.75,µm,coccus-shaped,0.0,,positive,5352,32469,1,,2017-12-01 12:54:15
4251,,,,,,,,,rod-shaped,1.0,,positive,2852,29052,1,,2017-12-01 12:54:15
4252,2.8,2.8,2.8,µm,1.5,1.5,1.5,µm,rod-shaped,0.0,,negative,131163,32138,1,,2017-12-01 12:54:15
4253,1.9,1.9,1.9,µm,0.5,0.5,0.5,µm,rod-shaped,0.0,,negative,24490,32157,1,,2017-12-01 12:54:15
4254,1.4,1.4,1.4,µm,0.4,0.4,0.4,µm,rod-shaped,1.0,,negative,14021,32339,1,,2017-12-01 12:54:15
4255,1.7,1.7,1.7,µm,0.7,0.7,0.7,µm,rod-shaped,0.0,,negative,5691,32439,1,,2017-12-01 12:54:15
4256,1.9,1.9,1.9,µm,0.75,0.75,0.75,µm,rod-shaped,0.0,,negative,5687,32203,1,,2017-12-01 12:54:15
4257,1.2-2,1.2,2.0,µm,0.7-1.2,0.7,1.2,µm,rod-shaped,0.0,,negative,5686,32632,1,,2017-12-01 12:54:15
4258,1.65,1.65,1.65,µm,0.8,0.8,0.8,µm,rod-shaped,0.0,,negative,5510,29410,1,,2017-12-01 12:54:15
4259,4.5,4.5,4.5,µm,1.05,1.05,1.05,µm,spiral-shaped,1.0,,negative,6109,32209,1,,2017-12-01 12:54:15
4260,3.75,3.75,3.75,µm,1.05,1.05,1.05,µm,rod-shaped,1.0,,positive,1271,32333,1,,2017-12-01 12:54:15
4261,,,,,,,,,rod-shaped,0.0,,negative,14190,32571,1,,2017-12-01 12:54:15
4262,1.95,1.95,1.95,µm,0.8,0.8,0.8,µm,rod-shaped,0.0,,negative,3953,32169,1,,2017-12-01 12:54:15
4263,22.6,22.6,22.6,µm,0.5,0.5,0.5,µm,rod-shaped,1.0,,positive,14042,32142,1,,2017-12-01 12:54:15
4264,1,1.0,1.0,µm,0.65,0.65,0.65,µm,ovoid-shaped,0.0,,negative,13846,32516,1,,2017-12-01 12:54:15
4265,1.5-2,1.5,2.0,µm,0.4-0.6,0.4,0.6,µm,rod-shaped,1.0,,negative,6197,32499,1,,2017-12-01 12:54:15
4266,1.5,1.5,1.5,µm,0.3,0.3,0.3,µm,rod-shaped,0.0,,negative,6237,32253,1,,2017-12-01 12:54:15
4267,1.0-3.5,1.0,3.5,µm,0.9-1.0,0.9,1.0,µm,rod-shaped,,,positive,6288,32150,1,,2017-12-01 12:54:15
4268,3.2,3.2,3.2,µm,1,1.0,1.0,µm,rod-shaped,1.0,,negative,11630,32267,1,,2017-12-01 12:54:15
4269,3.05,3.05,3.05,µm,0.95,0.95,0.95,µm,rod-shaped,1.0,,negative,11631,32267,1,,2017-12-01 12:54:15
4270,2,2.0,2.0,µm,0.45,0.45,0.45,µm,rod-shaped,0.0,,negative,5739,29121,1,,2017-12-01 12:54:15
4271,,,,,,,,,,0.0,,positive,134332,32460,1,,2017-12-01 12:54:15
4272,2.85,2.85,2.85,µm,0.35,0.35,0.35,µm,rod-shaped,0.0,,positive,7280,32172,1,,2017-12-01 12:54:15
4273,1.35,1.35,1.35,µm,0.55,0.55,0.55,µm,rod-shaped,0.0,,positive,11130,32177,1,,2017-12-01 12:54:15
4274,2.05,2.05,2.05,µm,0.4,0.4,0.4,µm,rod-shaped,1.0,,negative,2319,32178,1,,2017-12-01 12:54:15
4275,3,3.0,3.0,µm,0.45,0.45,0.45,µm,rod-shaped,1.0,,negative,14257,32175,1,,2017-12-01 12:54:15
4276,1-4.5,1.0,4.5,µm,0.4-0.7,0.4,0.7,µm,rod-shaped,0.0,,negative,133544,29434,1,,2017-12-01 12:54:15
4277,1.8,1.8,1.8,µm,0.75,0.75,0.75,µm,ovoid-shaped,0.0,,negative,134265,32202,1,,2017-12-01 12:54:15
4278,,,,,,,,,ovoid-shaped,0.0,,positive,14842,32165,1,,2017-12-01 12:54:15
4279,,,,,,,,,ovoid-shaped,0.0,,positive,14840,32165,1,,2017-12-01 12:54:15
4280,3,3.0,3.0,µm,0.7,0.7,0.7,µm,rod-shaped,1.0,,positive,11446,29463,1,,2017-12-01 12:54:15
4281,2.5,2.5,2.5,µm,1,1.0,1.0,µm,rod-shaped,1.0,,positive,11445,29463,1,,2017-12-01 12:54:15
4282,1.25,1.25,1.25,µm,0.65,0.65,0.65,µm,coccus-shaped,0.0,,positive,12009,32659,1,,2017-12-01 12:54:15
4283,1.3,1.3,1.3,µm,1.1,1.1,1.1,µm,rod-shaped,0.0,,positive,12010,32659,1,,2017-12-01 12:54:15
4284,,,,,,,,,rod-shaped,1.0,,positive,7506,29577,1,,2017-12-01 12:54:15
4285,3.25,3.25,3.25,µm,0.65,0.65,0.65,µm,rod-shaped,0.0,,negative,133558,29516,1,,2017-12-01 12:54:15
4286,02-03,2.0,3.0,µm,1-1.5,1.0,1.5,µm,rod-shaped,1.0,,negative,17414,29527,1,,2017-12-01 12:54:15
4287,1.75,1.75,1.75,µm,0.45,0.45,0.45,µm,rod-shaped,0.0,,negative,17710,32173,1,,2017-12-01 12:54:15
4288,1.25,1.25,1.25,µm,0.25,0.25,0.25,µm,rod-shaped,1.0,,negative,17459,29831,1,,2017-12-01 12:54:15
4289,1-1.2,1.0,1.2,µm,0.2-0.3,0.2,0.3,µm,rod-shaped,1.0,gliding,negative,24736,32449,1,,2017-12-01 12:54:15
4290,1.5-3,1.5,3.0,µm,0.3-0.5,0.3,0.5,µm,rod-shaped,1.0,gliding,negative,5572,32498,1,,2017-12-01 12:54:15
4291,4.5,4.5,4.5,µm,0.5,0.5,0.5,µm,rod-shaped,1.0,gliding,negative,134318,32401,1,,2017-12-01 12:54:15
4292,1.2-1.4,1.2,1.4,µm,0.5-0.6,0.5,0.6,µm,rod-shaped,0.0,,negative,133645,29905,1,,2017-12-01 12:54:15
4293,2.25,2.25,2.25,µm,0.4,0.4,0.4,µm,rod-shaped,0.0,,positive,17693,28940,1,,2017-12-01 12:54:15
4294,,,,,,,,,,,,positive,11250,32448,1,,2017-12-01 12:54:15
4295,1,1.0,1.0,µm,0.8,0.8,0.8,µm,rod-shaped,1.0,,,14284,29216,1,,2017-12-01 12:54:15
4296,1.8,1.8,1.8,µm,0.5,0.5,0.5,µm,rod-shaped,1.0,gliding,negative,5571,32495,1,,2017-12-01 12:54:15
4297,3.15,3.15,3.15,µm,1.1,1.1,1.1,µm,rod-shaped,1.0,,negative,13164,32377,1,,2017-12-01 12:54:15
4298,1.5,1.5,1.5,µm,0.6,0.6,0.6,µm,rod-shaped,0.0,,negative,14163,32592,1,,2017-12-01 12:54:15
4299,1.4,1.4,1.4,µm,0.8,0.8,0.8,µm,rod-shaped,1.0,,negative,14162,32592,1,,2017-12-01 12:54:15
4300,4.25,4.25,4.25,µm,1.45,1.45,1.45,µm,rod-shaped,1.0,,negative,134290,32286,1,,2017-12-01 12:54:15
4301,,,,,,,,,rod-shaped,1.0,,negative,133463,29069,1,,2017-12-01 12:54:15
4302,,,,,,,,,rod-shaped,1.0,,negative,6170,32491,1,,2017-12-01 12:54:15
4303,1.55,1.55,1.55,µm,0.85,0.85,0.85,µm,rod-shaped,0.0,,negative,17784,32260,1,,2017-12-01 12:54:15
4304,1.2,1.2,1.2,µm,0.7,0.7,0.7,µm,rod-shaped,0.0,,negative,6064,32321,1,,2017-12-01 12:54:15
4305,2.25,2.25,2.25,µm,1.5,1.5,1.5,µm,rod-shaped,1.0,,negative,22991,30756,1,,2017-12-01 12:54:15
4306,1.7,1.7,1.7,µm,0.6,0.6,0.6,µm,coccus-shaped,0.0,,negative,134270,32219,1,,2017-12-01 12:54:15
4307,2.75,2.75,2.75,µm,0.45,0.45,0.45,µm,coccus-shaped,0.0,,negative,134271,32219,1,,2017-12-01 12:54:15
4308,1.5,1.5,1.5,µm,0.6,0.6,0.6,µm,rod-shaped,0.0,,positive,17838,29049,1,,2017-12-01 12:54:15
4309,2.75,2.75,2.75,µm,0.65,0.65,0.65,µm,rod-shaped,1.0,,positive,11632,32362,1,,2017-12-01 12:54:15
4310,1.35,1.35,1.35,µm,0.75,0.75,0.75,µm,rod-shaped,0.0,,negative,133437,28982,1,,2017-12-01 12:54:15
4311,1.35,1.35,1.35,µm,0.75,0.75,0.75,µm,rod-shaped,0.0,,negative,11897,28982,1,,2017-12-01 12:54:15
4312,2,2.0,2.0,µm,0.2,0.2,0.2,µm,rod-shaped,1.0,,negative,17442,32256,1,,2017-12-01 12:54:15
4313,1-1.5,1.0,1.5,µm,0.4-0.6,0.4,0.6,µm,rod-shaped,1.0,,negative,1675,32483,1,,2017-12-01 12:54:15
4314,0.9-1.4,0.9,1.4,µm,0.3-0.8,0.3,0.8,µm,rod-shaped,1.0,,positive,11144,28939,1,,2017-12-01 12:54:15
4315,1.3-3,1.3,3.0,µm,0.2-0.5,0.2,0.5,µm,ovoid-shaped,1.0,,positive,11140,32484,1,,2017-12-01 12:54:15
4316,0.8-4,0.8,4.0,µm,0.3-0.8,0.3,0.8,µm,ovoid-shaped,1.0,,positive,11141,32484,1,,2017-12-01 12:54:15
4317,0.8-3.2,0.8,3.2,µm,0.2-0.7,0.2,0.7,µm,rod-shaped,1.0,,positive,11142,32484,1,,2017-12-01 12:54:15
4318,,,,,0.4,0.4,0.4,µm,coccus-shaped,1.0,,positive,11087,32493,1,,2017-12-01 12:54:15
4319,,,,,,,,,ovoid-shaped,1.0,,positive,7343,32489,1,,2017-12-01 12:54:15
4320,1.2,1.2,1.2,µm,0.45,0.45,0.45,µm,rod-shaped,1.0,,positive,7303,32536,1,,2017-12-01 12:54:15
4321,1.1,1.1,1.1,µm,0.95,0.95,0.95,µm,rod-shaped,1.0,,positive,7345,28931,1,,2017-12-01 12:54:15
4323,2.5,2.5,2.5,µm,0.8,0.8,0.8,µm,rod-shaped,1.0,,positive,7304,29373,1,,2017-12-01 12:54:15
4324,1.5,1.5,1.5,µm,0.6,0.6,0.6,µm,rod-shaped,0.0,,negative,23279,30326,1,,2017-12-01 12:54:15
4325,,,,,0.6,0.6,0.6,µm,coccus-shaped,0.0,,negative,17914,29478,1,,2017-12-01 12:54:15
4326,1.75,1.75,1.75,µm,0.5,0.5,0.5,µm,rod-shaped,1.0,,negative,3026,32237,1,,2017-12-01 12:54:15
4327,,,,,,,,,,,,positive,11080,32298,1,,2017-12-01 12:54:15
4328,2.15,2.15,2.15,µm,0.3,0.3,0.3,µm,rod-shaped,0.0,,negative,134278,32245,1,,2017-12-01 12:54:15
4329,2.35,2.35,2.35,µm,0.5,0.5,0.5,µm,rod-shaped,0.0,,negative,5644,32282,1,,2017-12-01 12:54:15
4330,4,4.0,4.0,µm,0.6,0.6,0.6,µm,rod-shaped,1.0,,negative,134282,32252,1,,2017-12-01 12:54:15
4331,2.25,2.25,2.25,µm,0.45,0.45,0.45,µm,rod-shaped,1.0,,negative,6236,32249,1,,2017-12-01 12:54:15
4332,1.0-1.6,1.0,1.6,µm,0.7-1.4,0.7,1.4,µm,,1.0,,positive,134280,32248,1,,2017-12-01 12:54:15
4333,1,1.0,1.0,µm,0.3,0.3,0.3,µm,rod-shaped,0.0,,negative,17712,32397,1,,2017-12-01 12:54:15
4334,11,11.0,11.0,µm,0.4,0.4,0.4,µm,rod-shaped,0.0,,negative,17493,32305,1,,2017-12-01 12:54:15
4335,1.7,1.7,1.7,µm,0.95,0.95,0.95,µm,rod-shaped,1.0,,negative,133472,29090,1,,2017-12-01 12:54:15
4336,,,,,,,,,,0.0,,positive,17736,32447,1,,2017-12-01 12:54:15
4337,1.51,1.51,1.51,µm,0.52,0.52,0.52,µm,rod-shaped,0.0,,negative,24566,30636,1,,2017-12-01 12:54:15
4338,2.5,2.5,2.5,µm,1.25,1.25,1.25,µm,rod-shaped,1.0,,negative,7206,32326,1,,2017-12-01 12:54:15
4339,3.4,3.4,3.4,µm,0.6,0.6,0.6,µm,rod-shaped,0.0,,negative,134310,32369,1,,2017-12-01 12:54:15
4340,2.9,2.9,2.9,µm,0.7,0.7,0.7,µm,rod-shaped,0.0,,negative,6224,32295,1,,2017-12-01 12:54:15
4341,1.4,1.4,1.4,µm,0.55,0.55,0.55,µm,rod-shaped,0.0,,negative,5660,32288,1,,2017-12-01 12:54:15
4342,6.15,6.15,6.15,µm,0.9,0.9,0.9,µm,rod-shaped,1.0,gliding,negative,134302,32316,1,,2017-12-01 12:54:15
4343,10.25,10.25,10.25,µm,0.85,0.85,0.85,µm,rod-shaped,1.0,,negative,16851,32332,1,,2017-12-01 12:54:15
4344,1.25,1.25,1.25,µm,0.75,0.75,0.75,µm,rod-shaped,1.0,,negative,17879,32309,1,,2017-12-01 12:54:15
4345,1.8,1.8,1.8,µm,0.8,0.8,0.8,µm,rod-shaped,0.0,,negative,5734,32312,1,,2017-12-01 12:54:15
4346,7,7.0,7.0,µm,0.45,0.45,0.45,µm,rod-shaped,1.0,,positive,2515,29056,1,,2017-12-01 12:54:15
4347,1.6,1.6,1.6,µm,0.55,0.55,0.55,µm,rod-shaped,1.0,,negative,134307,32361,1,,2017-12-01 12:54:15
4348,1.4,1.4,1.4,µm,0.5,0.5,0.5,µm,rod-shaped,1.0,,negative,6069,32363,1,,2017-12-01 12:54:15
4349,,,,,0.75,0.75,0.75,µm,coccus-shaped,0.0,,positive,17685,32285,1,,2017-12-01 12:54:15
4350,02-15,2.0,15.0,µm,0.5,0.5,0.5,µm,rod-shaped,1.0,,variable,16847,32338,1,,2017-12-01 12:54:15
4351,4.5,4.5,4.5,µm,0.6,0.6,0.6,µm,rod-shaped,0.0,,negative,16902,29060,1,,2017-12-01 12:54:15
4352,1.4,1.4,1.4,µm,0.4,0.4,0.4,µm,rod-shaped,1.0,,negative,14262,29228,1,,2017-12-01 12:54:15
4353,3,3.0,3.0,µm,0.5,0.5,0.5,µm,rod-shaped,,,negative,134293,32293,1,,2017-12-01 12:54:15
4354,2.25-2.80,2.25,2.8,µm,1.80-2.25,1.8,2.25,µm,rod-shaped,0.0,,negative,5875,32543,1,,2017-12-01 12:54:15
4355,2,2.0,2.0,µm,0.7,0.7,0.7,µm,rod-shaped,0.0,,negative,12557,32300,1,,2017-12-01 12:54:15
4356,1.5,1.5,1.5,µm,0.6-0.7,0.6,0.7,µm,rod-shaped,0.0,,negative,133671,30054,1,,2017-12-01 12:54:15
4357,2.1,2.1,2.1,µm,0.45,0.45,0.45,µm,rod-shaped,1.0,gliding,negative,5485,32280,1,,2017-12-01 12:54:15
4358,1.1,1.1,1.1,µm,0.5,0.5,0.5,µm,rod-shaped,0.0,,positive,16808,28890,1,,2017-12-01 12:54:15
4359,1.75,1.75,1.75,µm,0.85,0.85,0.85,µm,rod-shaped,1.0,,negative,11330,32422,1,,2017-12-01 12:54:15
4360,1.6-3.4,1.6,3.4,µm,0.4-0.7,0.4,0.7,µm,rod-shaped,1.0,,negative,13777,32502,1,,2017-12-01 12:54:15
4361,,,,,,,,,rod-shaped,1.0,,positive,14043,32376,1,,2017-12-01 12:54:15
4362,1.25,1.25,1.25,µm,0.65,0.65,0.65,µm,rod-shaped,0.0,,negative,14165,28970,1,,2017-12-01 12:54:15
4363,1.5,1.5,1.5,µm,1,1.0,1.0,µm,ovoid-shaped,0.0,,positive,6271,32308,1,,2017-12-01 12:54:15
4364,0.9,0.9,0.9,µm,0.65,0.65,0.65,µm,rod-shaped,0.0,,negative,134294,32299,1,,2017-12-01 12:54:15
4365,11.8,11.8,11.8,µm,1.15,1.15,1.15,µm,rod-shaped,0.0,,negative,133425,28897,1,,2017-12-01 12:54:15
4366,1,1.0,1.0,µm,0.5,0.5,0.5,µm,rod-shaped,0.0,,negative,5695,32296,1,,2017-12-01 12:54:15
4367,3.5-4.7,3.5,4.7,µm,0.5-0.9,0.5,0.9,µm,rod-shaped,0.0,,positive,134325,32446,1,,2017-12-01 12:54:15
4368,1.1,1.1,1.1,µm,0.5,0.5,0.5,µm,rod-shaped,1.0,,negative,16896,29094,1,,2017-12-01 12:54:15
4369,,,,,0.5,0.5,0.5,µm,coccus-shaped,0.0,,positive,6305,32302,1,,2017-12-01 12:54:15
4370,5.75,5.75,5.75,µm,0.6,0.6,0.6,µm,rod-shaped,0.0,,positive,11133,32290,1,,2017-12-01 12:54:15
4371,0.5-1.7,0.5,1.7,µm,0.35-0.74,0.35,0.74,µm,rod-shaped,,,positive,192,28916,1,,2017-12-01 12:54:15
4372,2.5-6.0,2.5,6.0,µm,0.8-1.5,0.8,1.5,µm,rod-shaped,1.0,,positive,2849,28932,1,,2017-12-01 12:54:15
4373,0.975,0.98,0.98,µm,0.8,0.8,0.8,µm,coccus-shaped,0.0,,positive,8593,29301,1,,2017-12-01 12:54:15
4374,,,,,,,,,rod-shaped,0.0,,positive,7445,28983,1,,2017-12-01 12:54:15
4375,1.5,1.5,1.5,µm,0.65,0.65,0.65,µm,rod-shaped,1.0,,negative,6169,32428,1,,2017-12-01 12:54:15
4376,1.6-3.2,1.6,3.2,µm,0.4-0.6,0.4,0.6,µm,rod-shaped,1.0,gliding,negative,5573,32577,1,,2017-12-01 12:54:15
4377,0.8-1.6,0.8,1.6,µm,0.3-0.5,0.3,0.5,µm,rod-shaped,0.0,,negative,17514,32554,1,,2017-12-01 12:54:15
4378,2-3.5,2.0,3.5,µm,0.9-1.5,0.9,1.5,µm,rod-shaped,1.0,,negative,2461,32433,1,,2017-12-01 12:54:15
4379,1.75,1.75,1.75,µm,0.5,0.5,0.5,µm,rod-shaped,1.0,,negative,4164,28900,1,,2017-12-01 12:54:15
4380,,,,,,,,,,0.0,,positive,16464,29266,1,,2017-12-01 12:54:15
4381,2-2.5,2.0,2.5,µm,0.5-0.7,0.5,0.7,µm,rod-shaped,1.0,,negative,13633,31192,1,,2017-12-01 12:54:15
4382,0.5-0.8,0.5,0.8,µm,0.3-0.6,0.3,0.6,µm,rod-shaped,0.0,,positive,7515,32503,1,,2017-12-01 12:54:15
4383,0.87,0.87,0.87,µm,0.49,0.49,0.49,µm,,,,positive,24234,29309,1,,2017-12-01 12:54:15
4384,0.9,0.9,0.9,µm,0.45,0.45,0.45,µm,,,,positive,133523,29309,1,,2017-12-01 12:54:15
4385,1.75,1.75,1.75,µm,0.65,0.65,0.65,µm,rod-shaped,0.0,,negative,5702,32310,1,,2017-12-01 12:54:15
4386,1.1,1.1,1.1,µm,0.6,0.6,0.6,µm,rod-shaped,0.0,,negative,17759,32318,1,,2017-12-01 12:54:15
4387,1.5,1.5,1.5,µm,1.05,1.05,1.05,µm,rod-shaped,0.0,,negative,13565,32352,1,,2017-12-01 12:54:15
4388,0.7,0.7,0.7,µm,0.35,0.35,0.35,µm,rod-shaped,0.0,,positive,7448,29408,1,,2017-12-01 12:54:15
4389,,,,,,,,,,0.0,,positive,11232,32404,1,,2017-12-01 12:54:15
4390,,,,,0.9-1.3,0.9,1.3,µm,coccus-shaped,0.0,,positive,12628,32453,1,,2017-12-01 12:54:15
4391,,,,,,,,,rod-shaped,0.0,,positive,11159,32524,1,,2017-12-01 12:54:15
4392,,,,,,,,,coccus-shaped,0.0,,positive,7662,32328,1,,2017-12-01 12:54:15
4393,0.61,0.61,0.61,µm,0.3-0.5,0.3,0.5,µm,rod-shaped,1.0,,negative,17663,32337,1,,2017-12-01 12:54:15
4394,3.25,3.25,3.25,µm,0.65,0.65,0.65,µm,rod-shaped,0.0,,negative,5645,32408,1,,2017-12-01 12:54:15
4395,2.35,2.35,2.35,µm,0.8,0.8,0.8,µm,rod-shaped,0.0,,negative,6067,32327,1,,2017-12-01 12:54:15
4396,1.85,1.85,1.85,µm,0.45,0.45,0.45,µm,rod-shaped,0.0,,negative,6068,32386,1,,2017-12-01 12:54:15
4397,3.5,3.5,3.5,µm,0.5,0.5,0.5,µm,rod-shaped,1.0,,negative,17906,32355,1,,2017-12-01 12:54:15
4398,1.65,1.65,1.65,µm,0.55,0.55,0.55,µm,ovoid-shaped,1.0,,negative,2139,32164,1,,2017-12-01 12:54:15
4399,3,3.0,3.0,µm,1.3,1.3,1.3,µm,rod-shaped,1.0,,negative,6056,29505,1,,2017-12-01 12:54:15
4400,0.6-0.9,0.6,0.9,µm,0.2-0.5,0.2,0.5,µm,rod-shaped,1.0,gliding,negative,17498,29584,1,,2017-12-01 12:54:15
4401,0.9,0.9,0.9,µm,0.4,0.4,0.4,µm,rod-shaped,1.0,,positive,11146,29218,1,,2017-12-01 12:54:15
4402,0.8-1.0,0.8,1.0,µm,0.8-1.0,0.8,1.0,µm,coccus-shaped,1.0,,negative,133445,29022,1,,2017-12-01 12:54:15
4403,,,,,,,,,rod-shaped,1.0,,negative,17927,28895,1,,2017-12-01 12:54:15
4404,0.8-1,0.8,1.0,µm,0.5,0.5,0.5,µm,rod-shaped,0.0,,negative,17469,32556,1,,2017-12-01 12:54:15
4405,02-09,2.0,9.0,µm,0.8,0.8,0.8,µm,rod-shaped,0.0,,positive,134367,32628,1,,2017-12-01 12:54:15
4406,2.5,2.5,2.5,µm,0.9,0.9,0.9,µm,rod-shaped,1.0,,variable,133429,28915,1,,2017-12-01 12:54:15
4407,01-02,1.0,2.0,µm,0.5,0.5,0.5,µm,rod-shaped,1.0,,negative,10508,32607,1,,2017-12-01 12:54:15
4408,1-1.6,1.0,1.6,µm,0.2-0.5,0.2,0.5,µm,rod-shaped,1.0,,negative,10526,32601,1,,2017-12-01 12:54:15
4409,1.2-1.8,1.2,1.8,µm,0.6-0.9,0.6,0.9,µm,rod-shaped,0.0,,positive,11143,32644,1,,2017-12-01 12:54:15
4410,25,25.0,25.0,µm,0.85,0.85,0.85,µm,rod-shaped,0.0,,negative,3834,32346,1,,2017-12-01 12:54:15
4411,2.55,2.55,2.55,µm,1.25,1.25,1.25,µm,rod-shaped,0.0,,positive,134313,32380,1,,2017-12-01 12:54:15
4412,2.3,2.3,2.3,µm,1.5,1.5,1.5,µm,rod-shaped,0.0,,positive,134314,32380,1,,2017-12-01 12:54:15
4413,2.9,2.9,2.9,µm,1.5,1.5,1.5,µm,rod-shaped,0.0,,positive,134315,32380,1,,2017-12-01 12:54:15
4414,,,,,2.4,2.4,2.4,µm,coccus-shaped,0.0,,positive,134316,32380,1,,2017-12-01 12:54:15
4415,2.6,2.6,2.6,µm,1,1.0,1.0,µm,rod-shaped,1.0,,negative,5243,29192,1,,2017-12-01 12:54:15
4416,1.75,1.75,1.75,µm,0.75,0.75,0.75,µm,rod-shaped,0.0,,negative,134319,32423,1,,2017-12-01 12:54:15
4417,1.2,1.2,1.2,µm,0.7,0.7,0.7,µm,rod-shaped,1.0,,negative,3020,29439,1,,2017-12-01 12:54:15
4418,,,,,1,1.0,1.0,µm,coccus-shaped,1.0,,negative,5972,29432,1,,2017-12-01 12:54:15
4419,3,3.0,3.0,µm,0.7,0.7,0.7,µm,rod-shaped,,,negative,14113,32616,1,,2017-12-01 12:54:15
4420,1.6-2,1.6,2.0,µm,0.5-0.8,0.5,0.8,µm,rod-shaped,0.0,,negative,490,32457,1,,2017-12-01 12:54:15
4421,,,,,,,,,rod-shaped,0.0,,negative,14251,32462,1,,2017-12-01 12:54:15
4422,1.75,1.75,1.75,µm,0.9,0.9,0.9,µm,rod-shaped,0.0,,negative,13727,32603,1,,2017-12-01 12:54:15
4423,,,,,,,,,rod-shaped,1.0,,negative,441,32532,1,,2017-12-01 12:54:15
4424,1.5,1.5,1.5,µm,0.25,0.25,0.25,µm,rod-shaped,0.0,,negative,5732,32515,1,,2017-12-01 12:54:15
4425,,,,,,,,,coccus-shaped,1.0,,positive,134344,32549,1,,2017-12-01 12:54:15
4426,2.8,2.8,2.8,µm,0.8,0.8,0.8,µm,rod-shaped,0.0,,negative,134305,32340,1,,2017-12-01 12:54:15
4427,0.6-1,0.6,1.0,µm,0.4-0.7,0.4,0.7,µm,rod-shaped,1.0,,negative,6070,32400,1,,2017-12-01 12:54:15
4428,1.3-1.5,1.3,1.5,µm,0.3-0.5,0.3,0.5,µm,rod-shaped,1.0,,negative,134326,32454,1,,2017-12-01 12:54:15
4429,0.9,0.9,0.9,µm,0.5,0.5,0.5,µm,rod-shaped,0.0,,negative,5694,32652,1,,2017-12-01 12:54:15
4430,,,,,,,,,rod-shaped,,,positive,13466,29265,1,,2017-12-01 12:54:15
4431,0.95,0.95,0.95,µm,0.5,0.5,0.5,µm,rod-shaped,1.0,,negative,1650,30601,1,,2017-12-01 12:54:15
4432,1.5-3.0,1.5,3.0,µm,0.9,0.9,0.9,µm,rod-shaped,1.0,,negative,5010,29239,1,,2017-12-01 12:54:15
4433,1.2-2.5,1.2,2.5,µm,0.9,0.9,0.9,µm,rod-shaped,1.0,,negative,5008,29239,1,,2017-12-01 12:54:15
4434,1.5-3.0,1.5,3.0,µm,0.9,0.9,0.9,µm,rod-shaped,1.0,,negative,5009,29239,1,,2017-12-01 12:54:15
4435,1.5-3.0,1.5,3.0,µm,0.9,0.9,0.9,µm,,1.0,,negative,5011,29239,1,,2017-12-01 12:54:15
4436,5.35,5.35,5.35,µm,2.25,2.25,2.25,µm,rod-shaped,1.0,,negative,11331,32389,1,,2017-12-01 12:54:15
4437,,,,,,,,,,0.0,,positive,13467,32466,1,,2017-12-01 12:54:15
4438,1.0-2.0,1.0,2.0,µm,0.4-0.5,0.4,0.5,µm,rod-shaped,,,negative,6196,28971,1,,2017-12-01 12:54:15
4439,0.7,0.7,0.7,µm,0.45,0.45,0.45,µm,rod-shaped,1.0,,negative,17787,29276,1,,2017-12-01 12:54:15
4440,0.9-2.0,0.9,2.0,µm,0.4-0.5,0.4,0.5,µm,rod-shaped,0.0,,negative,17905,29083,1,,2017-12-01 12:54:15
4441,15.35,15.35,15.35,µm,0.25,0.25,0.25,µm,rod-shaped,0.0,,negative,17764,29073,1,,2017-12-01 12:54:15
4442,13.75,13.75,13.75,µm,0.6,0.6,0.6,µm,rod-shaped,0.0,,negative,131179,29536,1,,2017-12-01 12:54:15
4443,,,,,,,,,,0.0,,positive,13473,29555,1,,2017-12-01 12:54:15
4444,,,,,,,,,coccus-shaped,,,positive,7759,29104,1,,2017-12-01 12:54:15
4445,,,,,,,,,rod-shaped,0.0,,positive,10813,32429,1,,2017-12-01 12:54:15
4446,2.6,2.6,2.6,µm,0.7,0.7,0.7,µm,rod-shaped,0.0,,negative,17739,32479,1,,2017-12-01 12:54:15
4447,1.6,1.6,1.6,µm,0.7,0.7,0.7,µm,rod-shaped,1.0,,negative,1640,29354,1,,2017-12-01 12:54:15
4448,1.8,1.8,1.8,µm,0.55,0.55,0.55,µm,rod-shaped,0.0,,negative,14194,29182,1,,2017-12-01 12:54:15
4449,2.5,2.5,2.5,µm,0.7,0.7,0.7,µm,rod-shaped,1.0,,positive,11447,32418,1,,2017-12-01 12:54:15
4450,1.3,1.3,1.3,µm,0.45,0.45,0.45,µm,rod-shaped,,,negative,133545,29441,1,,2017-12-01 12:54:15
4451,02-03,2.0,3.0,µm,0.2-0.4,0.2,0.4,µm,rod-shaped,0.0,,negative,5714,32510,1,,2017-12-01 12:54:15
4452,2.5,2.5,2.5,µm,0.45,0.45,0.45,µm,rod-shaped,0.0,,negative,14111,28877,1,,2017-12-01 12:54:15
4453,1.85,1.85,1.85,µm,0.4,0.4,0.4,µm,rod-shaped,0.0,,negative,14112,28921,1,,2017-12-01 12:54:15
4454,2,2.0,2.0,µm,0.45,0.45,0.45,µm,rod-shaped,0.0,,negative,14110,28877,1,,2017-12-01 12:54:15
4455,1,1.0,1.0,µm,0.4,0.4,0.4,µm,rod-shaped,1.0,,negative,1982,32441,1,,2017-12-01 12:54:15
4456,5.5,5.5,5.5,µm,0.45,0.45,0.45,µm,rod-shaped,0.0,,negative,133486,29172,1,,2017-12-01 12:54:15
4457,,,,,,,,,rod-shaped,1.0,,positive,11974,28957,1,,2017-12-01 12:54:15
4458,1.05,1.05,1.05,µm,0.65,0.65,0.65,µm,rod-shaped,1.0,,negative,5168,29013,1,,2017-12-01 12:54:15
4459,2-7.5,2.0,7.5,µm,0.5-0.7,0.5,0.7,µm,rod-shaped,1.0,,positive,2850,32527,1,,2017-12-01 12:54:15
4460,2.75,2.75,2.75,µm,0.9,0.9,0.9,µm,rod-shaped,1.0,,positive,1285,28892,1,,2017-12-01 12:54:15
4461,1.75,1.75,1.75,µm,0.3,0.3,0.3,µm,rod-shaped,1.0,gliding,negative,5570,32470,1,,2017-12-01 12:54:15
4462,1.1,1.1,1.1,µm,0.45,0.45,0.45,µm,rod-shaped,1.0,,positive,11668,29059,1,,2017-12-01 12:54:15
4463,0.9,0.9,0.9,µm,0.7,0.7,0.7,µm,rod-shaped,0.0,,negative,13163,32574,1,,2017-12-01 12:54:15
4464,1.25,1.25,1.25,µm,0.8,0.8,0.8,µm,rod-shaped,0.0,,negative,134347,32563,1,,2017-12-01 12:54:15
4465,2.15,2.15,2.15,µm,0.75,0.75,0.75,µm,rod-shaped,1.0,,negative,133482,29154,1,,2017-12-01 12:54:15
4466,1.4-1.8,1.4,1.8,µm,0.8-1,0.8,1.0,µm,rod-shaped,1.0,,negative,134338,32525,1,,2017-12-01 12:54:15
4467,2,2.0,2.0,µm,0.4,0.4,0.4,µm,rod-shaped,1.0,,negative,13638,29143,1,,2017-12-01 12:54:15
4468,2,2.0,2.0,µm,0.45,0.45,0.45,µm,rod-shaped,,,negative,11895,29149,1,,2017-12-01 12:54:15
4469,1,1.0,1.0,µm,0.5-0.8,0.5,0.8,µm,rod-shaped,0.0,,positive,6672,32497,1,,2017-12-01 12:54:15
4470,0.3-0.9,0.3,0.9,µm,0.2-0.5,0.2,0.5,µm,rod-shaped,1.0,,negative,14286,29718,1,,2017-12-01 12:54:15
4471,2-3.5,2.0,3.5,µm,0.5,0.5,0.5,µm,rod-shaped,,,positive,11633,32468,1,,2017-12-01 12:54:15
4472,1.5,1.5,1.5,µm,0.65,0.65,0.65,µm,rod-shaped,1.0,,negative,130765,29211,1,,2017-12-01 12:54:15
4473,1.3-1.7,1.3,1.7,µm,0.8-1,0.8,1.0,µm,rod-shaped,0.0,,negative,6060,32570,1,,2017-12-01 12:54:15
4474,,,,,,,,,rod-shaped,1.0,,negative,272,32344,1,,2017-12-01 12:54:15
4475,,,,,0.65-0.85,0.65,0.85,µm,coccus-shaped,0.0,,negative,17181,31200,1,,2017-12-01 12:54:15
4476,,,,,,,,,rod-shaped,1.0,,variable,11634,32544,1,,2017-12-01 12:54:15
4477,,,,,,,,,rod-shaped,0.0,,negative,23285,30603,1,,2017-12-01 12:54:15
4478,2.15,2.15,2.15,µm,0.65,0.65,0.65,µm,rod-shaped,0.0,,negative,14135,29137,1,,2017-12-01 12:54:15
4479,2.5,2.5,2.5,µm,0.8,0.8,0.8,µm,rod-shaped,0.0,,negative,5579,29321,1,,2017-12-01 12:54:15
4480,2.5,2.5,2.5,µm,0.6,0.6,0.6,µm,rod-shaped,0.0,,negative,14114,29080,1,,2017-12-01 12:54:15
4481,1.75,1.75,1.75,µm,0.4,0.4,0.4,µm,rod-shaped,1.0,,negative,10453,32490,1,,2017-12-01 12:54:15
4482,0.8-3,0.8,3.0,µm,0.7,0.7,0.7,µm,rod-shaped,0.0,,negative,12560,32539,1,,2017-12-01 12:54:15
4483,1,1.0,1.0,µm,0.45,0.45,0.45,µm,rod-shaped,0.0,,positive,1739,28974,1,,2017-12-01 12:54:15
4484,02-04,2.0,4.0,µm,0.6-1,0.6,1.0,µm,rod-shaped,0.0,,negative,5735,32658,1,,2017-12-01 12:54:15
4485,3.0-6.0,3.0,6.0,µm,0.4-1.0,0.4,1.0,µm,rod-shaped,0.0,,negative,23019,28988,1,,2017-12-01 12:54:15
4486,02-07,2.0,7.0,µm,1,1.0,1.0,µm,rod-shaped,,,negative,5048,31185,1,,2017-12-01 12:54:15
4487,1-1.5,1.0,1.5,µm,0.4-0.6,0.4,0.6,µm,ovoid-shaped,0.0,,positive,435,31191,1,,2017-12-01 12:54:15
4488,1.3,1.3,1.3,µm,0.65,0.65,0.65,µm,rod-shaped,0.0,,negative,134362,32617,1,,2017-12-01 12:54:15
4489,1.75,1.75,1.75,µm,0.85,0.85,0.85,µm,rod-shaped,1.0,,negative,13169,32662,1,,2017-12-01 12:54:15
4490,1-2.5,1.0,2.5,µm,0.5-0.6,0.5,0.6,µm,rod-shaped,1.0,,negative,134351,32580,1,,2017-12-01 12:54:15
4491,1.6,1.6,1.6,µm,0.85,0.85,0.85,µm,rod-shaped,0.0,,positive,11136,32618,1,,2017-12-01 12:54:15
4492,03-08,3.0,8.0,µm,0.6-1.2,0.6,1.2,µm,rod-shaped,1.0,,positive,1559,32538,1,,2017-12-01 12:54:15
4493,0.8-10,0.8,10.0,µm,0.2-0.4,0.2,0.4,µm,rod-shaped,0.0,,negative,134341,32541,1,,2017-12-01 12:54:15
4494,2.15,2.15,2.15,µm,0.45,0.45,0.45,µm,rod-shaped,1.0,,negative,130621,32540,1,,2017-12-01 12:54:15
4495,2,2.0,2.0,µm,1,1.0,1.0,µm,rod-shaped,1.0,,negative,13668,29344,1,,2017-12-01 12:54:15
4496,8.25,8.25,8.25,µm,0.35,0.35,0.35,µm,rod-shaped,0.0,,negative,17692,28881,1,,2017-12-01 12:54:15
4497,1.75,1.75,1.75,µm,1.15,1.15,1.15,µm,rod-shaped,1.0,,negative,133780,30473,1,,2017-12-01 12:54:15
4498,1.5-15,1.5,15.0,µm,0.5-2.5,0.5,2.5,µm,rod-shaped,0.0,,negative,17711,30209,1,,2017-12-01 12:54:15
4499,2.7,2.7,2.7,µm,0.5,0.5,0.5,µm,rod-shaped,0.0,,negative,496,28941,1,,2017-12-01 12:54:15
4500,1.1,1.1,1.1,µm,0.45,0.45,0.45,µm,rod-shaped,1.0,,negative,133506,29224,1,,2017-12-01 12:54:15
4501,02-04,2.0,4.0,µm,0.4-0.5,0.4,0.5,µm,rod-shaped,1.0,,negative,4298,32537,1,,2017-12-01 12:54:15
4502,1.4,1.4,1.4,µm,0.6,0.6,0.6,µm,rod-shaped,1.0,,negative,133553,29485,1,,2017-12-01 12:54:15
4503,,,,,,,,,,,,positive,16467,29391,1,,2017-12-01 12:54:15
4504,1.8-6.8,1.8,6.8,µm,0.9-1.4,0.9,1.4,µm,rod-shaped,1.0,,variable,11626,32613,1,,2017-12-01 12:54:15
4505,3,3.0,3.0,µm,0.55,0.55,0.55,µm,rod-shaped,1.0,,negative,130339,28919,1,,2017-12-01 12:54:15
4506,1.0-2.5,1.0,2.5,µm,,,,,rod-shaped,1.0,,negative,133419,28884,1,,2017-12-01 12:54:15
4508,2.5,2.5,2.5,µm,0.35,0.35,0.35,µm,rod-shaped,1.0,,negative,133499,29203,1,,2017-12-01 12:54:15
4509,3,3.0,3.0,µm,0.4,0.4,0.4,µm,rod-shaped,1.0,,negative,133764,30433,1,,2017-12-01 12:54:15
4510,,,,,,,,,rod-shaped,1.0,,,133501,29206,1,,2017-12-01 12:54:15
4511,,,,,,,,,rod-shaped,1.0,,,133502,29206,1,,2017-12-01 12:54:15
4512,0.85,0.85,0.85,µm,0.28,0.28,0.28,µm,rod-shaped,1.0,,negative,133517,29262,1,,2017-12-01 12:54:15
4513,1.8-2.7,1.8,2.7,µm,0.63-0.64,0.63,0.64,µm,rod-shaped,1.0,,positive,23706,29542,1,,2017-12-01 12:54:15
4514,,,,,,,,,,,,positive,8008,29444,1,,2017-12-01 12:54:15
4515,,,,,,,,,rod-shaped,,,positive,5843,31187,1,,2017-12-01 12:54:15
4516,,,,,,,,,,,,positive,5847,31211,1,,2017-12-01 12:54:15
4517,,,,,,,,,,,,positive,16466,29381,1,,2017-12-01 12:54:15
4518,0.8-1.1,0.8,1.1,µm,0.5-0.6,0.5,0.6,µm,rod-shaped,1.0,,negative,6063,29003,1,,2017-12-01 12:54:15
4519,2,2.0,2.0,µm,0.9,0.9,0.9,µm,rod-shaped,1.0,,negative,133968,30973,1,,2017-12-01 12:54:15
4520,5.5,5.5,5.5,µm,1.25,1.25,1.25,µm,,0.0,,negative,24517,29347,1,,2017-12-01 12:54:15
4521,2,2.0,2.0,µm,0.5,0.5,0.5,µm,rod-shaped,1.0,gliding,negative,17496,32623,1,,2017-12-01 12:54:15
4522,1.15,1.15,1.15,µm,0.35,0.35,0.35,µm,coccus-shaped,0.0,,positive,7447,29157,1,,2017-12-01 12:54:15
4523,0.5-7,0.5,7.0,µm,0.3-0.5,0.3,0.5,µm,ovoid-shaped,0.0,,negative,132172,32575,1,,2017-12-01 12:54:15
4524,,,,,,,,,rod-shaped,,,positive,8578,28917,1,,2017-12-01 12:54:15
4525,,,,,,,,,coccus-shaped,0.0,,positive,14681,32599,1,,2017-12-01 12:54:15
4526,1.2-1.4,1.2,1.4,µm,0.4-0.5,0.4,0.5,µm,rod-shaped,1.0,gliding,negative,5738,32598,1,,2017-12-01 12:54:15
4527,3.85,3.85,3.85,µm,0.4,0.4,0.4,µm,rod-shaped,1.0,gliding,negative,5615,29396,1,,2017-12-01 12:54:15
4528,3.75,3.75,3.75,µm,0.6,0.6,0.6,µm,rod-shaped,,,negative,133484,29163,1,,2017-12-01 12:54:15
4529,1.75,1.75,1.75,µm,0.5,0.5,0.5,µm,rod-shaped,0.0,,negative,133487,29173,1,,2017-12-01 12:54:15
4530,1.8-3.3,1.8,3.3,µm,0.4-0.7,0.4,0.7,µm,rod-shaped,1.0,,negative,133451,29030,1,,2017-12-01 12:54:15
4531,4.15,4.15,4.15,µm,0.72,0.72,0.72,µm,rod-shaped,1.0,,variable,24281,29382,1,,2017-12-01 12:54:15
4532,0.98,0.98,0.98,µm,0.52,0.52,0.52,µm,,,,positive,8582,29309,1,,2017-12-01 12:54:15
4533,,,,,0.8,0.8,0.8,µm,coccus-shaped,0.0,,negative,17073,29476,1,,2017-12-01 12:54:15
4534,1.35,1.35,1.35,µm,0.65,0.65,0.65,µm,rod-shaped,1.0,,negative,13173,28912,1,,2017-12-01 12:54:15
4535,,,,,0.9,0.9,0.9,µm,coccus-shaped,0.0,,positive,133498,29201,1,,2017-12-01 12:54:15
4536,1.5,1.5,1.5,µm,0.45,0.45,0.45,µm,rod-shaped,0.0,,negative,133459,29064,1,,2017-12-01 12:54:15
4537,1.5,1.5,1.5,µm,0.5,0.5,0.5,µm,rod-shaped,1.0,,negative,10500,29238,1,,2017-12-01 12:54:15
4538,,,,,,,,,,1.0,,negative,10509,29240,1,,2017-12-01 12:54:15
4539,2,2.0,2.0,µm,0.55,0.55,0.55,µm,rod-shaped,1.0,,negative,13639,29754,1,,2017-12-01 12:54:15
4540,1.0-1.2,1.0,1.2,µm,0.5-0.6,0.5,0.6,µm,rod-shaped,0.0,,negative,133682,30135,1,,2017-12-01 12:54:15
4541,2.25,2.25,2.25,µm,0.9,0.9,0.9,µm,rod-shaped,0.0,,negative,133857,30689,1,,2017-12-01 12:54:15
4542,2.5,2.5,2.5,µm,0.35,0.35,0.35,µm,rod-shaped,0.0,,negative,5479,29016,1,,2017-12-01 12:54:15
4543,1.7,1.7,1.7,µm,0.45,0.45,0.45,µm,rod-shaped,1.0,,negative,133464,29072,1,,2017-12-01 12:54:15
4544,0.9,0.9,0.9,µm,0.7,0.7,0.7,µm,ovoid-shaped,0.0,,negative,133456,29046,1,,2017-12-01 12:54:15
4545,1,1.0,1.0,µm,0.35,0.35,0.35,µm,rod-shaped,0.0,,negative,133521,29300,1,,2017-12-01 12:54:15
4546,1.5-3,1.5,3.0,µm,0.5-0.8,0.5,0.8,µm,rod-shaped,1.0,,negative,134085,31195,1,,2017-12-01 12:54:15
4547,1-2.5,1.0,2.5,µm,0.4-0.8,0.4,0.8,µm,rod-shaped,1.0,,negative,134086,31195,1,,2017-12-01 12:54:15
4548,1.4-2,1.4,2.0,µm,0.5-0.6,0.5,0.6,µm,rod-shaped,0.0,,negative,17470,31186,1,,2017-12-01 12:54:15
4549,0.6,0.6,0.6,µm,0.5,0.5,0.5,µm,ovoid-shaped,0.0,,positive,7634,29364,1,,2017-12-01 12:54:15
4550,1.5,1.5,1.5,µm,0.75,0.75,0.75,µm,rod-shaped,0.0,,negative,17785,28882,1,,2017-12-01 12:54:15
4551,2.8,2.8,2.8,µm,0.3,0.3,0.3,µm,rod-shaped,0.0,,negative,133458,29061,1,,2017-12-01 12:54:15
4552,1.25,1.25,1.25,µm,0.75,0.75,0.75,µm,rod-shaped,1.0,,negative,133605,29716,1,,2017-12-01 12:54:15
4553,1-1.6,1.0,1.6,µm,0.5-0.6,0.5,0.6,µm,rod-shaped,1.0,,negative,133579,29638,1,,2017-12-01 12:54:15
4555,1,1.0,1.0,µm,0.5,0.5,0.5,µm,rod-shaped,0.0,,negative,133522,29307,1,,2017-12-01 12:54:15
4556,1.8,1.8,1.8,µm,0.7,0.7,0.7,µm,rod-shaped,0.0,,negative,133418,28880,1,,2017-12-01 12:54:15
4557,,,0.0,,,,,,,0.0,,positive,13267,28874,1,,2017-12-01 12:54:15
4558,,,,,,,,,rod-shaped,0.0,,negative,11756,29141,1,,2017-12-01 12:54:15
4559,,,,,0.5,0.5,0.5,µm,coccus-shaped,0.0,,positive,6304,29835,1,,2017-12-01 12:54:15
4560,1.2,1.2,1.2,µm,0.5,0.5,0.5,µm,rod-shaped,0.0,,negative,17520,28928,1,,2017-12-01 12:54:15
4561,1.45,1.45,1.45,µm,0.4,0.4,0.4,µm,rod-shaped,0.0,,negative,24039,31113,1,,2017-12-01 12:54:15
4562,1.4,1.4,1.4,µm,0.58,0.58,0.58,µm,rod-shaped,1.0,,negative,14164,32654,1,,2017-12-01 12:54:15
4563,5.5,5.5,5.5,µm,0.6,0.6,0.6,µm,rod-shaped,0.0,,negative,24514,28875,1,,2017-12-01 12:54:15
4564,2.6,2.6,2.6,µm,0.8,0.8,0.8,µm,rod-shaped,0.0,,negative,13778,32656,1,,2017-12-01 12:54:15
4565,4.5,4.5,4.5,µm,0.35,0.35,0.35,µm,rod-shaped,0.0,,positive,17656,29183,1,,2017-12-01 12:54:15
4566,2.5,2.5,2.5,µm,0.6,0.6,0.6,µm,rod-shaped,0.0,,positive,17655,29183,1,,2017-12-01 12:54:15
4567,1.2-2.4,1.2,2.4,µm,0.7-1.2,0.7,1.2,µm,,1.0,,negative,13858,32648,1,,2017-12-01 12:54:15
4568,1.55,1.55,1.55,µm,0.65,0.65,0.65,µm,rod-shaped,1.0,,negative,2957,28923,1,,2017-12-01 12:54:15
4569,2,2.0,2.0,µm,1,1.0,1.0,µm,rod-shaped,0.0,,negative,5180,29388,1,,2017-12-01 12:54:15
4570,1-6,1.0,6.0,µm,,,,,rod-shaped,0.0,,variable,17127,31206,1,,2017-12-01 12:54:15
4571,2,2.0,2.0,µm,0.55,0.55,0.55,µm,rod-shaped,1.0,,negative,133452,29033,1,,2017-12-01 12:54:15
4572,1.175,1.18,1.18,µm,0.625,0.62,0.62,µm,rod-shaped,0.0,,positive,7355,29040,1,,2017-12-01 12:54:15
4573,2,2.0,2.0,µm,0.975,0.98,0.98,µm,ovoid-shaped,0.0,,negative,2909,29142,1,,2017-12-01 12:54:15
4574,2.05,2.05,2.05,µm,0.55,0.55,0.55,µm,rod-shaped,0.0,,negative,5705,29291,1,,2017-12-01 12:54:15
4575,1.8,1.8,1.8,µm,0.6,0.6,0.6,µm,rod-shaped,0.0,,negative,5706,29291,1,,2017-12-01 12:54:15
4576,1.8-2.5,1.8,2.5,µm,0.4-0.8,0.4,0.8,µm,rod-shaped,0.0,,negative,134376,32661,1,,2017-12-01 12:54:15
4577,1.8-3.5,1.8,3.5,µm,0.7-1,0.7,1.0,µm,rod-shaped,1.0,,positive,1409,31181,1,,2017-12-01 12:54:15
4578,2.5-4.0,2.5,4.0,µm,0.3-0.4,0.3,0.4,µm,rod-shaped,0.0,,negative,133453,29036,1,,2017-12-01 12:54:15
4579,3.1,3.1,3.1,µm,0.7,0.7,0.7,µm,rod-shaped,0.0,,positive,133423,28893,1,,2017-12-01 12:54:15
4580,,,,,,,,,rod-shaped,0.0,,negative,3822,28949,1,,2017-12-01 12:54:15
4581,3.5,3.5,3.5,µm,0.8,0.8,0.8,µm,rod-shaped,0.0,,negative,3810,28950,1,,2017-12-01 12:54:15
4582,,,,,,,,,,1.0,,positive,11440,29400,1,,2017-12-01 12:54:15
4583,1.4-15,1.4,15.0,µm,0.2-0.4,0.2,0.4,µm,spiral-shaped,1.0,,negative,11277,29125,1,,2017-12-01 12:54:15
4584,,,,,,,,,rod-shaped,0.0,,positive,4261,31198,1,,2017-12-01 12:54:15
4585,,,,,,,,,rod-shaped,0.0,,positive,4260,31198,1,,2017-12-01 12:54:15
4586,2.45,2.45,2.45,µm,0.7,0.7,0.7,µm,rod-shaped,0.0,,negative,17448,29092,1,,2017-12-01 12:54:15
4587,1.9,1.9,1.9,µm,0.4,0.4,0.4,µm,rod-shaped,0.0,,negative,17495,28889,1,,2017-12-01 12:54:15
4588,0.9,0.9,0.9,µm,0.5,0.5,0.5,µm,rod-shaped,0.0,,positive,3067,29599,1,,2017-12-01 12:54:15
4589,2.5,2.5,2.5,µm,0.8,0.8,0.8,µm,rod-shaped,1.0,,positive,24783,30579,1,,2017-12-01 12:54:15
4590,7,7.0,7.0,µm,0.45,0.45,0.45,µm,rod-shaped,1.0,,positive,11439,28907,1,,2017-12-01 12:54:15
4591,3,3.0,3.0,µm,0.65,0.65,0.65,µm,rod-shaped,1.0,,positive,11639,28946,1,,2017-12-01 12:54:15
4592,2.5,2.5,2.5,µm,0.6,0.6,0.6,µm,rod-shaped,1.0,,positive,24280,28942,1,,2017-12-01 12:54:15
4593,,,,,,,,,,0.0,,positive,16460,29244,1,,2017-12-01 12:54:15
4594,0.85,0.85,0.85,µm,0.55,0.55,0.55,µm,rod-shaped,1.0,,negative,133509,29233,1,,2017-12-01 12:54:15
4595,3.25,3.25,3.25,µm,0.55,0.55,0.55,µm,rod-shaped,1.0,,negative,3845,29120,1,,2017-12-01 12:54:15
4596,2.5-4.2,2.5,4.2,µm,0.8-1,0.8,1.0,µm,rod-shaped,1.0,,positive,2523,28898,1,,2017-12-01 12:54:15
4597,1.2-1.5,1.2,1.5,µm,,,,,coccus-shaped,0.0,,positive,2871,32584,1,,2017-12-01 12:54:15
4598,,,,,,,,,rod-shaped,,,positive,11238,29670,1,,2017-12-01 12:54:15
4599,3.5,3.5,3.5,µm,0.85,0.85,0.85,µm,rod-shaped,,,negative,12513,28930,1,,2017-12-01 12:54:15
4600,2,2.0,2.0,µm,0.4,0.4,0.4,µm,rod-shaped,0.0,,negative,133516,29259,1,,2017-12-01 12:54:15
4601,,,,,,,,,,0.0,,positive,13512,29199,1,,2017-12-01 12:54:15
4602,,,,,,,,,,,,positive,17015,29849,1,,2017-12-01 12:54:15
4603,1.65,1.65,1.65,µm,0.4,0.4,0.4,µm,rod-shaped,1.0,,negative,5574,29051,1,,2017-12-01 12:54:15
4604,2.75,2.75,2.75,µm,0.7,0.7,0.7,µm,rod-shaped,0.0,,negative,133427,28905,1,,2017-12-01 12:54:15
4605,22.5,22.5,22.5,µm,,,,,rod-shaped,,,negative,17797,29324,1,,2017-12-01 12:54:15
4606,,,,,,,,,,,,positive,8033,30340,1,,2017-12-01 12:54:15
4607,,,,,0.5,0.5,0.5,µm,coccus-shaped,0.0,,variable,133433,28933,1,,2017-12-01 12:54:15
4608,1.6,1.6,1.6,µm,1.6,1.6,1.6,µm,coccus-shaped,0.0,,positive,3893,29035,1,,2017-12-01 12:54:15
4609,0.6-0.8,0.6,0.8,µm,0.3-0.4,0.3,0.4,µm,rod-shaped,0.0,,negative,133565,29551,1,,2017-12-01 12:54:15
4610,3.25,3.25,3.25,µm,0.3,0.3,0.3,µm,rod-shaped,1.0,gliding,negative,133479,29128,1,,2017-12-01 12:54:15
4611,,,,,,,,,,,,positive,17014,29395,1,,2017-12-01 12:54:15
4612,2.15,2.15,2.15,µm,0.65,0.65,0.65,µm,rod-shaped,0.0,,negative,130623,28956,1,,2017-12-01 12:54:15
4613,2.05,2.05,2.05,µm,0.65,0.65,0.65,µm,rod-shaped,0.0,,negative,133431,28920,1,,2017-12-01 12:54:15
4614,,,,,,,,,coccus-shaped,1.0,,positive,5823,29776,1,,2017-12-01 12:54:15
4615,,,,,,,,,,,,positive,13511,29314,1,,2017-12-01 12:54:15
4616,,,,,,,,,,,,positive,11161,29341,1,,2017-12-01 12:54:15
4617,,,,,,,,,,0.0,,positive,17889,29837,1,,2017-12-01 12:54:15
4618,0.9-1.5,0.9,1.5,µm,0.7-0.9,0.7,0.9,µm,ovoid-shaped,1.0,,positive,6860,29498,1,,2017-12-01 12:54:15
4619,1.1-1.3,1.1,1.3,µm,0.6-0.8,0.6,0.8,µm,rod-shaped,1.0,,negative,133432,28929,1,,2017-12-01 12:54:15
4620,0.5,0.5,0.5,µm,0.35,0.35,0.35,µm,,0.0,,positive,11251,29162,1,,2017-12-01 12:54:15
4621,0.8,0.8,0.8,µm,0.55,0.55,0.55,µm,,0.0,,positive,11252,29162,1,,2017-12-01 12:54:15
4622,1.8-2.6,1.8,2.6,µm,0.5-0.7,0.5,0.7,µm,rod-shaped,0.0,,negative,5728,29159,1,,2017-12-01 12:54:15
4623,1.75,1.75,1.75,µm,0.5,0.5,0.5,µm,rod-shaped,1.0,gliding,negative,5503,28984,1,,2017-12-01 12:54:15
4624,3.25,3.25,3.25,µm,0.65,0.65,0.65,µm,rod-shaped,1.0,,negative,133444,29020,1,,2017-12-01 12:54:15
4625,6.6,6.6,6.6,µm,0.95,0.95,0.95,µm,rod-shaped,1.0,,negative,16698,29019,1,,2017-12-01 12:54:15
4626,,,,,,,,,rod-shaped,1.0,,positive,18064,29267,1,,2017-12-01 12:54:15
4627,10-12,10.0,12.0,µm,0.3-0.4,0.3,0.4,µm,rod-shaped,1.0,,negative,14337,31205,1,,2017-12-01 12:54:15
4628,1.1,1.1,1.1,µm,0.85,0.85,0.85,µm,rod-shaped,0.0,,positive,3920,28991,1,,2017-12-01 12:54:15
4629,,,,,0.55,0.55,0.55,µm,coccus-shaped,0.0,,positive,18084,29561,1,,2017-12-01 12:54:15
4630,1,1.0,1.0,µm,0.5,0.5,0.5,µm,rod-shaped,0.0,,positive,1870,29119,1,,2017-12-01 12:54:15
4631,1-3.2,1.0,3.2,µm,0.3-0.5,0.3,0.5,µm,rod-shaped,0.0,,positive,193,29427,1,,2017-12-01 12:54:15
4632,,,,,,,,,rod-shaped,0.0,,positive,10826,29546,1,,2017-12-01 12:54:15
4633,11,11.0,11.0,µm,0.75,0.75,0.75,µm,rod-shaped,0.0,,positive,6690,29122,1,,2017-12-01 12:54:15
4634,,,,,,,,,rod-shaped,,,negative,134045,31128,1,,2017-12-01 12:54:15
4635,0.7,0.7,0.7,µm,0.35,0.35,0.35,µm,rod-shaped,1.0,,negative,11307,28924,1,,2017-12-01 12:54:15
4636,,,,,,,,,,,,positive,16626,29096,1,,2017-12-01 12:54:15
4637,,,,,,,,,,,,positive,16627,29096,1,,2017-12-01 12:54:15
4638,,,,,,,,,,,,positive,13510,28934,1,,2017-12-01 12:54:15
4639,2.25,2.25,2.25,µm,0.6,0.6,0.6,µm,rod-shaped,1.0,,negative,13852,29071,1,,2017-12-01 12:54:15
4640,2.7,2.7,2.7,µm,0.8,0.8,0.8,µm,rod-shaped,1.0,,negative,13851,29071,1,,2017-12-01 12:54:15
4641,1.1,1.1,1.1,µm,0.2,0.2,0.2,µm,rod-shaped,1.0,,negative,2100,29166,1,,2017-12-01 12:54:15
4642,2.25,2.25,2.25,µm,0.4,0.4,0.4,µm,rod-shaped,0.0,,negative,5614,29093,1,,2017-12-01 12:54:15
4643,1.6,1.6,1.6,µm,0.5,0.5,0.5,µm,rod-shaped,1.0,,negative,24762,30738,1,,2017-12-01 12:54:15
4644,2,2.0,2.0,µm,0.45,0.45,0.45,µm,rod-shaped,1.0,,negative,130533,30802,1,,2017-12-01 12:54:15
4645,1.35,1.35,1.35,µm,0.35,0.35,0.35,µm,rod-shaped,1.0,,negative,132144,30617,1,,2017-12-01 12:54:15
4646,0.9-4,0.9,4.0,µm,0.5-1,0.5,1.0,µm,ovoid-shaped,0.0,,negative,5707,29207,1,,2017-12-01 12:54:15
4647,,,,,,,,,,0.0,,positive,17109,29089,1,,2017-12-01 12:54:15
4648,1.5,1.5,1.5,µm,0.5,0.5,0.5,µm,rod-shaped,1.0,gliding,positive,133442,29001,1,,2017-12-01 12:54:15
4650,,,,,0.7,0.7,0.7,µm,coccus-shaped,,,positive,18006,30263,1,,2017-12-01 12:54:15
4651,,,,,,,,,,,,positive,16456,29042,1,,2017-12-01 12:54:15
4652,,,,,,,,,,1.0,,positive,7843,29303,1,,2017-12-01 12:54:15
4653,,,,,,,,,,1.0,,positive,7842,29303,1,,2017-12-01 12:54:15
4654,1.73,1.73,1.73,µm,0.96,0.96,0.96,µm,rod-shaped,1.0,,negative,133446,29023,1,,2017-12-01 12:54:15
4655,,,,,,,,,rod-shaped,1.0,,negative,17254,29312,1,,2017-12-01 12:54:15
4656,4,4.0,4.0,µm,0.75,0.75,0.75,µm,rod-shaped,1.0,,negative,17955,28994,1,,2017-12-01 12:54:15
4657,,,,,,,,,coccus-shaped,1.0,,positive,6319,29018,1,,2017-12-01 12:54:15
4658,7,7.0,7.0,µm,1.25,1.25,1.25,µm,rod-shaped,,,negative,17791,29011,1,,2017-12-01 12:54:15
4659,,,,,,,,,rod-shaped,1.0,,positive,6880,29490,1,,2017-12-01 12:54:15
4660,,,,,,,,,,0.0,,positive,13306,29271,1,,2017-12-01 12:54:15
4661,,,,,,,,,,0.0,,positive,13307,29271,1,,2017-12-01 12:54:15
4662,,,,,,,,,,0.0,,positive,13305,29271,1,,2017-12-01 12:54:15
4663,1.75,1.75,1.75,µm,0.75,0.75,0.75,µm,rod-shaped,1.0,,negative,24484,29927,1,,2017-12-01 12:54:15
4664,3,3.0,3.0,µm,1.3,1.3,1.3,µm,rod-shaped,1.0,,negative,6077,29867,1,,2017-12-01 12:54:15
4665,,,,,,,,,rod-shaped,1.0,,,11641,29038,1,,2017-12-01 12:54:15
4666,,,,,,,,,rod-shaped,1.0,,,11640,29038,1,,2017-12-01 12:54:15
4667,,,,,,,,,,,,positive,8052,29900,1,,2017-12-01 12:54:15
4668,1.3,1.3,1.3,µm,0.9,0.9,0.9,µm,ovoid-shaped,1.0,,positive,2373,31209,1,,2017-12-01 12:54:15
4669,1.5,1.5,1.5,µm,1,1.0,1.0,µm,rod-shaped,0.0,,negative,14298,30362,1,,2017-12-01 12:54:15
4670,11.5,11.5,11.5,µm,0.4,0.4,0.4,µm,rod-shaped,0.0,,negative,133488,29174,1,,2017-12-01 12:54:15
4671,1,1.0,1.0,µm,0.5,0.5,0.5,µm,rod-shaped,0.0,,positive,7771,28995,1,,2017-12-01 12:54:15
4672,7.5,7.5,7.5,µm,0.5,0.5,0.5,µm,ovoid-shaped,1.0,,positive,2873,29643,1,,2017-12-01 12:54:15
4673,,,,,,,,,rod-shaped,1.0,,positive,11645,29359,1,,2017-12-01 12:54:15
4674,2,2.0,2.0,µm,0.65,0.65,0.65,µm,rod-shaped,1.0,,negative,133470,29082,1,,2017-12-01 12:54:15
4675,1.5,1.5,1.5,µm,0.4,0.4,0.4,µm,rod-shaped,1.0,,negative,133471,29082,1,,2017-12-01 12:54:15
4676,1.5-2,1.5,2.0,µm,0.5-0.8,0.5,0.8,µm,rod-shaped,1.0,,negative,14297,29698,1,,2017-12-01 12:54:15
4677,01-02,1.0,2.0,µm,0.2-0.3,0.2,0.3,µm,rod-shaped,1.0,,negative,133580,29640,1,,2017-12-01 12:54:15
4678,3.5,3.5,3.5,µm,0.65,0.65,0.65,µm,rod-shaped,0.0,,positive,23763,29284,1,,2017-12-01 12:54:15
4679,3.5,3.5,3.5,µm,0.65,0.65,0.65,µm,rod-shaped,0.0,,positive,1571,30366,1,,2017-12-01 12:54:15
4680,1.65,1.65,1.65,µm,0.6,0.6,0.6,µm,rod-shaped,0.0,,positive,11236,29257,1,,2017-12-01 12:54:15
4681,0.9,0.9,0.9,µm,,,,,coccus-shaped,0.0,,positive,14413,28951,1,,2017-12-01 12:54:15
4682,3.1,3.1,3.1,µm,0.65,0.65,0.65,µm,rod-shaped,0.0,,negative,14115,29180,1,,2017-12-01 12:54:15
4683,1.3-4.5,1.3,4.5,µm,0.5-0.6,0.5,0.6,µm,rod-shaped,1.0,,negative,1677,29133,1,,2017-12-01 12:54:15
4684,1.35,1.35,1.35,µm,0.85,0.85,0.85,µm,rod-shaped,1.0,,negative,133440,28993,1,,2017-12-01 12:54:15
4685,,,,,,,,,rod-shaped,,,negative,5092,28876,1,,2017-12-01 12:54:15
4686,,,,,,,,,rod-shaped,,,negative,5091,28876,1,,2017-12-01 12:54:15
4687,2.5,2.5,2.5,µm,0.75,0.75,0.75,µm,rod-shaped,1.0,,negative,18136,29655,1,,2017-12-01 12:54:15
4688,,,,,,,,,spiral-shaped,,,positive,16012,28999,1,,2017-12-01 12:54:15
4689,1.75,1.75,1.75,µm,0.7,0.7,0.7,µm,rod-shaped,1.0,,negative,10512,28968,1,,2017-12-01 12:54:15
4690,0.7-1,0.7,1.0,µm,0.4-0.5,0.4,0.5,µm,rod-shaped,1.0,,negative,133568,29570,1,,2017-12-01 12:54:15
4691,,,,,,,,,rod-shaped,1.0,,negative,133556,29496,1,,2017-12-01 12:54:15
4692,1.75,1.75,1.75,µm,0.5,0.5,0.5,µm,rod-shaped,1.0,,negative,133466,29079,1,,2017-12-01 12:54:15
4693,1.2,1.2,1.2,µm,0.5,0.5,0.5,µm,rod-shaped,1.0,,negative,133467,29079,1,,2017-12-01 12:54:15
4694,1.8-3.0,1.8,3.0,µm,0.7-0.8,0.7,0.8,µm,rod-shaped,1.0,,positive,133457,29048,1,,2017-12-01 12:54:15
4695,,,,,,,,,coccus-shaped,0.0,,positive,6284,29748,1,,2017-12-01 12:54:15
4696,2.95,2.95,2.95,µm,0.45,0.45,0.45,µm,rod-shaped,1.0,,negative,17457,29047,1,,2017-12-01 12:54:15
4697,3,3.0,3.0,µm,0.45,0.45,0.45,µm,rod-shaped,1.0,,negative,17458,29047,1,,2017-12-01 12:54:15
4698,,,,,,,,,,0.0,,positive,8559,29000,1,,2017-12-01 12:54:15
4699,1.45,1.45,1.45,µm,0.7,0.7,0.7,µm,rod-shaped,0.0,,negative,133448,29027,1,,2017-12-01 12:54:15
4700,1.5,1.5,1.5,µm,0.55,0.55,0.55,µm,rod-shaped,1.0,,negative,13175,29055,1,,2017-12-01 12:54:15
4701,2-2.5,2.0,2.5,µm,0.8-1.1,0.8,1.1,µm,rod-shaped,1.0,,positive,1300,29401,1,,2017-12-01 12:54:15
4702,,,,,1.45,1.45,1.45,µm,coccus-shaped,0.0,,positive,3897,29569,1,,2017-12-01 12:54:15
4703,,,,,1.7,1.7,1.7,µm,coccus-shaped,0.0,,positive,3898,29569,1,,2017-12-01 12:54:15
4704,01-03,1.0,3.0,µm,0.2-0.4,0.2,0.4,µm,spiral-shaped,1.0,,negative,133481,29151,1,,2017-12-01 12:54:15
4705,1.7,1.7,1.7,µm,0.4,0.4,0.4,µm,rod-shaped,1.0,,negative,17952,29543,1,,2017-12-01 12:54:15
4706,2.6,2.6,2.6,µm,0.4,0.4,0.4,µm,rod-shaped,1.0,,negative,6137,29875,1,,2017-12-01 12:54:15
4707,,,,,,,,,,0.0,,positive,16998,29008,1,,2017-12-01 12:54:15
4708,2.3,2.3,2.3,µm,0.65,0.65,0.65,µm,spiral-shaped,1.0,,negative,133443,29014,1,,2017-12-01 12:54:15
4709,5.35,5.35,5.35,µm,1.6,1.6,1.6,µm,rod-shaped,0.0,,negative,17084,29249,1,,2017-12-01 12:54:15
4710,4.85,4.85,4.85,µm,1.55,1.55,1.55,µm,rod-shaped,0.0,,negative,17083,29249,1,,2017-12-01 12:54:15
4711,8,8.0,8.0,µm,,,,,rod-shaped,0.0,,negative,133599,29701,1,,2017-12-01 12:54:15
4712,,,,,,,,,rod-shaped,,,positive,10824,29152,1,,2017-12-01 12:54:15
4713,2.4,2.4,2.4,µm,1.05,1.05,1.05,µm,rod-shaped,1.0,,negative,133449,29028,1,,2017-12-01 12:54:15
4714,,,,,,,,,rod-shaped,,,positive,5850,29103,1,,2017-12-01 12:54:15
4715,1.75,1.75,1.75,µm,1.15,1.15,1.15,µm,ovoid-shaped,1.0,,negative,133454,29041,1,,2017-12-01 12:54:15
4716,1.25,1.25,1.25,µm,0.4,0.4,0.4,µm,rod-shaped,,,negative,5807,29320,1,,2017-12-01 12:54:15
4717,2,2.0,2.0,µm,0.5,0.5,0.5,µm,rod-shaped,1.0,,negative,2098,29010,1,,2017-12-01 12:54:15
4718,2-3.7,2.0,3.7,µm,0.5-0.7,0.5,0.7,µm,rod-shaped,1.0,,negative,4383,29467,1,,2017-12-01 12:54:15
4719,0.8-1,0.8,1.0,µm,0.2-0.3,0.2,0.3,µm,rod-shaped,1.0,gliding,negative,133551,29482,1,,2017-12-01 12:54:15
4720,0.8-1.25,0.8,1.25,µm,0.18-0.20,0.18,0.2,µm,rod-shaped,0.0,,negative,133595,29685,1,,2017-12-01 12:54:15
4721,0.5-0.8,0.5,0.8,µm,0.2-0.3,0.2,0.3,µm,rod-shaped,0.0,,negative,133596,29685,1,,2017-12-01 12:54:15
4722,1.45,1.45,1.45,µm,0.385,0.38,0.38,µm,rod-shaped,1.0,,negative,133833,30627,1,,2017-12-01 12:54:15
4723,1.2,1.2,1.2,µm,0.35,0.35,0.35,µm,rod-shaped,1.0,,negative,133834,30627,1,,2017-12-01 12:54:15
4724,2.6,2.6,2.6,µm,1.3,1.3,1.3,µm,rod-shaped,0.0,,negative,14192,29043,1,,2017-12-01 12:54:15
4725,3.5,3.5,3.5,µm,1,1.0,1.0,µm,rod-shaped,0.0,,negative,14027,29917,1,,2017-12-01 12:54:15
4726,3.6-7,3.6,7.0,µm,1.1-2,1.1,2.0,µm,rod-shaped,1.0,,negative,14000,29693,1,,2017-12-01 12:54:15
4727,1.5,1.5,1.5,µm,0.55,0.55,0.55,µm,rod-shaped,0.0,,positive,133577,29632,1,,2017-12-01 12:54:15
4728,,,,,,,,,coccus-shaped,0.0,,negative,133531,29357,1,,2017-12-01 12:54:15
4729,3.75,3.75,3.75,µm,0.4,0.4,0.4,µm,rod-shaped,1.0,,negative,10524,29054,1,,2017-12-01 12:54:15
4730,3,3.0,3.0,µm,0.4,0.4,0.4,µm,rod-shaped,1.0,,negative,17461,29809,1,,2017-12-01 12:54:15
4731,1.5,1.5,1.5,µm,0.4,0.4,0.4,µm,rod-shaped,0.0,,negative,133455,29044,1,,2017-12-01 12:54:15
4732,2,2.0,2.0,µm,0.35,0.35,0.35,µm,rod-shaped,1.0,,negative,14261,29356,1,,2017-12-01 12:54:15
4733,,,,,,,,,,,,positive,16458,29170,1,,2017-12-01 12:54:15
4734,2.95,2.95,2.95,µm,0.45,0.45,0.45,µm,rod-shaped,0.0,,negative,17452,29066,1,,2017-12-01 12:54:15
4735,3.5,3.5,3.5,µm,0.3,0.3,0.3,µm,rod-shaped,0.0,,negative,24721,29260,1,,2017-12-01 12:54:15
4736,1.8-2.5,1.8,2.5,µm,0.5-0.8,0.5,0.8,µm,,,,negative,6151,28966,1,,2017-12-01 12:54:15
4737,0.4-0.9,0.4,0.9,µm,0.3-0.6,0.3,0.6,µm,coccus-shaped,1.0,,negative,18135,29169,1,,2017-12-01 12:54:15
4738,,,,,,,,,,1.0,,positive,11263,29062,1,,2017-12-01 12:54:15
4739,,,,,,,,,rod-shaped,1.0,,negative,133651,29939,1,,2017-12-01 12:54:15
4740,5,5.0,5.0,µm,0.6,0.6,0.6,µm,rod-shaped,0.0,,negative,16733,30212,1,,2017-12-01 12:54:15
4741,,,,,,,,,,,,positive,11160,29289,1,,2017-12-01 12:54:15
4742,,,,,0.65,0.65,0.65,µm,coccus-shaped,0.0,,positive,14673,29110,1,,2017-12-01 12:54:15
4743,5.5,5.5,5.5,µm,0.4,0.4,0.4,µm,rod-shaped,1.0,,negative,133741,30368,1,,2017-12-01 12:54:15
4744,0.8-1,0.8,1.0,µm,0.4-0.6,0.4,0.6,µm,rod-shaped,1.0,,positive,17631,30266,1,,2017-12-01 12:54:15
4745,3.15,3.15,3.15,µm,0.5,0.5,0.5,µm,rod-shaped,1.0,,positive,11772,29004,1,,2017-12-01 12:54:15
4746,2.95,2.95,2.95,µm,0.4,0.4,0.4,µm,rod-shaped,0.0,,negative,5806,29004,1,,2017-12-01 12:54:15
4747,4,4.0,4.0,µm,0.6,0.6,0.6,µm,rod-shaped,0.0,,negative,17750,29045,1,,2017-12-01 12:54:15
4748,7,7.0,7.0,µm,0.65,0.65,0.65,µm,rod-shaped,0.0,,negative,17751,29045,1,,2017-12-01 12:54:15
4749,1.25,1.25,1.25,µm,0.5,0.5,0.5,µm,rod-shaped,1.0,,negative,133475,29115,1,,2017-12-01 12:54:15
4750,6,6.0,6.0,µm,1.5,1.5,1.5,µm,rod-shaped,1.0,,negative,17775,29319,1,,2017-12-01 12:54:15
4751,0.8-2.4,0.8,2.4,µm,0.3-0.6,0.3,0.6,µm,rod-shaped,1.0,,negative,6238,29985,1,,2017-12-01 12:54:15
4752,0.9,0.9,0.9,µm,0.45,0.45,0.45,µm,rod-shaped,0.0,,negative,133889,30779,1,,2017-12-01 12:54:15
4753,1,1.0,1.0,µm,1,1.0,1.0,µm,rod-shaped,1.0,,negative,133547,29453,1,,2017-12-01 12:54:15
4754,1.1,1.1,1.1,µm,0.4,0.4,0.4,µm,rod-shaped,0.0,,negative,133493,29187,1,,2017-12-01 12:54:15
4755,1.7,1.7,1.7,µm,0.7,0.7,0.7,µm,rod-shaped,0.0,,negative,133490,29178,1,,2017-12-01 12:54:15
4756,1.95,1.95,1.95,µm,0.45,0.45,0.45,µm,rod-shaped,1.0,gliding,negative,133461,29068,1,,2017-12-01 12:54:15
4757,3.25,3.25,3.25,µm,0.65,0.65,0.65,µm,rod-shaped,0.0,,positive,14025,29326,1,,2017-12-01 12:54:15
4758,1.45,1.45,1.45,µm,0.4,0.4,0.4,µm,rod-shaped,0.0,,negative,133460,29067,1,,2017-12-01 12:54:15
4759,2.6,2.6,2.6,µm,0.8,0.8,0.8,µm,rod-shaped,0.0,,negative,13854,29353,1,,2017-12-01 12:54:15
4760,0.9,0.9,0.9,µm,0.4,0.4,0.4,µm,rod-shaped,1.0,,negative,17788,29053,1,,2017-12-01 12:54:15
4761,2.55,2.55,2.55,µm,0.85,0.85,0.85,µm,rod-shaped,1.0,,positive,11647,29392,1,,2017-12-01 12:54:15
4762,1.75,1.75,1.75,µm,0.55,0.55,0.55,µm,rod-shaped,1.0,,,13751,29512,1,,2017-12-01 12:54:15
4763,1.75,1.75,1.75,µm,0.6,0.6,0.6,µm,rod-shaped,1.0,,,133763,30429,1,,2017-12-01 12:54:15
4764,1.0-3.0,1.0,3.0,µm,0.5,0.5,0.5,µm,rod-shaped,1.0,,negative,17624,29058,1,,2017-12-01 12:54:15
4765,1.35,1.35,1.35,µm,0.35,0.35,0.35,µm,rod-shaped,0.0,,negative,133527,29337,1,,2017-12-01 12:54:15
4766,2,2.0,2.0,µm,0.3,0.3,0.3,µm,rod-shaped,0.0,,negative,16732,29134,1,,2017-12-01 12:54:15
4767,2.15,2.15,2.15,µm,1,1.0,1.0,µm,rod-shaped,0.0,,negative,14195,29322,1,,2017-12-01 12:54:15
4768,15.65,15.65,15.65,µm,0.55,0.55,0.55,µm,rod-shaped,1.0,gliding,negative,14140,29145,1,,2017-12-01 12:54:15
4769,1.2,1.2,1.2,µm,0.53,0.53,0.53,µm,rod-shaped,1.0,,negative,13172,29099,1,,2017-12-01 12:54:15
4770,2.75,2.75,2.75,µm,0.7,0.7,0.7,µm,rod-shaped,1.0,,negative,11335,29130,1,,2017-12-01 12:54:15
4771,2.7,2.7,2.7,µm,0.75,0.75,0.75,µm,rod-shaped,1.0,,negative,11334,29130,1,,2017-12-01 12:54:15
4772,0.85,0.85,0.85,µm,0.65,0.65,0.65,µm,ovoid-shaped,,,positive,16461,29221,1,,2017-12-01 12:54:15
4773,0.75,0.75,0.75,µm,0.65,0.65,0.65,µm,,,,positive,16462,29221,1,,2017-12-01 12:54:15
4774,,,,,,,,,,,,positive,5846,31211,1,,2017-12-01 12:54:15
4775,2-6,2.0,6.0,µm,1,1.0,1.0,µm,rod-shaped,1.0,,negative,442,29144,1,,2017-12-01 12:54:15
4776,3.5,3.5,3.5,µm,0.75,0.75,0.75,µm,,0.0,,positive,2271,29280,1,,2017-12-01 12:54:15
4777,1.2-3.5,1.2,3.5,µm,0.3-0.7,0.3,0.7,µm,rod-shaped,1.0,,positive,23740,29576,1,,2017-12-01 12:54:15
4778,1.3,1.3,1.3,µm,0.85,0.85,0.85,µm,rod-shaped,0.0,,negative,133491,29185,1,,2017-12-01 12:54:15
4779,1.6,1.6,1.6,µm,0.8,0.8,0.8,µm,rod-shaped,1.0,,negative,133533,29363,1,,2017-12-01 12:54:15
4780,1.95,1.95,1.95,µm,0.85,0.85,0.85,µm,rod-shaped,1.0,,negative,3030,29123,1,,2017-12-01 12:54:15
4781,,,,,,,,,rod-shaped,1.0,,negative,133619,29796,1,,2017-12-01 12:54:15
4782,,,,,,,,,rod-shaped,0.0,,negative,17499,29611,1,,2017-12-01 12:54:15
4783,,,,,,,,,rod-shaped,,,,8581,29220,1,,2017-12-01 12:54:15
4784,1.55,1.55,1.55,µm,0.7,0.7,0.7,µm,rod-shaped,0.0,,positive,7785,29148,1,,2017-12-01 12:54:15
4785,1-2.5,1.0,2.5,µm,0.3-0.6,0.3,0.6,µm,rod-shaped,1.0,,negative,130527,29713,1,,2017-12-01 12:54:15
4786,,,,,,,,,rod-shaped,0.0,,positive,12586,29424,1,,2017-12-01 12:54:15
4787,0.5-0.6,0.5,0.6,µm,0.4-0.5,0.4,0.5,µm,rod-shaped,0.0,,positive,133534,29380,1,,2017-12-01 12:54:15
4788,5,5.0,5.0,µm,1.25,1.25,1.25,µm,rod-shaped,1.0,,positive,1297,29227,1,,2017-12-01 12:54:15
4789,2.75,2.75,2.75,µm,0.35,0.35,0.35,µm,spiral-shaped,1.0,,negative,133789,30508,1,,2017-12-01 12:54:15
4790,0.9,0.9,0.9,µm,0.4,0.4,0.4,µm,rod-shaped,0.0,,positive,1843,29171,1,,2017-12-01 12:54:15
4791,2.55,2.55,2.55,µm,1,1.0,1.0,µm,rod-shaped,0.0,,negative,5704,29135,1,,2017-12-01 12:54:15
4792,,,,,0.2,0.2,0.2,µm,rod-shaped,0.0,,positive,8031,29617,1,,2017-12-01 12:54:15
4793,5.15,5.15,5.15,µm,0.3,0.3,0.3,µm,rod-shaped,1.0,,positive,549,29431,1,,2017-12-01 12:54:15
4794,0.7-3.5,0.7,3.5,µm,0.2-0.4,0.2,0.4,µm,rod-shaped,1.0,,negative,133497,29200,1,,2017-12-01 12:54:15
4795,4.9,4.9,4.9,µm,0.55,0.55,0.55,µm,rod-shaped,1.0,,variable,1513,29194,1,,2017-12-01 12:54:15
4796,4.4,4.4,4.4,µm,0.3,0.3,0.3,µm,rod-shaped,0.0,,negative,133496,29197,1,,2017-12-01 12:54:15
4797,18,18.0,18.0,µm,0.35,0.35,0.35,µm,rod-shaped,0.0,,negative,133537,29390,1,,2017-12-01 12:54:15
4798,11,11.0,11.0,µm,0.55,0.55,0.55,µm,rod-shaped,1.0,gliding,negative,133503,29214,1,,2017-12-01 12:54:15
4799,2.5,2.5,2.5,µm,0.425,0.42,0.42,µm,rod-shaped,0.0,,negative,13849,29131,1,,2017-12-01 12:54:15
4800,1.45,1.45,1.45,µm,0.45,0.45,0.45,µm,rod-shaped,0.0,,positive,6311,29129,1,,2017-12-01 12:54:15
4801,1.5,1.5,1.5,µm,1.5,1.5,1.5,µm,ovoid-shaped,1.0,,negative,133561,29526,1,,2017-12-01 12:54:15
4802,,,,,,,,,ovoid-shaped,1.0,,negative,133592,29678,1,,2017-12-01 12:54:15
4803,,,,,1.25,1.25,1.25,µm,coccus-shaped,0.0,,negative,133566,29563,1,,2017-12-01 12:54:15
4804,,,,,,,,,ovoid-shaped,1.0,,negative,133607,29723,1,,2017-12-01 12:54:15
4805,3,3.0,3.0,µm,0.35,0.35,0.35,µm,rod-shaped,0.0,,negative,133485,29164,1,,2017-12-01 12:54:15
4806,1.9,1.9,1.9,µm,0.45,0.45,0.45,µm,rod-shaped,1.0,,negative,13176,29181,1,,2017-12-01 12:54:15
4807,01-02,1.0,2.0,µm,0.5,0.5,0.5,µm,rod-shaped,0.0,,negative,443,29367,1,,2017-12-01 12:54:15
4808,1.05,1.05,1.05,µm,0.6,0.6,0.6,µm,rod-shaped,1.0,,negative,133504,29219,1,,2017-12-01 12:54:15
4809,1.4-2.2,1.4,2.2,µm,0.4-0.5,0.4,0.5,µm,rod-shaped,1.0,,negative,133689,30163,1,,2017-12-01 12:54:15
4810,0.75,0.75,0.75,µm,0.45,0.45,0.45,µm,rod-shaped,1.0,,positive,7346,29500,1,,2017-12-01 12:54:15
4811,0.6-0.7,0.6,0.7,µm,0.3-0.4,0.3,0.4,µm,rod-shaped,1.0,,positive,7452,29556,1,,2017-12-01 12:54:15
4812,,,,,,,,,,0.0,,positive,13400,29165,1,,2017-12-01 12:54:15
4813,2.7,2.7,2.7,µm,0.65,0.65,0.65,µm,rod-shaped,,,negative,133489,29175,1,,2017-12-01 12:54:15
4814,,,,,,,,,rod-shaped,,,,16457,29155,1,,2017-12-01 12:54:15
4815,3.0-5.0,3.0,5.0,µm,0.5-0.6,0.5,0.6,µm,rod-shaped,0.0,,positive,1293,29252,1,,2017-12-01 12:54:15
4816,2.3,2.3,2.3,µm,0.45,0.45,0.45,µm,rod-shaped,0.0,,negative,133892,30785,1,,2017-12-01 12:54:15
4817,1.5,1.5,1.5,µm,0.95,0.95,0.95,µm,rod-shaped,0.0,,negative,13660,29844,1,,2017-12-01 12:54:15
4818,,,,,,,,,ovoid-shaped,1.0,,negative,133594,29684,1,,2017-12-01 12:54:15
4819,1.5,1.5,1.5,µm,,,,,rod-shaped,,,negative,133591,29677,1,,2017-12-01 12:54:15
4820,0.55,0.55,0.55,µm,0.55,0.55,0.55,µm,coccus-shaped,0.0,,positive,3917,29868,1,,2017-12-01 12:54:15
4821,3.5,3.5,3.5,µm,0.5,0.5,0.5,µm,rod-shaped,1.0,,variable,133620,29804,1,,2017-12-01 12:54:15
4822,03-06,3.0,6.0,µm,0.5,0.5,0.5,µm,rod-shaped,1.0,,positive,1301,29661,1,,2017-12-01 12:54:15
4823,1.15,1.15,1.15,µm,0.65,0.65,0.65,µm,ovoid-shaped,0.0,,negative,133574,29600,1,,2017-12-01 12:54:15
4824,,,,,,,,,coccus-shaped,0.0,,positive,23112,30903,1,,2017-12-01 12:54:15
4825,2.6,2.6,2.6,µm,0.75,0.75,0.75,µm,,0.0,,positive,12659,29297,1,,2017-12-01 12:54:15
4826,1,1.0,1.0,µm,0.55,0.55,0.55,µm,rod-shaped,0.0,,negative,17071,29179,1,,2017-12-01 12:54:15
4827,1.1,1.1,1.1,µm,0.9,0.9,0.9,µm,rod-shaped,0.0,,positive,3235,29279,1,,2017-12-01 12:54:15
4828,2.5,2.5,2.5,µm,0.5,0.5,0.5,µm,rod-shaped,0.0,,negative,134065,31163,1,,2017-12-01 12:54:15
4829,2.6,2.6,2.6,µm,0.61,0.61,0.61,µm,rod-shaped,1.0,gliding,negative,133500,29205,1,,2017-12-01 12:54:15
4830,01-02,1.0,2.0,µm,0.9,0.9,0.9,µm,rod-shaped,1.0,,negative,17340,32512,1,,2017-12-01 12:54:15
4831,1.4-3.5,1.4,3.5,µm,0.3-0.5,0.3,0.5,µm,rod-shaped,1.0,,positive,11453,29648,1,,2017-12-01 12:54:15
4832,1.5-4,1.5,4.0,µm,0.3-0.5,0.3,0.5,µm,rod-shaped,1.0,,positive,133583,29648,1,,2017-12-01 12:54:15
4833,1-1.5,1.0,1.5,µm,0.5-0.7,0.5,0.7,µm,rod-shaped,1.0,,negative,17355,29609,1,,2017-12-01 12:54:15
4834,3,3.0,3.0,µm,0.75,0.75,0.75,µm,rod-shaped,1.0,,negative,24746,30856,1,,2017-12-01 12:54:15
4835,2,2.0,2.0,µm,0.8-1,0.8,1.0,µm,rod-shaped,1.0,,negative,14085,29553,1,,2017-12-01 12:54:15
4836,,,,,,,,,rod-shaped,,,,8583,29294,1,,2017-12-01 12:54:15
4837,2.5,2.5,2.5,µm,1,1.0,1.0,µm,rod-shaped,1.0,,negative,24551,30764,1,,2017-12-01 12:54:15
4838,,,,,,,,,spiral-shaped,0.0,,positive,16566,29311,1,,2017-12-01 12:54:15
4839,5,5.0,5.0,µm,0.6,0.6,0.6,µm,rod-shaped,0.0,,positive,16999,29310,1,,2017-12-01 12:54:15
4840,,,,,,,,,,,,positive,17823,29229,1,,2017-12-01 12:54:15
4841,,,,,,,,,rod-shaped,0.0,,,3231,29209,1,,2017-12-01 12:54:15
4842,2.9,2.9,2.9,µm,1.15,1.15,1.15,µm,rod-shaped,1.0,,negative,7193,29827,1,,2017-12-01 12:54:15
4843,,,,,0.6,0.6,0.6,µm,coccus-shaped,0.0,,positive,14414,29465,1,,2017-12-01 12:54:15
4844,1.7,1.7,1.7,µm,1.1,1.1,1.1,µm,rod-shaped,1.0,,negative,498,29188,1,,2017-12-01 12:54:15
4845,1.95,1.95,1.95,µm,0.85,0.85,0.85,µm,rod-shaped,1.0,,negative,499,29188,1,,2017-12-01 12:54:15
4846,6,6.0,6.0,µm,0.9,0.9,0.9,µm,rod-shaped,1.0,,negative,17205,29290,1,,2017-12-01 12:54:15
4847,2.15,2.15,2.15,µm,0.85,0.85,0.85,µm,rod-shaped,1.0,,positive,23759,30343,1,,2017-12-01 12:54:15
4848,1.5,1.5,1.5,µm,0.4,0.4,0.4,µm,rod-shaped,1.0,,negative,140034,29710,1,,2017-12-01 12:54:15
4849,2,2.0,2.0,µm,0.4,0.4,0.4,µm,rod-shaped,0.0,,negative,133514,29250,1,,2017-12-01 12:54:15
4850,1-2.5,1.0,2.5,µm,0.4-0.6,0.4,0.6,µm,rod-shaped,1.0,,negative,23270,29603,1,,2017-12-01 12:54:15
4851,,,,,,,,,coccus-shaped,0.0,,positive,17886,29208,1,,2017-12-01 12:54:15
4852,1.4,1.4,1.4,µm,0.45,0.45,0.45,µm,rod-shaped,1.0,,negative,13868,29825,1,,2017-12-01 12:54:15
4853,,,,,1.75,1.75,1.75,µm,coccus-shaped,0.0,,positive,14438,29386,1,,2017-12-01 12:54:15
4854,,,,,,,,,rod-shaped,0.0,,positive,3237,29374,1,,2017-12-01 12:54:15
4855,1.85,1.85,1.85,µm,0.45,0.45,0.45,µm,rod-shaped,0.0,,negative,14260,29210,1,,2017-12-01 12:54:15
4856,1.9,1.9,1.9,µm,0.65,0.65,0.65,µm,rod-shaped,1.0,,negative,133761,30424,1,,2017-12-01 12:54:15
4857,,,,,,,,,,0.0,,positive,23320,29255,1,,2017-12-01 12:54:15
4858,,,,,,,,,coccus-shaped,0.0,,positive,133628,29833,1,,2017-12-01 12:54:15
4859,,,,,,,,,,0.0,,positive,8045,29317,1,,2017-12-01 12:54:15
4860,,,,,,,,,ovoid-shaped,0.0,,positive,12607,30272,1,,2017-12-01 12:54:15
4861,0.9,0.9,0.9,µm,0.9,0.9,0.9,µm,coccus-shaped,0.0,,positive,7760,29287,1,,2017-12-01 12:54:15
4862,1.25,1.25,1.25,µm,0.65,0.65,0.65,µm,rod-shaped,0.0,,positive,13472,29370,1,,2017-12-01 12:54:15
4863,1.8,1.8,1.8,µm,0.5,0.5,0.5,µm,rod-shaped,1.0,,negative,6222,29766,1,,2017-12-01 12:54:15
4864,1.3,1.3,1.3,µm,0.7,0.7,0.7,µm,rod-shaped,1.0,,negative,463,29578,1,,2017-12-01 12:54:15
4865,0.8-1.2,0.8,1.2,µm,0.8-1.2,0.8,1.2,µm,coccus-shaped,1.0,,negative,13857,29791,1,,2017-12-01 12:54:15
4866,1.65,1.65,1.65,µm,0.5,0.5,0.5,µm,rod-shaped,,,negative,133513,29247,1,,2017-12-01 12:54:15
4867,2.28,2.28,2.28,µm,0.71,0.71,0.71,µm,rod-shaped,1.0,,negative,13671,29295,1,,2017-12-01 12:54:15
4868,,,,,,,,,,,,positive,8017,29770,1,,2017-12-01 12:54:15
4869,,,,,,,,,,0.0,,positive,16530,30491,1,,2017-12-01 12:54:15
4870,1.5,1.5,1.5,µm,0.4,0.4,0.4,µm,rod-shaped,0.0,,negative,133515,29250,1,,2017-12-01 12:54:15
4871,2.65,2.65,2.65,µm,0.45,0.45,0.45,µm,rod-shaped,1.0,,negative,24516,29235,1,,2017-12-01 12:54:15
4872,1,1.0,1.0,µm,0.6,0.6,0.6,µm,coccus-shaped,1.0,,variable,24327,29236,1,,2017-12-01 12:54:15
4873,,,,,,,,,rod-shaped,,,negative,5247,29455,1,,2017-12-01 12:54:15
4874,2,2.0,2.0,µm,0.5,0.5,0.5,µm,rod-shaped,1.0,,negative,11369,29246,1,,2017-12-01 12:54:15
4875,,,,,,,,,,,,positive,23322,30402,1,,2017-12-01 12:54:15
4876,2,2.0,2.0,µm,0.6,0.6,0.6,µm,rod-shaped,1.0,,negative,133557,29499,1,,2017-12-01 12:54:15
4877,2.45,2.45,2.45,µm,0.8,0.8,0.8,µm,rod-shaped,1.0,,negative,10516,29533,1,,2017-12-01 12:54:15
4878,2.15,2.15,2.15,µm,0.4,0.4,0.4,µm,rod-shaped,1.0,gliding,negative,5589,29873,1,,2017-12-01 12:54:15
4879,4.75,4.75,4.75,µm,0.3,0.3,0.3,µm,rod-shaped,,,negative,5595,29832,1,,2017-12-01 12:54:15
4880,2.25,2.25,2.25,µm,0.4,0.4,0.4,µm,rod-shaped,0.0,,negative,5744,29944,1,,2017-12-01 12:54:15
4881,4.9,4.9,4.9,µm,0.85,0.85,0.85,µm,,1.0,,variable,1551,29285,1,,2017-12-01 12:54:15
4882,1.1,1.1,1.1,µm,0.4,0.4,0.4,µm,rod-shaped,0.0,,negative,14024,29243,1,,2017-12-01 12:54:15
4883,1.3,1.3,1.3,µm,0.35,0.35,0.35,µm,rod-shaped,0.0,,negative,14023,29243,1,,2017-12-01 12:54:15
4884,,,,,0.5-1,0.5,1.0,µm,coccus-shaped,0.0,,positive,133543,29425,1,,2017-12-01 12:54:15
4885,4.5,4.5,4.5,µm,0.5,0.5,0.5,µm,rod-shaped,0.0,,negative,13833,29530,1,,2017-12-01 12:54:15
4886,,,,,,,,,rod-shaped,,,positive,3236,29327,1,,2017-12-01 12:54:15
4887,,,,,,,,,rod-shaped,0.0,,positive,24455,31090,1,,2017-12-01 12:54:15
4888,,,,,,,,,rod-shaped,0.0,,negative,13657,30689,1,,2017-12-01 12:54:15
4889,,,,,,,,,coccus-shaped,0.0,,positive,14676,29566,1,,2017-12-01 12:54:15
4890,,,,,0.5,0.5,0.5,µm,rod-shaped,0.0,,negative,133508,29231,1,,2017-12-01 12:54:15
4891,1.42-3.37,1.42,3.37,µm,0.58-0.84,0.58,0.84,µm,ovoid-shaped,1.0,,negative,130624,29429,1,,2017-12-01 12:54:15
4892,2.3,2.3,2.3,µm,0.45,0.45,0.45,µm,rod-shaped,1.0,gliding,negative,5603,29293,1,,2017-12-01 12:54:15
4893,1.1,1.1,1.1,µm,0.2,0.2,0.2,µm,rod-shaped,,,negative,6086,29288,1,,2017-12-01 12:54:15
4894,,,,,,,,,,0.0,,,16571,30370,1,,2017-12-01 12:54:15
4895,,,,,,,,,,0.0,,positive,16748,30013,1,,2017-12-01 12:54:15
4896,1.6,1.6,1.6,µm,0.5,0.5,0.5,µm,rod-shaped,0.0,,positive,11145,29281,1,,2017-12-01 12:54:15
4897,3,3.0,3.0,µm,0.45,0.45,0.45,µm,rod-shaped,0.0,,positive,6289,29302,1,,2017-12-01 12:54:15
4898,1.2,1.2,1.2,µm,0.6,0.6,0.6,µm,ovoid-shaped,0.0,,positive,3234,29153,1,,2017-12-01 12:54:15
4899,0.65,0.65,0.65,µm,0.3,0.3,0.3,µm,rod-shaped,0.0,,positive,24248,29316,1,,2017-12-01 12:54:15
4900,1.8-2.5,1.8,2.5,µm,0.8-1,0.8,1.0,µm,rod-shaped,1.0,,negative,24433,29659,1,,2017-12-01 12:54:15
4901,3.5,3.5,3.5,µm,0.25,0.25,0.25,µm,rod-shaped,,,negative,133540,29414,1,,2017-12-01 12:54:15
4902,1.6,1.6,1.6,µm,0.8,0.8,0.8,µm,rod-shaped,1.0,,negative,14166,29836,1,,2017-12-01 12:54:15
4903,0.8-3,0.8,3.0,µm,0.4-1,0.4,1.0,µm,ovoid-shaped,0.0,,positive,16585,29608,1,,2017-12-01 12:54:15
4904,0.8-3,0.8,3.0,µm,0.4-1,0.4,1.0,µm,ovoid-shaped,0.0,,positive,16584,29608,1,,2017-12-01 12:54:15
4905,2,2.0,2.0,µm,1.05,1.05,1.05,µm,rod-shaped,1.0,,negative,6072,29283,1,,2017-12-01 12:54:15
4906,1.75,1.75,1.75,µm,1,1.0,1.0,µm,rod-shaped,0.0,,negative,133623,29820,1,,2017-12-01 12:54:15
4907,1.5,1.5,1.5,µm,0.7,0.7,0.7,µm,rod-shaped,0.0,,negative,133624,29820,1,,2017-12-01 12:54:15
4908,3.5-8.0,3.5,8.0,µm,0.7-1.1,0.7,1.1,µm,rod-shaped,1.0,,positive,23770,31140,1,,2017-12-01 12:54:15
4909,,,,,,,,,rod-shaped,1.0,,positive,23549,31178,1,,2017-12-01 12:54:15
4910,,,,,0.4-0.6,0.4,0.6,µm,coccus-shaped,0.0,,positive,23290,30196,1,,2017-12-01 12:54:15
4911,0.8,0.8,0.8,µm,0.3,0.3,0.3,µm,rod-shaped,0.0,,negative,13861,29904,1,,2017-12-01 12:54:15
4912,01-03,1.0,3.0,µm,0.8-1,0.8,1.0,µm,ovoid-shaped,0.0,,,133683,30139,1,,2017-12-01 12:54:15
4913,5,5.0,5.0,µm,0.9,0.9,0.9,µm,rod-shaped,1.0,,positive,566,29781,1,,2017-12-01 12:54:15
4914,,,,,,,,,coccus-shaped,0.0,,positive,23888,29562,1,,2017-12-01 12:54:15
4915,1.3,1.3,1.3,µm,0.45,0.45,0.45,µm,rod-shaped,,,negative,14296,29315,1,,2017-12-01 12:54:15
4916,,,,,,,,,,0.0,,positive,13318,29336,1,,2017-12-01 12:54:15
4917,,,,,,,,,,0.0,,positive,13320,29336,1,,2017-12-01 12:54:15
4918,,,,,,,,,,0.0,,positive,13323,29473,1,,2017-12-01 12:54:15
4919,4,4.0,4.0,µm,,,,,rod-shaped,0.0,,negative,133856,30686,1,,2017-12-01 12:54:15
4920,1.2,1.2,1.2,µm,0.5,0.5,0.5,µm,rod-shaped,0.0,,negative,133520,29296,1,,2017-12-01 12:54:15
4921,1.9,1.9,1.9,µm,0.6,0.6,0.6,µm,rod-shaped,1.0,,negative,14022,29379,1,,2017-12-01 12:54:15
4922,,,,,,,,,rod-shaped,,,negative,133621,29808,1,,2017-12-01 12:54:15
4923,,,,,0.3,0.3,0.3,µm,ovoid-shaped,0.0,,negative,11757,29375,1,,2017-12-01 12:54:15
4924,,,,,,,,,,,,positive,23310,30146,1,,2017-12-01 12:54:15
4925,8.25,8.25,8.25,µm,2,2.0,2.0,µm,rod-shaped,,,negative,24518,29330,1,,2017-12-01 12:54:15
4926,5,5.0,5.0,µm,0.9,0.9,0.9,µm,rod-shaped,1.0,,positive,133999,31028,1,,2017-12-01 12:54:15
4927,4,4.0,4.0,µm,0.9,0.9,0.9,µm,rod-shaped,1.0,,positive,1540,29452,1,,2017-12-01 12:54:15
4928,4.25,4.25,4.25,µm,1,1.0,1.0,µm,rod-shaped,1.0,,negative,23861,29515,1,,2017-12-01 12:54:15
4929,1.5,1.5,1.5,µm,0.4,0.4,0.4,µm,rod-shaped,0.0,,negative,17911,29426,1,,2017-12-01 12:54:15
4930,,,,,0.3-0.5,0.3,0.5,µm,,0.0,,positive,6246,30193,1,,2017-12-01 12:54:15
4931,2,2.0,2.0,µm,1.25,1.25,1.25,µm,rod-shaped,1.0,,negative,16679,29775,1,,2017-12-01 12:54:15
4932,2.5,2.5,2.5,µm,0.8,0.8,0.8,µm,rod-shaped,1.0,,positive,1299,29464,1,,2017-12-01 12:54:15
4933,,,,,,,,,rod-shaped,0.0,,positive,13516,29726,1,,2017-12-01 12:54:15
4934,0.275,0.28,0.28,µm,0.175,0.18,0.18,µm,rod-shaped,0.0,,positive,7508,29690,1,,2017-12-01 12:54:15
4935,1.55,1.55,1.55,µm,0.8,0.8,0.8,µm,coccus-shaped,0.0,,positive,3931,29477,1,,2017-12-01 12:54:15
4936,1.75,1.75,1.75,µm,0.65,0.65,0.65,µm,rod-shaped,0.0,,positive,24114,29782,1,,2017-12-01 12:54:15
4937,1.25,1.25,1.25,µm,0.4,0.4,0.4,µm,rod-shaped,1.0,,negative,133549,29475,1,,2017-12-01 12:54:15
4938,0.8-1.8,0.8,1.8,µm,0.4-0.9,0.4,0.9,µm,rod-shaped,1.0,,negative,13855,29493,1,,2017-12-01 12:54:15
4939,,,,,1,1.0,1.0,µm,coccus-shaped,1.0,,negative,17666,29457,1,,2017-12-01 12:54:15
4940,2.35,2.35,2.35,µm,0.4,0.4,0.4,µm,rod-shaped,1.0,,negative,2320,29368,1,,2017-12-01 12:54:15
4941,01-02,1.0,2.0,µm,0.4-0.5,0.4,0.5,µm,rod-shaped,1.0,,positive,6881,29629,1,,2017-12-01 12:54:15
4942,,,,,,,,,,0.0,,positive,10621,29362,1,,2017-12-01 12:54:15
4943,,,,,,,,,ovoid-shaped,0.0,,negative,132684,31018,1,,2017-12-01 12:54:15
4944,1.5,1.5,1.5,µm,0.85,0.85,0.85,µm,rod-shaped,1.0,,negative,13759,30299,1,,2017-12-01 12:54:15
4945,1.1,1.1,1.1,µm,0.6,0.6,0.6,µm,rod-shaped,1.0,,negative,13729,29870,1,,2017-12-01 12:54:15
4946,1.65,1.65,1.65,µm,0.6,0.6,0.6,µm,rod-shaped,1.0,,negative,10448,29575,1,,2017-12-01 12:54:15
4947,01-03,1.0,3.0,µm,0.5-0.6,0.5,0.6,µm,rod-shaped,0.0,,negative,3766,29806,1,,2017-12-01 12:54:15
4948,0.8-1,0.8,1.0,µm,0.5,0.5,0.5,µm,rod-shaped,1.0,,negative,133571,29588,1,,2017-12-01 12:54:15
4949,0.8-1.8,0.8,1.8,µm,0.4-0.9,0.4,0.9,µm,rod-shaped,1.0,gliding,negative,133539,29406,1,,2017-12-01 12:54:15
4950,3,3.0,3.0,µm,0.55,0.55,0.55,µm,rod-shaped,0.0,,negative,5721,29402,1,,2017-12-01 12:54:15
4951,,,,,,,,,,,,positive,13270,29403,1,,2017-12-01 12:54:15
4952,1.5,1.5,1.5,µm,0.75,0.75,0.75,µm,rod-shaped,0.0,,positive,7281,29397,1,,2017-12-01 12:54:15
4953,,,,,1.25,1.25,1.25,µm,coccus-shaped,0.0,,positive,7664,29398,1,,2017-12-01 12:54:15
4954,04-06,4.0,6.0,µm,1,1.0,1.0,µm,rod-shaped,0.0,,positive,1748,29746,1,,2017-12-01 12:54:15
4955,1-1.5,1.0,1.5,µm,0.8,0.8,0.8,µm,ovoid-shaped,0.0,,,17917,29700,1,,2017-12-01 12:54:15
4956,,,,,,,,,rod-shaped,0.0,,positive,133581,29644,1,,2017-12-01 12:54:15
4957,1.5-3.5,1.5,3.5,µm,0.5,0.5,0.5,µm,rod-shaped,0.0,,negative,17795,29418,1,,2017-12-01 12:54:15
4958,,,,,,,,,ovoid-shaped,1.0,,negative,24519,30042,1,,2017-12-01 12:54:15
4959,3,3.0,3.0,µm,0.35,0.35,0.35,µm,rod-shaped,,,negative,133555,29491,1,,2017-12-01 12:54:15
4960,1.55,1.55,1.55,µm,1.55,1.55,1.55,µm,coccus-shaped,0.0,,negative,10498,29848,1,,2017-12-01 12:54:15
4961,4,4.0,4.0,µm,1.25,1.25,1.25,µm,rod-shaped,0.0,,negative,10496,29848,1,,2017-12-01 12:54:15
4962,1,1.0,1.0,µm,0.3,0.3,0.3,µm,rod-shaped,0.0,,positive,11147,29416,1,,2017-12-01 12:54:15
4963,2.7,2.7,2.7,µm,0.55,0.55,0.55,µm,rod-shaped,0.0,,negative,133541,29415,1,,2017-12-01 12:54:15
4964,1.6,1.6,1.6,µm,0.5,0.5,0.5,µm,rod-shaped,1.0,,negative,10529,29411,1,,2017-12-01 12:54:15
4965,1.6-1.8,1.6,1.8,µm,0.6-1,0.6,1.0,µm,rod-shaped,1.0,,negative,11283,29645,1,,2017-12-01 12:54:15
4966,1.8,1.8,1.8,µm,0.6,0.6,0.6,µm,rod-shaped,0.0,,negative,5741,29642,1,,2017-12-01 12:54:15
4967,,,,,0.4,0.4,0.4,µm,coccus-shaped,0.0,,negative,17206,29435,1,,2017-12-01 12:54:15
4968,,,,,,,,,rod-shaped,0.0,,positive,24113,29780,1,,2017-12-01 12:54:15
4969,,,,,0.35,0.35,0.35,µm,rod-shaped,0.0,,positive,1775,29528,1,,2017-12-01 12:54:15
4970,5.25,5.25,5.25,µm,1.125,1.12,1.12,µm,rod-shaped,0.0,,negative,11657,29885,1,,2017-12-01 12:54:15
4971,01-03,1.0,3.0,µm,0.1-0.3,0.1,0.3,µm,rod-shaped,1.0,,positive,1493,29725,1,,2017-12-01 12:54:15
4972,5,5.0,5.0,µm,0.3,0.3,0.3,µm,rod-shaped,1.0,,positive,1569,29901,1,,2017-12-01 12:54:15
4973,,,,,,,,,rod-shaped,0.0,,negative,17570,29715,1,,2017-12-01 12:54:15
4974,1.8-2,1.8,2.0,µm,0.5-0.6,0.5,0.6,µm,rod-shaped,0.0,,negative,5596,29935,1,,2017-12-01 12:54:15
4975,3.5,3.5,3.5,µm,0.5,0.5,0.5,µm,ovoid-shaped,0.0,,positive,11150,29743,1,,2017-12-01 12:54:15
4976,1.3-2.5,1.3,2.5,µm,0.5,0.5,0.5,µm,rod-shaped,0.0,,negative,14137,29451,1,,2017-12-01 12:54:15
4977,1.2-5,1.2,5.0,µm,0.2-0.5,0.2,0.5,µm,rod-shaped,0.0,,negative,14136,29451,1,,2017-12-01 12:54:15
4978,,,,,,,,,,0.0,,positive,10827,29765,1,,2017-12-01 12:54:15
4979,2.9,2.9,2.9,µm,0.6,0.6,0.6,µm,rod-shaped,0.0,,positive,11960,29437,1,,2017-12-01 12:54:15
4980,,,,,,,,,ovoid-shaped,,,negative,14028,29332,1,,2017-12-01 12:54:15
4981,4,4.0,4.0,µm,0.9,0.9,0.9,µm,rod-shaped,1.0,,,5169,29454,1,,2017-12-01 12:54:15
4982,0.94,0.94,0.94,µm,0.69,0.69,0.69,µm,rod-shaped,0.0,,positive,6312,29855,1,,2017-12-01 12:54:15
4983,15,15.0,15.0,µm,,,,,rod-shaped,,,positive,6377,30331,1,,2017-12-01 12:54:15
4984,1,1.0,1.0,µm,0.5,0.5,0.5,µm,rod-shaped,0.0,,positive,13405,29708,1,,2017-12-01 12:54:15
4985,0.8,0.8,0.8,µm,0.7,0.7,0.7,µm,ovoid-shaped,0.0,,positive,10825,29582,1,,2017-12-01 12:54:15
4986,,,,,1.25,1.25,1.25,µm,coccus-shaped,,,positive,12629,29460,1,,2017-12-01 12:54:15
4987,2.5,2.5,2.5,µm,1.1,1.1,1.1,µm,rod-shaped,,,positive,7449,29488,1,,2017-12-01 12:54:15
4988,,,,,,,,,rod-shaped,0.0,,positive,13436,29615,1,,2017-12-01 12:54:15
4989,1-1.5,1.0,1.5,µm,0.6-0.8,0.6,0.8,µm,rod-shaped,0.0,,negative,133590,29673,1,,2017-12-01 12:54:15
4990,,,,,,,,,,0.0,,positive,13412,30479,1,,2017-12-01 12:54:15
4991,,,,,,,,,rod-shaped,1.0,,variable,11649,29495,1,,2017-12-01 12:54:15
4992,14,14.0,14.0,µm,,,,,rod-shaped,0.0,,negative,13522,29167,1,,2017-12-01 12:54:15
4993,3.1,3.1,3.1,µm,1.5,1.5,1.5,µm,rod-shaped,1.0,,negative,130529,30226,1,,2017-12-01 12:54:15
4994,0.6-1,0.6,1.0,µm,0.5-0.6,0.5,0.6,µm,rod-shaped,0.0,,positive,7511,30018,1,,2017-12-01 12:54:15
4995,2.35,2.35,2.35,µm,0.25,0.25,0.25,µm,rod-shaped,1.0,,negative,14264,29787,1,,2017-12-01 12:54:15
4996,1.9,1.9,1.9,µm,0.6,0.6,0.6,µm,rod-shaped,0.0,,positive,11148,29539,1,,2017-12-01 12:54:15
4997,4.5,4.5,4.5,µm,0.65,0.65,0.65,µm,rod-shaped,1.0,,negative,17859,29662,1,,2017-12-01 12:54:15
4998,,,,,,,,,rod-shaped,1.0,,negative,17525,30428,1,,2017-12-01 12:54:15
4999,,,,,,,,,rod-shaped,0.0,,positive,24258,31148,1,,2017-12-01 12:54:15
5000,1.25,1.25,1.25,µm,0.8,0.8,0.8,µm,rod-shaped,0.0,,negative,133690,30165,1,,2017-12-01 12:54:15
5001,1.7-2.7,1.7,2.7,µm,0.4-0.5,0.4,0.5,µm,rod-shaped,0.0,,negative,17779,29890,1,,2017-12-01 12:54:15
5002,2.5,2.5,2.5,µm,1.1,1.1,1.1,µm,rod-shaped,,,positive,7451,29488,1,,2017-12-01 12:54:15
5003,2.5,2.5,2.5,µm,1.1,1.1,1.1,µm,rod-shaped,,,positive,7450,29488,1,,2017-12-01 12:54:15
5004,1.15,1.15,1.15,µm,0.85,0.85,0.85,µm,rod-shaped,0.0,,negative,133808,30563,1,,2017-12-01 12:54:15
5005,,,,,,,,,coccus-shaped,0.0,,positive,7793,29778,1,,2017-12-01 12:54:15
5006,1.9-2,1.9,2.0,µm,0.2-0.3,0.2,0.3,µm,rod-shaped,0.0,,negative,7242,29722,1,,2017-12-01 12:54:15
5007,1.9-2,1.9,2.0,µm,0.2-0.3,0.2,0.3,µm,rod-shaped,0.0,,negative,7243,29722,1,,2017-12-01 12:54:15
5008,3.25,3.25,3.25,µm,0.75,0.75,0.75,µm,rod-shaped,0.0,,negative,13788,29847,1,,2017-12-01 12:54:15
5009,2,2.0,2.0,µm,0.75,0.75,0.75,µm,rod-shaped,0.0,,negative,130619,29520,1,,2017-12-01 12:54:15
5010,2.25,2.25,2.25,µm,0.7,0.7,0.7,µm,rod-shaped,,,negative,13865,30328,1,,2017-12-01 12:54:15
5011,2.025,2.02,2.02,µm,0.7,0.7,0.7,µm,rod-shaped,,,negative,23243,30630,1,,2017-12-01 12:54:15
5012,2.1,2.1,2.1,µm,0.55,0.55,0.55,µm,rod-shaped,1.0,gliding,negative,5727,29507,1,,2017-12-01 12:54:15
5013,2.8,2.8,2.8,µm,0.75,0.75,0.75,µm,rod-shaped,1.0,,negative,2879,29834,1,,2017-12-01 12:54:15
5014,0.75,0.75,0.75,µm,0.6,0.6,0.6,µm,rod-shaped,0.0,,negative,5745,30502,1,,2017-12-01 12:54:15
5015,1-2.8,1.0,2.8,µm,0.5-0.6,0.5,0.6,µm,rod-shaped,1.0,gliding,negative,133609,29745,1,,2017-12-01 12:54:15
5016,1.6,1.6,1.6,µm,0.8,0.8,0.8,µm,rod-shaped,1.0,,negative,133757,30417,1,,2017-12-01 12:54:15
5017,2.3-6,2.3,6.0,µm,0.9-1,0.9,1.0,µm,rod-shaped,0.0,,positive,17110,29524,1,,2017-12-01 12:54:15
5018,1.4,1.4,1.4,µm,1,1.0,1.0,µm,rod-shaped,0.0,,negative,133617,29794,1,,2017-12-01 12:54:15
5019,1.3,1.3,1.3,µm,0.45,0.45,0.45,µm,rod-shaped,0.0,,positive,10623,29762,1,,2017-12-01 12:54:15
5020,0.6-1.8,0.6,1.8,µm,0.3-0.7,0.3,0.7,µm,rod-shaped,0.0,,negative,133567,29568,1,,2017-12-01 12:54:15
5021,10,10.0,10.0,µm,,,,,rod-shaped,0.0,,positive,6340,29535,1,,2017-12-01 12:54:15
5022,1.8-2.2,1.8,2.2,µm,0.6-0.8,0.6,0.8,µm,rod-shaped,0.0,,negative,17473,29544,1,,2017-12-01 12:54:15
5023,1.1,1.1,1.1,µm,0.475,0.48,0.48,µm,rod-shaped,0.0,,positive,7773,30393,1,,2017-12-01 12:54:15
5024,1.2-3,1.2,3.0,µm,0.6-0.8,0.6,0.8,µm,rod-shaped,1.0,,negative,11337,29541,1,,2017-12-01 12:54:15
5025,,,,,,,,,rod-shaped,1.0,,positive,17826,29815,1,,2017-12-01 12:54:15
5026,0.3-0.5,0.3,0.5,µm,,,,,rod-shaped,0.0,,positive,7282,29622,1,,2017-12-01 12:54:15
5027,,,,,,,,,,1.0,,positive,7877,29586,1,,2017-12-01 12:54:15
5028,,,,,,,,,,1.0,,positive,7879,29586,1,,2017-12-01 12:54:15
5029,2.2,2.2,2.2,µm,0.95,0.95,0.95,µm,rod-shaped,1.0,,negative,13830,29857,1,,2017-12-01 12:54:15
5030,0.8-2,0.8,2.0,µm,0.8-2,0.8,2.0,µm,coccus-shaped,0.0,,negative,132893,29709,1,,2017-12-01 12:54:15
5031,4.6,4.6,4.6,µm,1,1.0,1.0,µm,rod-shaped,0.0,,negative,133618,29794,1,,2017-12-01 12:54:15
5032,3,3.0,3.0,µm,1,1.0,1.0,µm,rod-shaped,1.0,,positive,1296,29376,1,,2017-12-01 12:54:15
5033,,,,,,,,,ovoid-shaped,0.0,,negative,8208,29212,1,,2017-12-01 12:54:15
5034,1,1.0,1.0,µm,,,,,rod-shaped,0.0,,positive,3230,29106,1,,2017-12-01 12:54:15
5035,,,,,,,,,rod-shaped,,,positive,13268,29112,1,,2017-12-01 12:54:15
5036,1.5,1.5,1.5,µm,0.6,0.6,0.6,µm,rod-shaped,1.0,,negative,5398,29331,1,,2017-12-01 12:54:15
5037,1.19,1.19,1.19,µm,0.45,0.45,0.45,µm,rod-shaped,1.0,,negative,13906,29251,1,,2017-12-01 12:54:15
5038,1.05,1.05,1.05,µm,1.05,1.05,1.05,µm,coccus-shaped,,,positive,5363,29114,1,,2017-12-01 12:54:15
5039,1.4,1.4,1.4,µm,0.75,0.75,0.75,µm,rod-shaped,0.0,,positive,12665,29126,1,,2017-12-01 12:54:15
5040,3.8-6.2,3.8,6.2,µm,0.9-1.1,0.9,1.1,µm,rod-shaped,0.0,,positive,6313,30292,1,,2017-12-01 12:54:15
5041,2.5,2.5,2.5,µm,1,1.0,1.0,µm,coccus-shaped,0.0,,positive,6859,29712,1,,2017-12-01 12:54:15
5042,,,,,,,,,rod-shaped,1.0,,negative,133593,29679,1,,2017-12-01 12:54:15
5043,,,,,,,,,rod-shaped,1.0,,negative,13189,30200,1,,2017-12-01 12:54:15
5044,1.2-1.3,1.2,1.3,µm,0.6-1.1,0.6,1.1,µm,rod-shaped,1.0,,negative,6200,29195,1,,2017-12-01 12:54:15
5045,4,4.0,4.0,µm,1.1,1.1,1.1,µm,rod-shaped,1.0,,negative,133492,29186,1,,2017-12-01 12:54:15
5046,2.5,2.5,2.5,µm,0.75,0.75,0.75,µm,rod-shaped,1.0,,negative,133575,29616,1,,2017-12-01 12:54:15
5047,3.75,3.75,3.75,µm,0.9,0.9,0.9,µm,rod-shaped,1.0,,positive,1490,29253,1,,2017-12-01 12:54:15
5048,,,,,,,,,,0.0,,positive,8048,29286,1,,2017-12-01 12:54:15
5049,,,,,0.75,0.75,0.75,µm,,0.0,,positive,8049,29286,1,,2017-12-01 12:54:15
5050,2.5,2.5,2.5,µm,1,1.0,1.0,µm,rod-shaped,1.0,,positive,23198,30799,1,,2017-12-01 12:54:15
5051,1.75,1.75,1.75,µm,0.75,0.75,0.75,µm,rod-shaped,1.0,,negative,133524,29325,1,,2017-12-01 12:54:15
5052,4.5,4.5,4.5,µm,0.8,0.8,0.8,µm,rod-shaped,1.0,,negative,133546,29448,1,,2017-12-01 12:54:15
5053,1.75,1.75,1.75,µm,0.4,0.4,0.4,µm,rod-shaped,1.0,,negative,11866,29213,1,,2017-12-01 12:54:15
5054,3,3.0,3.0,µm,,,,,rod-shaped,1.0,,negative,17465,29232,1,,2017-12-01 12:54:15
5055,0.5-1.1,0.5,1.1,µm,,,,,coccus-shaped,0.0,,positive,14674,29405,1,,2017-12-01 12:54:15
5056,2.5,2.5,2.5,µm,0.5,0.5,0.5,µm,rod-shaped,1.0,,variable,2525,30291,1,,2017-12-01 12:54:15
5057,2.75,2.75,2.75,µm,1.25,1.25,1.25,µm,rod-shaped,1.0,,positive,1572,29278,1,,2017-12-01 12:54:15
5058,,,,,,,,,coccus-shaped,0.0,,positive,11237,29345,1,,2017-12-01 12:54:15
5059,1-2.4,1.0,2.4,µm,0.8-1,0.8,1.0,µm,rod-shaped,1.0,,negative,17044,29634,1,,2017-12-01 12:54:15
5060,,,,,,,,,rod-shaped,,,positive,13402,29272,1,,2017-12-01 12:54:15
5061,1.45,1.45,1.45,µm,0.55,0.55,0.55,µm,rod-shaped,0.0,,negative,17752,29339,1,,2017-12-01 12:54:15
5062,2.3,2.3,2.3,µm,1.1,1.1,1.1,µm,rod-shaped,0.0,,negative,5618,29348,1,,2017-12-01 12:54:15
5063,,,,,,,,,,,,positive,7876,29423,1,,2017-12-01 12:54:15
5064,2.5,2.5,2.5,µm,0.6,0.6,0.6,µm,rod-shaped,0.0,,negative,133554,29487,1,,2017-12-01 12:54:15
5065,,,,,,,,,rod-shaped,1.0,,negative,2141,29469,1,,2017-12-01 12:54:15
5066,,,,,,,,,rod-shaped,1.0,,negative,17912,29459,1,,2017-12-01 12:54:15
5067,1.25,1.25,1.25,µm,0.55,0.55,0.55,µm,rod-shaped,0.0,,negative,130823,30806,1,,2017-12-01 12:54:15
5068,,,,,1.3,1.3,1.3,µm,,,,positive,13322,29384,1,,2017-12-01 12:54:15
5069,,,,,,,,,,0.0,,positive,11237,29393,1,,2017-12-01 12:54:15
5070,02-03,2.0,3.0,µm,0.7-0.8,0.7,0.8,µm,rod-shaped,0.0,,negative,24722,29759,1,,2017-12-01 12:54:15
5071,,,,,1.3,1.3,1.3,µm,coccus-shaped,,,positive,7633,29409,1,,2017-12-01 12:54:15
5072,,,,,1.25,1.25,1.25,µm,coccus-shaped,,,positive,4262,29420,1,,2017-12-01 12:54:15
5073,1.5-2.3,1.5,2.3,µm,0.3-0.5,0.3,0.5,µm,rod-shaped,0.0,,positive,2387,29513,1,,2017-12-01 12:54:15
5074,1.9-2.4,1.9,2.4,µm,0.6-0.7,0.6,0.7,µm,rod-shaped,1.0,,positive,17891,30152,1,,2017-12-01 12:54:15
5075,0.9-1,0.9,1.0,µm,0.3-0.5,0.3,0.5,µm,rod-shaped,0.0,,positive,7503,29652,1,,2017-12-01 12:54:15
5076,1.45,1.45,1.45,µm,0.79,0.79,0.79,µm,rod-shaped,0.0,,positive,24803,31110,1,,2017-12-01 12:54:15
5077,,,,,,,,,,0.0,,positive,13517,30357,1,,2017-12-01 12:54:15
5078,1.15,1.15,1.15,µm,0.6,0.6,0.6,µm,rod-shaped,1.0,,positive,132137,30696,1,,2017-12-01 12:54:15
5079,,,,,,,,,ovoid-shaped,,,positive,16476,29768,1,,2017-12-01 12:54:15
5080,1.5-5,1.5,5.0,µm,0.9,0.9,0.9,µm,rod-shaped,0.0,,positive,6695,29658,1,,2017-12-01 12:54:15
5081,1.4-1.6,1.4,1.6,µm,0.5,0.5,0.5,µm,rod-shaped,1.0,,variable,11651,29497,1,,2017-12-01 12:54:15
5082,,,,,1,1.0,1.0,µm,coccus-shaped,0.0,,positive,1871,29489,1,,2017-12-01 12:54:15
5083,,,,,,,,,,0.0,,positive,12606,29492,1,,2017-12-01 12:54:15
5084,,,,,,,,,rod-shaped,0.0,,positive,3238,29565,1,,2017-12-01 12:54:15
5085,1.75,1.75,1.75,µm,1,1.0,1.0,µm,ovoid-shaped,1.0,,negative,13878,30107,1,,2017-12-01 12:54:15
5086,1.4-2.7,1.4,2.7,µm,0.5-0.6,0.5,0.6,µm,rod-shaped,0.0,,negative,5708,29627,1,,2017-12-01 12:54:15
5087,2.5,2.5,2.5,µm,0.9,0.9,0.9,µm,rod-shaped,1.0,,positive,12001,29501,1,,2017-12-01 12:54:15
5088,2.5,2.5,2.5,µm,0.9,0.9,0.9,µm,rod-shaped,0.0,,positive,12000,29501,1,,2017-12-01 12:54:15
5089,2,2.0,2.0,µm,,,,,rod-shaped,0.0,,negative,17625,29506,1,,2017-12-01 12:54:15
5090,,,,,,,,,,,,positive,16567,29523,1,,2017-12-01 12:54:15
5091,,,,,1.25,1.25,1.25,µm,coccus-shaped,,,positive,1776,29525,1,,2017-12-01 12:54:15
5092,04-06,4.0,6.0,µm,0.8-1,0.8,1.0,µm,rod-shaped,0.0,,negative,133563,29547,1,,2017-12-01 12:54:15
5093,,,,,0.55,0.55,0.55,µm,coccus-shaped,0.0,,negative,133770,30455,1,,2017-12-01 12:54:15
5094,,,,,0.2,0.2,0.2,µm,,0.0,,negative,133805,30557,1,,2017-12-01 12:54:15
5095,0.75,0.75,0.75,µm,0.5,0.5,0.5,µm,rod-shaped,0.0,,negative,133895,30801,1,,2017-12-01 12:54:15
5096,1.1,1.1,1.1,µm,0.45,0.45,0.45,µm,coccus-shaped,0.0,,negative,133839,30640,1,,2017-12-01 12:54:15
5097,,,,,,,,,,0.0,,positive,8051,29761,1,,2017-12-01 12:54:15
5098,0.2,0.2,0.2,µm,0.2,0.2,0.2,µm,coccus-shaped,0.0,,positive,23071,30673,1,,2017-12-01 12:54:15
5099,2,2.0,2.0,µm,,,,,rod-shaped,0.0,,negative,22941,29559,1,,2017-12-01 12:54:15
5100,1.65,1.65,1.65,µm,0.5,0.5,0.5,µm,rod-shaped,1.0,,negative,22906,29591,1,,2017-12-01 12:54:15
5101,,,,,1.8-3.2,1.8,3.2,µm,coccus-shaped,0.0,,,11944,29910,1,,2017-12-01 12:54:15
5102,1.85,1.85,1.85,µm,0.4,0.4,0.4,µm,rod-shaped,1.0,,negative,14026,29697,1,,2017-12-01 12:54:15
5103,,,,,,,,,,,,positive,11264,29567,1,,2017-12-01 12:54:15
5104,02-03,2.0,3.0,µm,0.5-0.6,0.5,0.6,µm,rod-shaped,1.0,,variable,11650,29620,1,,2017-12-01 12:54:15
5105,1.15,1.15,1.15,µm,1.15,1.15,1.15,µm,coccus-shaped,1.0,,,133646,29913,1,,2017-12-01 12:54:15
5106,2.5,2.5,2.5,µm,0.5,0.5,0.5,µm,rod-shaped,0.0,,positive,24335,30918,1,,2017-12-01 12:54:15
5107,1.2,1.2,1.2,µm,0.45,0.45,0.45,µm,rod-shaped,1.0,,negative,497,29618,1,,2017-12-01 12:54:15
5108,01-02,1.0,2.0,µm,0.4-0.6,0.4,0.6,µm,rod-shaped,0.0,,negative,133603,29714,1,,2017-12-01 12:54:15
5109,01-04,1.0,4.0,µm,0.3-0.5,0.3,0.5,µm,rod-shaped,0.0,,negative,133604,29714,1,,2017-12-01 12:54:15
5110,1.5-3,1.5,3.0,µm,0.3-0.5,0.3,0.5,µm,rod-shaped,0.0,,negative,17720,29624,1,,2017-12-01 12:54:15
5111,2.6,2.6,2.6,µm,1.15,1.15,1.15,µm,coccus-shaped,0.0,,negative,7219,30743,1,,2017-12-01 12:54:15
5112,1.5-6,1.5,6.0,µm,0.5-0.8,0.5,0.8,µm,rod-shaped,1.0,,negative,6076,29777,1,,2017-12-01 12:54:15
5113,,,,,,,,,rod-shaped,0.0,,negative,23990,30278,1,,2017-12-01 12:54:15
5114,1.5-3.0,1.5,3.0,µm,0.5-0.6,0.5,0.6,µm,rod-shaped,0.0,,positive,7462,29931,1,,2017-12-01 12:54:15
5115,6,6.0,6.0,µm,1.25,1.25,1.25,µm,rod-shaped,0.0,,positive,196,30418,1,,2017-12-01 12:54:15
5116,,,,,,,,,coccus-shaped,0.0,,positive,12672,29888,1,,2017-12-01 12:54:15
5117,2.3,2.3,2.3,µm,0.45,0.45,0.45,µm,rod-shaped,1.0,,positive,7792,29737,1,,2017-12-01 12:54:15
5118,2,2.0,2.0,µm,1,1.0,1.0,µm,rod-shaped,0.0,,negative,5709,29738,1,,2017-12-01 12:54:15
5119,1.25,1.25,1.25,µm,1.25,1.25,1.25,µm,coccus-shaped,,,positive,10622,29774,1,,2017-12-01 12:54:15
5120,1.5,1.5,1.5,µm,0.5,0.5,0.5,µm,rod-shaped,0.0,,positive,22902,30836,1,,2017-12-01 12:54:15
5121,2,2.0,2.0,µm,,,,,rod-shaped,0.0,,positive,7358,29797,1,,2017-12-01 12:54:15
5122,,,,,1.3,1.3,1.3,µm,rod-shaped,1.0,,positive,17825,29841,1,,2017-12-01 12:54:15
5123,,,,,,,,,,0.0,,positive,17002,30114,1,,2017-12-01 12:54:15
5124,1.7,1.7,1.7,µm,0.4,0.4,0.4,µm,rod-shaped,,,negative,2101,29852,1,,2017-12-01 12:54:15
5125,,,,,0.4,0.4,0.4,µm,,0.0,,positive,8021,30559,1,,2017-12-01 12:54:15
5126,,,,,0.4,0.4,0.4,µm,,0.0,,positive,8022,30559,1,,2017-12-01 12:54:15
5127,1.75,1.75,1.75,µm,0.5,0.5,0.5,µm,rod-shaped,0.0,,negative,131181,29863,1,,2017-12-01 12:54:15
5128,4,4.0,4.0,µm,0.65,0.65,0.65,µm,spiral-shaped,1.0,,,133722,30276,1,,2017-12-01 12:54:15
5129,1.5,1.5,1.5,µm,1.5,1.5,1.5,µm,rod-shaped,,,negative,130138,31013,1,,2017-12-01 12:54:15
5130,2.5,2.5,2.5,µm,0.9,0.9,0.9,µm,rod-shaped,0.0,,positive,24285,30400,1,,2017-12-01 12:54:15
5131,0.8-1.9,0.8,1.9,µm,0.5-0.9,0.5,0.9,µm,rod-shaped,1.0,,negative,13186,30104,1,,2017-12-01 12:54:15
5132,1.7,1.7,1.7,µm,0.65,0.65,0.65,µm,rod-shaped,0.0,,negative,14131,30447,1,,2017-12-01 12:54:15
5133,1.75,1.75,1.75,µm,0.8,0.8,0.8,µm,rod-shaped,0.0,,negative,14130,30447,1,,2017-12-01 12:54:15
5134,2.25,2.25,2.25,µm,0.75,0.75,0.75,µm,rod-shaped,1.0,,negative,23153,30364,1,,2017-12-01 12:54:15
5135,3.25,3.25,3.25,µm,1.3,1.3,1.3,µm,rod-shaped,1.0,,negative,133915,30868,1,,2017-12-01 12:54:15
5136,4,4.0,4.0,µm,1,1.0,1.0,µm,ovoid-shaped,1.0,,negative,133755,30406,1,,2017-12-01 12:54:15
5137,3-13,3.0,13.0,µm,0.5-0.8,0.5,0.8,µm,rod-shaped,1.0,,positive,1318,29978,1,,2017-12-01 12:54:15
5138,,,,,1,1.0,1.0,µm,ovoid-shaped,,,positive,23795,30444,1,,2017-12-01 12:54:15
5139,1.5,1.5,1.5,µm,,,,,rod-shaped,1.0,,positive,133957,30948,1,,2017-12-01 12:54:15
5140,1.19,1.19,1.19,µm,0.47,0.47,0.47,µm,rod-shaped,0.0,,positive,6489,30463,1,,2017-12-01 12:54:15
5141,1.5,1.5,1.5,µm,0.2,0.2,0.2,µm,rod-shaped,0.0,,negative,23819,31159,1,,2017-12-01 12:54:15
5142,5,5.0,5.0,µm,0.75,0.75,0.75,µm,rod-shaped,0.0,,negative,24725,30768,1,,2017-12-01 12:54:15
5143,0.7,0.7,0.7,µm,0.6,0.6,0.6,µm,rod-shaped,,,positive,23318,30851,1,,2017-12-01 12:54:15
5144,,,,,,,,,,,,positive,23309,30450,1,,2017-12-01 12:54:15
5145,,,,,,,,,,,,positive,16498,30450,1,,2017-12-01 12:54:15
5146,,,,,,,,,,0.0,,positive,24654,30698,1,,2017-12-01 12:54:15
5147,0.7-0.9,0.7,0.9,µm,0.7-0.8,0.7,0.8,µm,,,,positive,16491,30151,1,,2017-12-01 12:54:15
5148,0.7-0.8,0.7,0.8,µm,0.7-0.8,0.7,0.8,µm,,,,positive,23307,30151,1,,2017-12-01 12:54:15
5149,1.5-1.7,1.5,1.7,µm,0.9-1.0,0.9,1.0,µm,,,,positive,16490,30149,1,,2017-12-01 12:54:15
5150,,,,,,,,,,,,positive,16495,30259,1,,2017-12-01 12:54:15
5151,0.7,0.7,0.7,µm,0.65,0.65,0.65,µm,rod-shaped,,,positive,23306,30851,1,,2017-12-01 12:54:15
5152,1.5-4.0,1.5,4.0,µm,0.8,0.8,0.8,µm,rod-shaped,1.0,,positive,1514,30052,1,,2017-12-01 12:54:15
5153,,,,,1-1.2,1.0,1.2,µm,ovoid-shaped,,,positive,16496,30348,1,,2017-12-01 12:54:15
5154,2.5,2.5,2.5,µm,0.9,0.9,0.9,µm,rod-shaped,0.0,,positive,23161,30808,1,,2017-12-01 12:54:15
5155,3,3.0,3.0,µm,0.55,0.55,0.55,µm,rod-shaped,0.0,,negative,5630,30385,1,,2017-12-01 12:54:15
5156,3.5,3.5,3.5,µm,0.9,0.9,0.9,µm,rod-shaped,1.0,,negative,23224,30664,1,,2017-12-01 12:54:15
5157,,,,,,,,,rod-shaped,,,positive,23157,30205,1,,2017-12-01 12:54:15
5158,1.6-5.4,1.6,5.4,µm,0.8-1.1,0.8,1.1,µm,rod-shaped,0.0,,negative,7197,30207,1,,2017-12-01 12:54:15
5159,2.75,2.75,2.75,µm,0.6,0.6,0.6,µm,rod-shaped,,,negative,4187,30302,1,,2017-12-01 12:54:15
5160,1.1,1.1,1.1,µm,0.45,0.45,0.45,µm,ovoid-shaped,0.0,,negative,4188,30302,1,,2017-12-01 12:54:15
5161,2,2.0,2.0,µm,1,1.0,1.0,µm,rod-shaped,,,negative,11339,30283,1,,2017-12-01 12:54:15
5162,1.5,1.5,1.5,µm,0.6,0.6,0.6,µm,rod-shaped,0.0,,negative,5746,30541,1,,2017-12-01 12:54:15
5163,3.75,3.75,3.75,µm,0.5,0.5,0.5,µm,rod-shaped,1.0,gliding,negative,24794,30592,1,,2017-12-01 12:54:15
5164,2.5,2.5,2.5,µm,0.9,0.9,0.9,µm,rod-shaped,1.0,gliding,negative,5586,30323,1,,2017-12-01 12:54:15
5165,1.25,1.25,1.25,µm,0.9,0.9,0.9,µm,rod-shaped,1.0,gliding,negative,5585,30323,1,,2017-12-01 12:54:15
5166,2.75,2.75,2.75,µm,1,1.0,1.0,µm,rod-shaped,1.0,,negative,24668,30820,1,,2017-12-01 12:54:15
5167,,,,,1.0-1.5,1.0,1.5,µm,coccus-shaped,,,positive,22994,30287,1,,2017-12-01 12:54:15
5168,,,,,2.75,2.75,2.75,µm,rod-shaped,0.0,,negative,469,30369,1,,2017-12-01 12:54:15
5169,1.25,1.25,1.25,µm,0.25,0.25,0.25,µm,rod-shaped,0.0,,negative,133920,30874,1,,2017-12-01 12:54:15
5170,0.9,0.9,0.9,µm,0.5,0.5,0.5,µm,rod-shaped,0.0,,negative,133897,30809,1,,2017-12-01 12:54:15
5172,,,,,1.15,1.15,1.15,µm,coccus-shaped,0.0,,positive,12674,30487,1,,2017-12-01 12:54:15
5174,1.15,1.15,1.15,µm,1.15,1.15,1.15,µm,coccus-shaped,0.0,,positive,7761,30452,1,,2017-12-01 12:54:15
5175,3.5,3.5,3.5,µm,1.1,1.1,1.1,µm,rod-shaped,0.0,,negative,24505,30935,1,,2017-12-01 12:54:15
5176,2.9,2.9,2.9,µm,0.85,0.85,0.85,µm,rod-shaped,0.0,,negative,133946,30928,1,,2017-12-01 12:54:15
5177,3.75,3.75,3.75,µm,0.8,0.8,0.8,µm,rod-shaped,0.0,,negative,133947,30928,1,,2017-12-01 12:54:15
5178,3.25,3.25,3.25,µm,0.45,0.45,0.45,µm,rod-shaped,1.0,,positive,23078,30470,1,,2017-12-01 12:54:15
5179,3.5,3.5,3.5,µm,0.5,0.5,0.5,µm,rod-shaped,1.0,,,18033,30375,1,,2017-12-01 12:54:15
5180,2,2.0,2.0,µm,1,1.0,1.0,µm,rod-shaped,0.0,,negative,1675,30359,1,,2017-12-01 12:54:15
5181,4,4.0,4.0,µm,0.75,0.75,0.75,µm,rod-shaped,1.0,,,133803,30555,1,,2017-12-01 12:54:15
5182,3.5,3.5,3.5,µm,0.9,0.9,0.9,µm,rod-shaped,1.0,,,133804,30555,1,,2017-12-01 12:54:15
5183,2.4,2.4,2.4,µm,0.8,0.8,0.8,µm,rod-shaped,0.0,,negative,133773,30464,1,,2017-12-01 12:54:15
5184,1.3,1.3,1.3,µm,1.3,1.3,1.3,µm,coccus-shaped,,,positive,6281,30430,1,,2017-12-01 12:54:15
5185,,,,,,,,,ovoid-shaped,0.0,,positive,3243,30435,1,,2017-12-01 12:54:15
5186,1.5,1.5,1.5,µm,1.5,1.5,1.5,µm,coccus-shaped,0.0,,variable,24068,30458,1,,2017-12-01 12:54:15
5187,1.5-3,1.5,3.0,µm,0.9-1.2,0.9,1.2,µm,ovoid-shaped,0.0,,negative,3782,29626,1,,2017-12-01 12:54:15
5188,0.8-1.1,0.8,1.1,µm,0.4-0.6,0.4,0.6,µm,rod-shaped,1.0,,negative,14287,29663,1,,2017-12-01 12:54:15
5189,1.6,1.6,1.6,µm,0.3,0.3,0.3,µm,,1.0,,negative,133696,30184,1,,2017-12-01 12:54:15
5190,4,4.0,4.0,µm,0.8,0.8,0.8,µm,rod-shaped,0.0,,negative,3835,29773,1,,2017-12-01 12:54:15
5191,1.5-2.0,1.5,2.0,µm,0.5-0.6,0.5,0.6,µm,rod-shaped,0.0,,negative,133631,29856,1,,2017-12-01 12:54:15
5192,1.4-1.5,1.4,1.5,µm,0.7-0.8,0.7,0.8,µm,rod-shaped,0.0,,negative,133632,29856,1,,2017-12-01 12:54:15
5193,3.1,3.1,3.1,µm,0.75,0.75,0.75,µm,rod-shaped,1.0,,negative,23011,30650,1,,2017-12-01 12:54:15
5194,7.5,7.5,7.5,µm,1.25,1.25,1.25,µm,ovoid-shaped,1.0,,negative,23457,30647,1,,2017-12-01 12:54:15
5195,4.6,4.6,4.6,µm,0.6,0.6,0.6,µm,rod-shaped,1.0,,positive,565,29781,1,,2017-12-01 12:54:15
5196,1.2,1.2,1.2,µm,0.7,0.7,0.7,µm,rod-shaped,1.0,,negative,14269,30431,1,,2017-12-01 12:54:15
5197,1.9-2.2,1.9,2.2,µm,0.5-0.6,0.5,0.6,µm,rod-shaped,0.0,,negative,14116,29696,1,,2017-12-01 12:54:15
5198,1-2.3,1.0,2.3,µm,0.4-0.5,0.4,0.5,µm,rod-shaped,1.0,gliding,negative,133570,29581,1,,2017-12-01 12:54:15
5199,,,,,,,,,coccus-shaped,,,positive,16475,29706,1,,2017-12-01 12:54:15
5200,1.9,1.9,1.9,µm,0.65,0.65,0.65,µm,rod-shaped,1.0,,negative,133627,29829,1,,2017-12-01 12:54:15
5201,,,,,,,,,rod-shaped,1.0,,negative,22908,29739,1,,2017-12-01 12:54:15
5202,1.2-3.5,1.2,3.5,µm,0.4-0.6,0.4,0.6,µm,rod-shaped,1.0,,positive,11451,29601,1,,2017-12-01 12:54:15
5203,1.3-1.9,1.3,1.9,µm,0.8-1,0.8,1.0,µm,ovoid-shaped,0.0,,positive,7625,29621,1,,2017-12-01 12:54:15
5204,2.3-4.7,2.3,4.7,µm,1.1-1.6,1.1,1.6,µm,rod-shaped,1.0,,positive,24302,29955,1,,2017-12-01 12:54:15
5205,1.45,1.45,1.45,µm,0.35,0.35,0.35,µm,,1.0,,negative,133582,29646,1,,2017-12-01 12:54:15
5206,1.9-2.4,1.9,2.4,µm,0.6-0.7,0.6,0.7,µm,rod-shaped,0.0,,negative,23880,29732,1,,2017-12-01 12:54:15
5207,0.7,0.7,0.7,µm,0.7,0.7,0.7,µm,coccus-shaped,0.0,,positive,22986,30739,1,,2017-12-01 12:54:15
5208,4,4.0,4.0,µm,0.75,0.75,0.75,µm,ovoid-shaped,0.0,,negative,13772,29740,1,,2017-12-01 12:54:15
5209,1.7,1.7,1.7,µm,0.5,0.5,0.5,µm,rod-shaped,1.0,,negative,23252,30301,1,,2017-12-01 12:54:15
5210,3.1,3.1,3.1,µm,1.35,1.35,1.35,µm,rod-shaped,0.0,,negative,133598,29692,1,,2017-12-01 12:54:15
5211,2.2,2.2,2.2,µm,1.05,1.05,1.05,µm,rod-shaped,1.0,gliding,negative,133613,29769,1,,2017-12-01 12:54:15
5212,2.7,2.7,2.7,µm,0.8,0.8,0.8,µm,rod-shaped,1.0,,negative,10510,29680,1,,2017-12-01 12:54:15
5213,2,2.0,2.0,µm,0.75,0.75,0.75,µm,rod-shaped,0.0,,negative,133634,29862,1,,2017-12-01 12:54:15
5214,1.45,1.45,1.45,µm,0.35,0.35,0.35,µm,rod-shaped,1.0,,negative,130849,30320,1,,2017-12-01 12:54:15
5215,0.8,0.8,0.8,µm,0.5,0.5,0.5,µm,rod-shaped,0.0,,negative,14263,29865,1,,2017-12-01 12:54:15
5216,01-05,1.0,5.0,µm,0.4-1,0.4,1.0,µm,rod-shaped,1.0,,negative,23340,29610,1,,2017-12-01 12:54:15
5217,0.7-2.5,0.7,2.5,µm,0.3-0.6,0.3,0.6,µm,rod-shaped,0.0,,negative,133625,29821,1,,2017-12-01 12:54:15
5218,2.5-5.0,2.5,5.0,µm,0.3-0.5,0.3,0.5,µm,rod-shaped,0.0,,negative,133655,29975,1,,2017-12-01 12:54:15
5219,2.5-5.0,2.5,5.0,µm,0.3-0.5,0.3,0.5,µm,rod-shaped,0.0,,negative,133656,29975,1,,2017-12-01 12:54:15
5220,1.5-3.5,1.5,3.5,µm,0.3-0.6,0.3,0.6,µm,rod-shaped,1.0,,positive,1302,29694,1,,2017-12-01 12:54:15
5221,2.1,2.1,2.1,µm,0.3,0.3,0.3,µm,rod-shaped,0.0,,negative,24683,30964,1,,2017-12-01 12:54:15
5222,4.2,4.2,4.2,µm,0.5,0.5,0.5,µm,rod-shaped,1.0,gliding,negative,133726,30297,1,,2017-12-01 12:54:15
5223,02-03,2.0,3.0,µm,0.6-0.8,0.6,0.8,µm,rod-shaped,,,positive,1303,29741,1,,2017-12-01 12:54:15
5224,1.9,1.9,1.9,µm,0.6,0.6,0.6,µm,rod-shaped,1.0,,positive,23707,29877,1,,2017-12-01 12:54:15
5225,4.25,4.25,4.25,µm,0.65,0.65,0.65,µm,rod-shaped,1.0,,positive,24294,29730,1,,2017-12-01 12:54:15
5226,,,,,,,,,,,,positive,16477,29630,1,,2017-12-01 12:54:15
5227,0.5-0.8,0.5,0.8,µm,0.4-0.6,0.4,0.6,µm,rod-shaped,1.0,,positive,7454,29631,1,,2017-12-01 12:54:15
5228,,,,,0.95,0.95,0.95,µm,coccus-shaped,0.0,,positive,23889,30489,1,,2017-12-01 12:54:15
5229,1.5-2.8,1.5,2.8,µm,0.4-0.7,0.4,0.7,µm,rod-shaped,0.0,,positive,11154,30253,1,,2017-12-01 12:54:15
5230,,,,,,,,,coccus-shaped,0.0,,positive,133630,29850,1,,2017-12-01 12:54:15
5231,9.75,9.75,9.75,µm,1.2,1.2,1.2,µm,rod-shaped,,,negative,23883,31118,1,,2017-12-01 12:54:15
5232,,,,,,,,,rod-shaped,0.0,,positive,7456,29805,1,,2017-12-01 12:54:15
5233,1.25,1.25,1.25,µm,,,,,rod-shaped,0.0,,positive,132119,29800,1,,2017-12-01 12:54:15
5234,1.25,1.25,1.25,µm,1.25,1.25,1.25,µm,coccus-shaped,0.0,,positive,7666,29803,1,,2017-12-01 12:54:15
5235,6,6.0,6.0,µm,0.5,0.5,0.5,µm,rod-shaped,0.0,,positive,11660,30269,1,,2017-12-01 12:54:15
5236,1.5-2,1.5,2.0,µm,1,1.0,1.0,µm,ovoid-shaped,1.0,,negative,5012,29720,1,,2017-12-01 12:54:15
5237,02-03,2.0,3.0,µm,1,1.0,1.0,µm,rod-shaped,1.0,,negative,5013,29720,1,,2017-12-01 12:54:15
5238,2.15,2.15,2.15,µm,0.85,0.85,0.85,µm,rod-shaped,1.0,,negative,24527,31138,1,,2017-12-01 12:54:15
5239,2.9,2.9,2.9,µm,0.55,0.55,0.55,µm,rod-shaped,0.0,,negative,133578,29635,1,,2017-12-01 12:54:15
5240,1.75,1.75,1.75,µm,0.5,0.5,0.5,µm,,1.0,,negative,11375,29681,1,,2017-12-01 12:54:15
5241,,,,,,,,,,0.0,,positive,13474,29665,1,,2017-12-01 12:54:15
5242,,,,,,,,,,0.0,,positive,13273,29853,1,,2017-12-01 12:54:15
5243,,,,,,,,,ovoid-shaped,,,negative,17239,29734,1,,2017-12-01 12:54:15
5244,1.47,1.47,1.47,µm,0.75,0.75,0.75,µm,rod-shaped,1.0,,negative,17368,30329,1,,2017-12-01 12:54:15
5245,1.5,1.5,1.5,µm,0.6,0.6,0.6,µm,rod-shaped,0.0,,positive,3240,29785,1,,2017-12-01 12:54:15
5246,,,,,,,,,rod-shaped,1.0,,negative,4404,29771,1,,2017-12-01 12:54:15
5247,1.8-2.8,1.8,2.8,µm,1-1.2,1.0,1.2,µm,rod-shaped,0.0,,negative,133587,29671,1,,2017-12-01 12:54:15
5248,3-6.3,3.0,6.3,µm,0.9-1.1,0.9,1.1,µm,rod-shaped,0.0,,negative,133588,29671,1,,2017-12-01 12:54:15
5249,1.6-3.3,1.6,3.3,µm,1.2-1.5,1.2,1.5,µm,rod-shaped,0.0,,negative,7203,29689,1,,2017-12-01 12:54:15
5250,2-4.3,2.0,4.3,µm,0.9-1.1,0.9,1.1,µm,rod-shaped,0.0,,negative,133589,29671,1,,2017-12-01 12:54:15
5251,1.2-2.5,1.2,2.5,µm,0.4-0.5,0.4,0.5,µm,rod-shaped,0.0,,negative,130500,29686,1,,2017-12-01 12:54:15
5252,1.5,1.5,1.5,µm,0.5,0.5,0.5,µm,rod-shaped,0.0,,positive,22982,30824,1,,2017-12-01 12:54:15
5253,,,,,,,,,,0.0,,positive,8047,30454,1,,2017-12-01 12:54:15
5254,,,,,,,,,,0.0,,positive,24054,30996,1,,2017-12-01 12:54:15
5255,0.7-0.9,0.7,0.9,µm,0.2-0.3,0.2,0.3,µm,rod-shaped,1.0,,positive,7507,29688,1,,2017-12-01 12:54:15
5256,1.5-2,1.5,2.0,µm,1,1.0,1.0,µm,rod-shaped,0.0,,negative,1631,29749,1,,2017-12-01 12:54:15
5257,1.75,1.75,1.75,µm,0.9,0.9,0.9,µm,rod-shaped,1.0,,negative,22907,30242,1,,2017-12-01 12:54:15
5258,1.75,1.75,1.75,µm,0.5,0.5,0.5,µm,rod-shaped,1.0,,negative,17662,29795,1,,2017-12-01 12:54:15
5259,2.59,2.59,2.59,µm,0.34,0.34,0.34,µm,rod-shaped,1.0,,negative,132148,30772,1,,2017-12-01 12:54:15
5260,2.61,2.61,2.61,µm,0.33,0.33,0.33,µm,rod-shaped,1.0,,negative,132147,30772,1,,2017-12-01 12:54:15
5261,2.7,2.7,2.7,µm,0.3,0.3,0.3,µm,rod-shaped,1.0,,negative,130531,30772,1,,2017-12-01 12:54:15
5262,0.8,0.8,0.8,µm,0.25,0.25,0.25,µm,rod-shaped,0.0,,negative,5623,29884,1,,2017-12-01 12:54:15
5263,1.2-4,1.2,4.0,µm,0.5-1,0.5,1.0,µm,rod-shaped,1.0,gliding,negative,133600,29707,1,,2017-12-01 12:54:15
5264,,,,,,,,,,,,positive,16494,30245,1,,2017-12-01 12:54:15
5265,,,,,,,,,rod-shaped,0.0,,positive,3239,29744,1,,2017-12-01 12:54:15
5266,1.4-1.8,1.4,1.8,µm,0.5-0.7,0.5,0.7,µm,rod-shaped,1.0,,negative,17907,30224,1,,2017-12-01 12:54:15
5267,02-05,2.0,5.0,µm,0.3-0.5,0.3,0.5,µm,rod-shaped,1.0,,positive,16822,30068,1,,2017-12-01 12:54:15
5268,,,,,,,,,rod-shaped,0.0,,positive,13404,29750,1,,2017-12-01 12:54:15
5269,,,,,,,,,,,,positive,13491,29824,1,,2017-12-01 12:54:15
5270,2.25,2.25,2.25,µm,0.45,0.45,0.45,µm,rod-shaped,1.0,,positive,11656,29814,1,,2017-12-01 12:54:15
5271,1.3-2,1.3,2.0,µm,0.3-0.7,0.3,0.7,µm,rod-shaped,0.0,,negative,5580,29779,1,,2017-12-01 12:54:15
5272,0.6-1.4,0.6,1.4,µm,0.3-0.6,0.3,0.6,µm,rod-shaped,0.0,,negative,14129,30307,1,,2017-12-01 12:54:15
5273,,,,,,,,,,,,positive,8019,30103,1,,2017-12-01 12:54:15
5274,,,,,,,,,coccus-shaped,0.0,,positive,14848,29811,1,,2017-12-01 12:54:15
5275,4.5,4.5,4.5,µm,0.45,0.45,0.45,µm,rod-shaped,0.0,,negative,24502,29911,1,,2017-12-01 12:54:15
5276,1.6,1.6,1.6,µm,0.45,0.45,0.45,µm,rod-shaped,0.0,,negative,133629,29843,1,,2017-12-01 12:54:15
5277,,,,,,,,,coccus-shaped,,,,24235,30561,1,,2017-12-01 12:54:15
5278,1.15,1.15,1.15,µm,0.55,0.55,0.55,µm,rod-shaped,1.0,gliding,negative,17500,29790,1,,2017-12-01 12:54:15
5279,,,,,,,,,,,,positive,11265,29953,1,,2017-12-01 12:54:15
5280,1.25,1.25,1.25,µm,0.6,0.6,0.6,µm,rod-shaped,,,negative,13640,29866,1,,2017-12-01 12:54:15
5281,1.9,1.9,1.9,µm,0.6,0.6,0.6,µm,rod-shaped,0.0,,negative,133615,29792,1,,2017-12-01 12:54:15
5282,1.25,1.25,1.25,µm,0.45,0.45,0.45,µm,rod-shaped,0.0,,negative,134016,31064,1,,2017-12-01 12:54:15
5283,02-04,2.0,4.0,µm,0.7-0.8,0.7,0.8,µm,rod-shaped,1.0,,negative,4408,30177,1,,2017-12-01 12:54:15
5284,2.6,2.6,2.6,µm,0.85,0.85,0.85,µm,rod-shaped,0.0,,negative,24047,30740,1,,2017-12-01 12:54:15
5285,1.25,1.25,1.25,µm,0.5,0.5,0.5,µm,rod-shaped,0.0,,negative,23330,30819,1,,2017-12-01 12:54:15
5286,3.5,3.5,3.5,µm,1,1.0,1.0,µm,rod-shaped,1.0,,negative,133616,29793,1,,2017-12-01 12:54:15
5287,1.2,1.2,1.2,µm,0.3,0.3,0.3,µm,rod-shaped,1.0,,positive,24282,29823,1,,2017-12-01 12:54:15
5288,1.05,1.05,1.05,µm,0.35,0.35,0.35,µm,rod-shaped,0.0,,positive,24283,29838,1,,2017-12-01 12:54:15
5289,1.75,1.75,1.75,µm,0.5,0.5,0.5,µm,rod-shaped,0.0,,negative,23259,30569,1,,2017-12-01 12:54:15
5290,1.1,1.1,1.1,µm,0.6,0.6,0.6,µm,ovoid-shaped,1.0,,negative,133963,30963,1,,2017-12-01 12:54:15
5291,,,,,,,,,ovoid-shaped,1.0,,negative,133720,30271,1,,2017-12-01 12:54:15
5292,2.5,2.5,2.5,µm,0.35,0.35,0.35,µm,rod-shaped,1.0,,positive,23742,30846,1,,2017-12-01 12:54:15
5293,0.35,0.35,0.35,µm,0.3,0.3,0.3,µm,rod-shaped,0.0,,positive,133809,30565,1,,2017-12-01 12:54:15
5294,2.8,2.8,2.8,µm,1,1.0,1.0,µm,rod-shaped,1.0,,negative,17367,30282,1,,2017-12-01 12:54:15
5295,,,,,,,,,,,,positive,133638,29883,1,,2017-12-01 12:54:15
5296,,,,,,,,,,0.0,,positive,133626,29828,1,,2017-12-01 12:54:15
5297,,,,,,,,,rod-shaped,,,positive,11266,30221,1,,2017-12-01 12:54:15
5298,0.7-1.2,0.7,1.2,µm,0.4-0.5,0.4,0.5,µm,rod-shaped,0.0,,negative,5624,30087,1,,2017-12-01 12:54:15
5299,1.2-1.5,1.2,1.5,µm,0.3-0.5,0.3,0.5,µm,rod-shaped,0.0,,negative,133622,29810,1,,2017-12-01 12:54:15
5300,2.5,2.5,2.5,µm,0.8,0.8,0.8,µm,spiral-shaped,1.0,,negative,24683,30199,1,,2017-12-01 12:54:15
5301,4.25,4.25,4.25,µm,1.2,1.2,1.2,µm,,1.0,,negative,5982,30446,1,,2017-12-01 12:54:15
5302,0.95,0.95,0.95,µm,0.75,0.75,0.75,µm,rod-shaped,1.0,,negative,133810,30566,1,,2017-12-01 12:54:15
5303,1.2,1.2,1.2,µm,0.55,0.55,0.55,µm,rod-shaped,1.0,,negative,130281,30132,1,,2017-12-01 12:54:15
5304,1.75,1.75,1.75,µm,1.75,1.75,1.75,µm,coccus-shaped,0.0,,positive,14416,29813,1,,2017-12-01 12:54:15
5305,1.75,1.75,1.75,µm,,,,,coccus-shaped,0.0,,positive,14415,29813,1,,2017-12-01 12:54:15
5306,1.75,1.75,1.75,µm,1.75,1.75,1.75,µm,coccus-shaped,0.0,,positive,14415,29813,1,,2017-12-01 12:54:15
5307,2.85,2.85,2.85,µm,0.5,0.5,0.5,µm,rod-shaped,1.0,gliding,negative,133799,30548,1,,2017-12-01 12:54:15
5308,1,1.0,1.0,µm,0.5,0.5,0.5,µm,rod-shaped,0.0,,negative,5587,30293,1,,2017-12-01 12:54:15
5309,1.3-2.0,1.3,2.0,µm,0.8-1,0.8,1.0,µm,rod-shaped,0.0,,negative,17928,30203,1,,2017-12-01 12:54:15
5310,2.4,2.4,2.4,µm,1,1.0,1.0,µm,rod-shaped,1.0,,negative,13648,30107,1,,2017-12-01 12:54:15
5311,2.25,2.25,2.25,µm,0.75,0.75,0.75,µm,rod-shaped,0.0,,negative,398,29816,1,,2017-12-01 12:54:15
5312,2,2.0,2.0,µm,1,1.0,1.0,µm,rod-shaped,0.0,,negative,5711,29830,1,,2017-12-01 12:54:15
5313,1.6,1.6,1.6,µm,0.75,0.75,0.75,µm,rod-shaped,0.0,,negative,133641,29895,1,,2017-12-01 12:54:15
5314,3,3.0,3.0,µm,0.35,0.35,0.35,µm,rod-shaped,1.0,,negative,23450,30230,1,,2017-12-01 12:54:15
5315,0.775,0.78,0.78,µm,0.42,0.42,0.42,µm,,0.0,,positive,16503,30422,1,,2017-12-01 12:54:15
5316,,,,,,,,,ovoid-shaped,0.0,,positive,11048,30260,1,,2017-12-01 12:54:15
5317,1.35,1.35,1.35,µm,0.5,0.5,0.5,µm,rod-shaped,1.0,,negative,24008,30700,1,,2017-12-01 12:54:15
5318,0.6,0.6,0.6,µm,0.5,0.5,0.5,µm,coccus-shaped,0.0,,positive,23200,30312,1,,2017-12-01 12:54:15
5319,04-05,4.0,5.0,µm,0.4-0.6,0.4,0.6,µm,rod-shaped,1.0,,negative,6173,29880,1,,2017-12-01 12:54:15
5320,3,3.0,3.0,µm,1.3,1.3,1.3,µm,rod-shaped,1.0,,negative,133633,29861,1,,2017-12-01 12:54:15
5321,5,5.0,5.0,µm,0.5,0.5,0.5,µm,rod-shaped,1.0,,positive,1304,29858,1,,2017-12-01 12:54:15
5322,0.43,0.43,0.43,µm,0.27,0.27,0.27,µm,rod-shaped,1.0,,positive,23103,30888,1,,2017-12-01 12:54:15
5323,1.75,1.75,1.75,µm,0.65,0.65,0.65,µm,rod-shaped,1.0,,negative,133709,30234,1,,2017-12-01 12:54:15
5324,1,1.0,1.0,µm,0.35,0.35,0.35,µm,rod-shaped,0.0,,negative,133871,30729,1,,2017-12-01 12:54:15
5325,1.4,1.4,1.4,µm,0.4,0.4,0.4,µm,rod-shaped,1.0,,negative,13869,30598,1,,2017-12-01 12:54:15
5326,4,4.0,4.0,µm,0.75,0.75,0.75,µm,ovoid-shaped,0.0,,negative,133749,30384,1,,2017-12-01 12:54:15
5327,2.5-3.5,2.5,3.5,µm,0.4-0.5,0.4,0.5,µm,rod-shaped,1.0,,positive,22921,30243,1,,2017-12-01 12:54:15
5328,01-06,1.0,6.0,µm,0.5-0.6,0.5,0.6,µm,rod-shaped,1.0,,positive,17981,29970,1,,2017-12-01 12:54:15
5329,1.0-4.0,1.0,4.0,µm,0.5-1.0,0.5,1.0,µm,rod-shaped,1.0,,variable,1496,30306,1,,2017-12-01 12:54:15
5330,4.4,4.4,4.4,µm,0.45,0.45,0.45,µm,rod-shaped,1.0,,negative,22967,30378,1,,2017-12-01 12:54:15
5331,1.5,1.5,1.5,µm,0.75,0.75,0.75,µm,rod-shaped,1.0,,negative,133823,30606,1,,2017-12-01 12:54:15
5332,1.75,1.75,1.75,µm,0.65,0.65,0.65,µm,rod-shaped,1.0,,negative,22975,30501,1,,2017-12-01 12:54:15
5333,2,2.0,2.0,µm,0.6,0.6,0.6,µm,rod-shaped,1.0,,negative,2524,29876,1,,2017-12-01 12:54:15
5334,2.45,2.45,2.45,µm,1.25,1.25,1.25,µm,rod-shaped,1.0,,negative,133820,30594,1,,2017-12-01 12:54:15
5335,1.5-3.0,1.5,3.0,µm,0.4-0.5,0.4,0.5,µm,rod-shaped,0.0,,positive,11153,30220,1,,2017-12-01 12:54:15
5336,0.8-1.8,0.8,1.8,µm,0.5-0.7,0.5,0.7,µm,ovoid-shaped,0.0,,positive,7629,30223,1,,2017-12-01 12:54:15
5337,1.15,1.15,1.15,µm,0.35,0.35,0.35,µm,rod-shaped,0.0,,variable,7516,30442,1,,2017-12-01 12:54:15
5338,,,,,,,,,rod-shaped,0.0,,positive,24196,31127,1,,2017-12-01 12:54:15
5339,1.3,1.3,1.3,µm,0.35,0.35,0.35,µm,rod-shaped,1.0,,positive,133670,30051,1,,2017-12-01 12:54:15
5340,,,,,,,,,coccus-shaped,0.0,,positive,5362,30210,1,,2017-12-01 12:54:15
5341,1.5,1.5,1.5,µm,0.6,0.6,0.6,µm,rod-shaped,1.0,,positive,12006,30158,1,,2017-12-01 12:54:15
5342,,,,,,,,,rod-shaped,,,positive,8588,30324,1,,2017-12-01 12:54:15
5343,2.25,2.25,2.25,µm,0.85,0.85,0.85,µm,rod-shaped,1.0,,negative,133800,30550,1,,2017-12-01 12:54:15
5344,2.5,2.5,2.5,µm,0.4,0.4,0.4,µm,rod-shaped,1.0,,negative,23345,30545,1,,2017-12-01 12:54:15
5345,2.65,2.65,2.65,µm,0.55,0.55,0.55,µm,rod-shaped,0.0,,positive,6705,30463,1,,2017-12-01 12:54:15
5346,2.75,2.75,2.75,µm,0.8,0.8,0.8,µm,rod-shaped,1.0,,negative,22996,30467,1,,2017-12-01 12:54:15
5347,1.25,1.25,1.25,µm,1.25,1.25,1.25,µm,coccus-shaped,,,positive,10624,30482,1,,2017-12-01 12:54:15
5348,1.5,1.5,1.5,µm,1,1.0,1.0,µm,ovoid-shaped,0.0,,positive,24150,30619,1,,2017-12-01 12:54:15
5349,,,,,,,,,,,,positive,16502,30549,1,,2017-12-01 12:54:15
5350,6.5,6.5,6.5,µm,0.9,0.9,0.9,µm,rod-shaped,1.0,,positive,22933,30593,1,,2017-12-01 12:54:15
5351,4,4.0,4.0,µm,0.75,0.75,0.75,µm,rod-shaped,1.0,,positive,23745,31081,1,,2017-12-01 12:54:15
5352,3.5,3.5,3.5,µm,0.9,0.9,0.9,µm,rod-shaped,1.0,,positive,22934,30789,1,,2017-12-01 12:54:15
5353,1,1.0,1.0,µm,1,1.0,1.0,µm,coccus-shaped,0.0,,positive,24107,30962,1,,2017-12-01 12:54:15
5354,,,,,,,,,rod-shaped,0.0,,negative,3837,30495,1,,2017-12-01 12:54:15
5355,2.5,2.5,2.5,µm,1.1,1.1,1.1,µm,rod-shaped,,,positive,7465,30509,1,,2017-12-01 12:54:15
5356,1,1.0,1.0,µm,0.35,0.35,0.35,µm,ovoid-shaped,0.0,,,24522,30524,1,,2017-12-01 12:54:15
5357,4,4.0,4.0,µm,0.5,0.5,0.5,µm,rod-shaped,0.0,,positive,22969,30684,1,,2017-12-01 12:54:15
5358,1,1.0,1.0,µm,0.5,0.5,0.5,µm,rod-shaped,1.0,,negative,24261,30576,1,,2017-12-01 12:54:15
5359,2.25,2.25,2.25,µm,0.85,0.85,0.85,µm,rod-shaped,1.0,,negative,23547,30616,1,,2017-12-01 12:54:15
5360,3.5,3.5,3.5,µm,0.9,0.9,0.9,µm,rod-shaped,0.0,,positive,23552,30946,1,,2017-12-01 12:54:15
5361,1.75,1.75,1.75,µm,1,1.0,1.0,µm,ovoid-shaped,0.0,,positive,24130,30777,1,,2017-12-01 12:54:15
5362,1.5,1.5,1.5,µm,0.7,0.7,0.7,µm,rod-shaped,1.0,,negative,23284,30877,1,,2017-12-01 12:54:15
5363,2.5,2.5,2.5,µm,0.9,0.9,0.9,µm,,0.0,,positive,24286,30654,1,,2017-12-01 12:54:15
5364,3,3.0,3.0,µm,1.1,1.1,1.1,µm,rod-shaped,1.0,,negative,133843,30653,1,,2017-12-01 12:54:15
5365,,,,,,,,,,1.0,,positive,24057,31067,1,,2017-12-01 12:54:15
5366,1.6,1.6,1.6,µm,0.7,0.7,0.7,µm,rod-shaped,1.0,,negative,24494,30861,1,,2017-12-01 12:54:15
5367,,,,,,,,,rod-shaped,1.0,,negative,133888,30775,1,,2017-12-01 12:54:15
5368,1,1.0,1.0,µm,0.5,0.5,0.5,µm,rod-shaped,0.0,,negative,24032,31053,1,,2017-12-01 12:54:15
5369,1.5,1.5,1.5,µm,0.55,0.55,0.55,µm,rod-shaped,0.0,,,134033,31103,1,,2017-12-01 12:54:15
5370,3.5,3.5,3.5,µm,1.1,1.1,1.1,µm,rod-shaped,0.0,,,134034,31103,1,,2017-12-01 12:54:15
5371,1.8,1.8,1.8,µm,0.45,0.45,0.45,µm,rod-shaped,1.0,,negative,134000,31029,1,,2017-12-01 12:54:15
5372,0.55,0.55,0.55,µm,0.55,0.55,0.55,µm,coccus-shaped,0.0,,positive,22987,30725,1,,2017-12-01 12:54:15
5373,14,14.0,14.0,µm,0.4,0.4,0.4,µm,rod-shaped,0.0,,negative,134037,31112,1,,2017-12-01 12:54:15
5374,3.15,3.15,3.15,µm,0.6,0.6,0.6,µm,rod-shaped,1.0,,negative,134071,31172,1,,2017-12-01 12:54:15
5375,2.5,2.5,2.5,µm,1.25,1.25,1.25,µm,rod-shaped,0.0,,negative,132151,30839,1,,2017-12-01 12:54:15
5376,1.3,1.3,1.3,µm,0.7,0.7,0.7,µm,rod-shaped,0.0,,positive,23165,30766,1,,2017-12-01 12:54:15
5377,6,6.0,6.0,µm,0.75,0.75,0.75,µm,rod-shaped,0.0,,negative,24770,30840,1,,2017-12-01 12:54:15
5378,15,15.0,15.0,µm,0.2,0.2,0.2,µm,spiral-shaped,1.0,,negative,133913,30865,1,,2017-12-01 12:54:15
5379,2,2.0,2.0,µm,0.6,0.6,0.6,µm,rod-shaped,0.0,,negative,24724,30797,1,,2017-12-01 12:54:15
5380,,,,,,,,,,1.0,,positive,5822,30889,1,,2017-12-01 12:54:15
5381,3,3.0,3.0,µm,1.5,1.5,1.5,µm,rod-shaped,0.0,,negative,24816,30940,1,,2017-12-01 12:54:15
5382,3,3.0,3.0,µm,0.55,0.55,0.55,µm,rod-shaped,0.0,,negative,130824,30866,1,,2017-12-01 12:54:15
5383,1.4,1.4,1.4,µm,0.45,0.45,0.45,µm,spiral-shaped,,,,130677,30969,1,,2017-12-01 12:54:15
5384,1.9,1.9,1.9,µm,0.7,0.7,0.7,µm,rod-shaped,0.0,,negative,133974,30983,1,,2017-12-01 12:54:15
5385,1.75,1.75,1.75,µm,0.7,0.7,0.7,µm,rod-shaped,0.0,,negative,133975,30983,1,,2017-12-01 12:54:15
5386,1.75,1.75,1.75,µm,0.7,0.7,0.7,µm,rod-shaped,0.0,,negative,133976,30983,1,,2017-12-01 12:54:15
5387,1.25,1.25,1.25,µm,0.75,0.75,0.75,µm,rod-shaped,0.0,,positive,23876,31049,1,,2017-12-01 12:54:15
5388,1.3,1.3,1.3,µm,0.7,0.7,0.7,µm,rod-shaped,0.0,,positive,23877,31049,1,,2017-12-01 12:54:15
5389,2.5,2.5,2.5,µm,0.35,0.35,0.35,µm,rod-shaped,0.0,,negative,133997,31024,1,,2017-12-01 12:54:15
5390,1.75,1.75,1.75,µm,0.65,0.65,0.65,µm,rod-shaped,0.0,,negative,133992,31019,1,,2017-12-01 12:54:15
5391,1.3,1.3,1.3,µm,0.5,0.5,0.5,µm,coccus-shaped,0.0,,negative,133993,31019,1,,2017-12-01 12:54:15
5392,3,3.0,3.0,µm,0.9,0.9,0.9,µm,rod-shaped,1.0,,negative,133969,30975,1,,2017-12-01 12:54:15
5393,2.5,2.5,2.5,µm,0.8,0.8,0.8,µm,rod-shaped,,,variable,4384,31037,1,,2017-12-01 12:54:15
5394,1.33,1.33,1.33,µm,0.485,0.48,0.48,µm,rod-shaped,0.0,,positive,24189,31046,1,,2017-12-01 12:54:15
5395,0.75,0.75,0.75,µm,0.75,0.75,0.75,µm,coccus-shaped,0.0,,positive,23809,31048,1,,2017-12-01 12:54:15
5396,,,,,,,,,rod-shaped,,,positive,24238,31096,1,,2017-12-01 12:54:15
5397,2.5,2.5,2.5,µm,0.85,0.85,0.85,µm,rod-shaped,1.0,,negative,24440,31066,1,,2017-12-01 12:54:15
5398,2,2.0,2.0,µm,0.9,0.9,0.9,µm,rod-shaped,0.0,,positive,24139,31160,1,,2017-12-01 12:54:15
5399,3,3.0,3.0,µm,0.9,0.9,0.9,µm,rod-shaped,0.0,,positive,24140,31160,1,,2017-12-01 12:54:15
5400,2,2.0,2.0,µm,0.9,0.9,0.9,µm,rod-shaped,0.0,,positive,134061,31160,1,,2017-12-01 12:54:15
5401,2.0-3.4,2.0,3.4,µm,0.8-1.3,0.8,1.3,µm,,1.0,,positive,23712,31171,1,,2017-12-01 12:54:15
5402,1.5-3.6,1.5,3.6,µm,0.5-0.9,0.5,0.9,µm,,1.0,,positive,23713,31171,1,,2017-12-01 12:54:15
5403,1.0-2.5,1.0,2.5,µm,0.3-0.5,0.3,0.5,µm,rod-shaped,1.0,,negative,7240,29893,1,,2017-12-01 12:54:15
5404,1-1.2,1.0,1.2,µm,0.3-0.5,0.3,0.5,µm,rod-shaped,0.0,,negative,23449,30388,1,,2017-12-01 12:54:15
5405,1.3-1.6,1.3,1.6,µm,1.1-1.2,1.1,1.2,µm,rod-shaped,0.0,,negative,133643,29902,1,,2017-12-01 12:54:15
5406,1.55,1.55,1.55,µm,0.7,0.7,0.7,µm,rod-shaped,1.0,,negative,132145,30610,1,,2017-12-01 12:54:15
5407,1.1,1.1,1.1,µm,0.65,0.65,0.65,µm,rod-shaped,1.0,,negative,133775,30468,1,,2017-12-01 12:54:15
5408,0.9,0.9,0.9,µm,0.5,0.5,0.5,µm,rod-shaped,1.0,,negative,17358,29842,1,,2017-12-01 12:54:15
5409,0.7-1.3,0.7,1.3,µm,0.5-0.6,0.5,0.6,µm,ovoid-shaped,0.0,,negative,2349,30056,1,,2017-12-01 12:54:15
5410,,,,,1,1.0,1.0,µm,ovoid-shaped,0.0,,negative,8148,30511,1,,2017-12-01 12:54:15
5411,1.5,1.5,1.5,µm,0.3,0.3,0.3,µm,rod-shaped,1.0,gliding,negative,133706,30222,1,,2017-12-01 12:54:15
5412,22,22.0,22.0,µm,0.65,0.65,0.65,µm,rod-shaped,0.0,,variable,23072,30713,1,,2017-12-01 12:54:15
5413,1.6,1.6,1.6,µm,0.45,0.45,0.45,µm,rod-shaped,1.0,,negative,11341,30355,1,,2017-12-01 12:54:15
5414,1.75,1.75,1.75,µm,0.6,0.6,0.6,µm,rod-shaped,1.0,,negative,133667,30036,1,,2017-12-01 12:54:15
5415,03-08,3.0,8.0,µm,0.5-1,0.5,1.0,µm,rod-shaped,,,negative,133707,30228,1,,2017-12-01 12:54:15
5416,1.0-3.0,1.0,3.0,µm,0.3,0.3,0.3,µm,rod-shaped,0.0,,negative,133644,29903,1,,2017-12-01 12:54:15
5417,,,,,,,,,,1.0,,,134075,31179,1,,2017-12-01 12:54:15
5418,,,,,,,,,,1.0,,negative,134076,31179,1,,2017-12-01 12:54:15
5419,4.5,4.5,4.5,µm,0.35,0.35,0.35,µm,rod-shaped,1.0,gliding,negative,134007,31039,1,,2017-12-01 12:54:15
5420,1.4,1.4,1.4,µm,0.4,0.4,0.4,µm,rod-shaped,,,negative,14270,30382,1,,2017-12-01 12:54:15
5421,01-02,1.0,2.0,µm,0.4-0.8,0.4,0.8,µm,rod-shaped,0.0,,negative,133652,29940,1,,2017-12-01 12:54:15
5422,24,24.0,24.0,µm,0.75,0.75,0.75,µm,rod-shaped,1.0,,negative,17147,30270,1,,2017-12-01 12:54:15
5423,1.0-2.0,1.0,2.0,µm,0.5-1.0,0.5,1.0,µm,ovoid-shaped,0.0,,negative,130458,30072,1,,2017-12-01 12:54:15
5424,,,,,1.0-2.0,1.0,2.0,µm,coccus-shaped,0.0,,negative,3899,29916,1,,2017-12-01 12:54:15
5425,2.5,2.5,2.5,µm,0.5,0.5,0.5,µm,rod-shaped,0.0,,negative,133729,30309,1,,2017-12-01 12:54:15
5426,1.0-4.0,1.0,4.0,µm,0.2-0.4,0.2,0.4,µm,rod-shaped,0.0,,negative,133694,30179,1,,2017-12-01 12:54:15
5427,3.5,3.5,3.5,µm,0.6,0.6,0.6,µm,rod-shaped,0.0,,negative,133724,30288,1,,2017-12-01 12:54:15
5428,1.25,1.25,1.25,µm,0.9,0.9,0.9,µm,rod-shaped,0.0,,negative,130227,30496,1,,2017-12-01 12:54:15
5429,4.5,4.5,4.5,µm,0.6,0.6,0.6,µm,rod-shaped,0.0,,negative,133785,30490,1,,2017-12-01 12:54:15
5430,1.6,1.6,1.6,µm,0.45,0.45,0.45,µm,rod-shaped,1.0,,negative,131253,30397,1,,2017-12-01 12:54:15
5431,1.6,1.6,1.6,µm,0.45,0.45,0.45,µm,rod-shaped,1.0,,negative,131254,30397,1,,2017-12-01 12:54:15
5432,1.5,1.5,1.5,µm,0.9,0.9,0.9,µm,rod-shaped,1.0,,negative,130228,30607,1,,2017-12-01 12:54:15
5433,2,2.0,2.0,µm,0.75,0.75,0.75,µm,rod-shaped,1.0,gliding,negative,133739,30349,1,,2017-12-01 12:54:15
5434,,,,,,,,,rod-shaped,0.0,,negative,132917,30693,1,,2017-12-01 12:54:15
5435,,,,,,,,,rod-shaped,,,positive,23073,30238,1,,2017-12-01 12:54:15
5436,,,,,,,,,coccus-shaped,,,positive,6842,30225,1,,2017-12-01 12:54:15
5437,,,,,,,,,,0.0,,positive,10715,30611,1,,2017-12-01 12:54:15
5438,,,,,,,,,ovoid-shaped,0.0,,positive,24620,30931,1,,2017-12-01 12:54:15
5439,1.5-2.0,1.5,2.0,µm,0.6-0.8,0.6,0.8,µm,rod-shaped,1.0,,negative,6172,29880,1,,2017-12-01 12:54:15
5440,4.5,4.5,4.5,µm,0.35,0.35,0.35,µm,rod-shaped,1.0,gliding,negative,133734,30330,1,,2017-12-01 12:54:15
5441,5.3,5.3,5.3,µm,0.35,0.35,0.35,µm,rod-shaped,1.0,gliding,negative,133735,30330,1,,2017-12-01 12:54:15
5442,,,,,,,,,coccus-shaped,0.0,,positive,14677,30020,1,,2017-12-01 12:54:15
5443,4.25,4.25,4.25,µm,2,2.0,2.0,µm,rod-shaped,0.0,,negative,24014,31008,1,,2017-12-01 12:54:15
5444,3.0-6.5,3.0,6.5,µm,0.6-0.7,0.6,0.7,µm,spiral-shaped,1.0,,negative,6110,30086,1,,2017-12-01 12:54:15
5445,1.5-2.5,1.5,2.5,µm,0.5-0.8,0.5,0.8,µm,coccus-shaped,0.0,,positive,133713,30247,1,,2017-12-01 12:54:15
5446,1.65,1.65,1.65,µm,0.65,0.65,0.65,µm,ovoid-shaped,0.0,,positive,24769,30457,1,,2017-12-01 12:54:15
5447,,,,,,,,,rod-shaped,0.0,,negative,11759,30597,1,,2017-12-01 12:54:15
5448,1.1-1.5,1.1,1.5,µm,0.6-0.8,0.6,0.8,µm,rod-shaped,0.0,,negative,133679,30126,1,,2017-12-01 12:54:15
5449,1.8,1.8,1.8,µm,0.55,0.55,0.55,µm,rod-shaped,1.0,,negative,131250,30239,1,,2017-12-01 12:54:15
5450,2.0-5.0,2.0,5.0,µm,0.2-0.5,0.2,0.5,µm,rod-shaped,0.0,,negative,133662,30005,1,,2017-12-01 12:54:15
5451,,,,,,,,,,,,positive,16493,30167,1,,2017-12-01 12:54:15
5452,,,,,1,1.0,1.0,µm,rod-shaped,,,positive,23350,30415,1,,2017-12-01 12:54:15
5453,1.0-6.0,1.0,6.0,µm,0.4-0.8,0.4,0.8,µm,rod-shaped,1.0,,negative,24507,30084,1,,2017-12-01 12:54:15
5454,1-1.2,1.0,1.2,µm,0.6-0.8,0.6,0.8,µm,,0.0,,negative,24556,30137,1,,2017-12-01 12:54:15
5455,2.25,2.25,2.25,µm,1.25,1.25,1.25,µm,rod-shaped,1.0,,negative,130283,30132,1,,2017-12-01 12:54:15
5456,1.5-3.0,1.5,3.0,µm,0.4-0.5,0.4,0.5,µm,rod-shaped,1.0,,negative,133666,30023,1,,2017-12-01 12:54:15
5457,2,2.0,2.0,µm,0.7,0.7,0.7,µm,rod-shaped,1.0,gliding,negative,133768,30449,1,,2017-12-01 12:54:15
5458,3.85,3.85,3.85,µm,0.75,0.75,0.75,µm,rod-shaped,1.0,gliding,negative,134059,31154,1,,2017-12-01 12:54:15
5459,1.6,1.6,1.6,µm,0.5,0.5,0.5,µm,rod-shaped,1.0,,negative,133756,30408,1,,2017-12-01 12:54:15
5460,1.5-2.5,1.5,2.5,µm,0.6-0.8,0.6,0.8,µm,rod-shaped,,,negative,11340,30232,1,,2017-12-01 12:54:15
5461,1.75,1.75,1.75,µm,0.65,0.65,0.65,µm,rod-shaped,0.0,,negative,133970,30976,1,,2017-12-01 12:54:15
5462,1.35,1.35,1.35,µm,0.4,0.4,0.4,µm,rod-shaped,1.0,,negative,24311,30830,1,,2017-12-01 12:54:15
5463,1.3,1.3,1.3,µm,0.35,0.35,0.35,µm,rod-shaped,0.0,,negative,23817,30412,1,,2017-12-01 12:54:15
5464,4.5-5.0,4.5,5.0,µm,0.3-0.4,0.3,0.4,µm,rod-shaped,0.0,,negative,133732,30325,1,,2017-12-01 12:54:15
5465,2,2.0,2.0,µm,0.8,0.8,0.8,µm,ovoid-shaped,,,negative,23239,30275,1,,2017-12-01 12:54:15
5466,4,4.0,4.0,µm,0.25,0.25,0.25,µm,rod-shaped,0.0,,negative,133890,30783,1,,2017-12-01 12:54:15
5467,2.1,2.1,2.1,µm,0.35,0.35,0.35,µm,rod-shaped,1.0,gliding,negative,133725,30295,1,,2017-12-01 12:54:15
5468,,,,,,,,,ovoid-shaped,0.0,,positive,8347,30747,1,,2017-12-01 12:54:15
5469,05-10,5.0,10.0,µm,,,,,,0.0,,positive,17884,30206,1,,2017-12-01 12:54:15
5470,2.5,2.5,2.5,µm,0.75,0.75,0.75,µm,rod-shaped,0.0,,positive,12524,30285,1,,2017-12-01 12:54:15
5471,8.5,8.5,8.5,µm,,,,,rod-shaped,0.0,,negative,6956,30371,1,,2017-12-01 12:54:15
5472,1.35,1.35,1.35,µm,0.55,0.55,0.55,µm,rod-shaped,1.0,,negative,133885,30763,1,,2017-12-01 12:54:15
5473,4.9,4.9,4.9,µm,0.45,0.45,0.45,µm,rod-shaped,1.0,gliding,negative,133842,30652,1,,2017-12-01 12:54:15
5474,1.25,1.25,1.25,µm,0.4,0.4,0.4,µm,rod-shaped,0.0,,negative,133896,30805,1,,2017-12-01 12:54:15
5475,0.75,0.75,0.75,µm,0.4,0.4,0.4,µm,rod-shaped,0.0,,negative,133748,30381,1,,2017-12-01 12:54:15
5476,2.5,2.5,2.5,µm,0.45,0.45,0.45,µm,rod-shaped,,,negative,23970,30988,1,,2017-12-01 12:54:15
5477,2.0-8.0,2.0,8.0,µm,0.2-0.5,0.2,0.5,µm,rod-shaped,0.0,,negative,133712,30240,1,,2017-12-01 12:54:15
5478,,,,,,,,,rod-shaped,0.0,,positive,10830,30241,1,,2017-12-01 12:54:15
5479,,,,,,,,,,0.0,,positive,10831,30241,1,,2017-12-01 12:54:15
5480,,,,,,,,,,,,positive,7847,30255,1,,2017-12-01 12:54:15
5481,,,,,,,,,spiral-shaped,0.0,,positive,16573,30589,1,,2017-12-01 12:54:15
5482,,,,,,,,,,0.0,,positive,17005,30440,1,,2017-12-01 12:54:15
5483,,,,,,,,,rod-shaped,0.0,,positive,13227,30711,1,,2017-12-01 12:54:15
5484,1.6,1.6,1.6,µm,0.8,0.8,0.8,µm,ovoid-shaped,,,positive,17381,30284,1,,2017-12-01 12:54:15
5485,0.75,0.75,0.75,µm,0.4,0.4,0.4,µm,rod-shaped,0.0,,negative,24504,30492,1,,2017-12-01 12:54:15
5486,,,,,1.25,1.25,1.25,µm,coccus-shaped,1.0,,negative,293,30377,1,,2017-12-01 12:54:15
5487,,,,,,,,,rod-shaped,0.0,,positive,133714,30256,1,,2017-12-01 12:54:15
5488,5.5,5.5,5.5,µm,0.4,0.4,0.4,µm,rod-shaped,1.0,,positive,17816,30539,1,,2017-12-01 12:54:15
5489,7,7.0,7.0,µm,1,1.0,1.0,µm,rod-shaped,0.0,,negative,133710,30235,1,,2017-12-01 12:54:15
5490,37,37.0,37.0,µm,0.5,0.5,0.5,µm,rod-shaped,0.0,,negative,133715,30261,1,,2017-12-01 12:54:15
5491,11.5,11.5,11.5,µm,0.7,0.7,0.7,µm,rod-shaped,0.0,,negative,133716,30261,1,,2017-12-01 12:54:15
5492,2.25,2.25,2.25,µm,0.7,0.7,0.7,µm,rod-shaped,1.0,,negative,133669,30049,1,,2017-12-01 12:54:15
5493,2.75,2.75,2.75,µm,0.55,0.55,0.55,µm,rod-shaped,0.0,,negative,133677,30116,1,,2017-12-01 12:54:15
5494,,,,,,,,,,0.0,,positive,6247,30144,1,,2017-12-01 12:54:15
5495,,,,,,,,,rod-shaped,1.0,,negative,133717,30262,1,,2017-12-01 12:54:15
5496,5.5,5.5,5.5,µm,1.25,1.25,1.25,µm,rod-shaped,1.0,,positive,7467,30121,1,,2017-12-01 12:54:15
5497,,,,,,,,,ovoid-shaped,0.0,,positive,12587,30304,1,,2017-12-01 12:54:15
5498,1-2.2,1.0,2.2,µm,0.4-0.6,0.4,0.6,µm,rod-shaped,0.0,,negative,133688,30161,1,,2017-12-01 12:54:15
5499,6.5,6.5,6.5,µm,1.2,1.2,1.2,µm,rod-shaped,1.0,,positive,23709,30250,1,,2017-12-01 12:54:15
5500,,,,,,,,,coccus-shaped,,,positive,24460,30780,1,,2017-12-01 12:54:15
5501,,,,,,,,,rod-shaped,,,negative,133740,30354,1,,2017-12-01 12:54:15
5502,1.35,1.35,1.35,µm,0.46,0.46,0.46,µm,rod-shaped,,,negative,133742,30372,1,,2017-12-01 12:54:15
5503,1.8,1.8,1.8,µm,0.5,0.5,0.5,µm,rod-shaped,1.0,,negative,24670,30957,1,,2017-12-01 12:54:15
5504,1.125,1.12,1.12,µm,0.65,0.65,0.65,µm,,0.0,,positive,23808,30529,1,,2017-12-01 12:54:15
5505,0.65,0.65,0.65,µm,0.4,0.4,0.4,µm,rod-shaped,1.0,,positive,23794,30311,1,,2017-12-01 12:54:15
5506,0.95,0.95,0.95,µm,0.6,0.6,0.6,µm,rod-shaped,0.0,,positive,133929,30899,1,,2017-12-01 12:54:15
5507,1.4-3.2,1.4,3.2,µm,0.4-0.5,0.4,0.5,µm,rod-shaped,1.0,gliding,negative,133672,30059,1,,2017-12-01 12:54:15
5508,,,,,,,,,ovoid-shaped,0.0,,positive,6841,30281,1,,2017-12-01 12:54:15
5509,0.3-0.7,0.3,0.7,µm,0.2-0.3,0.2,0.3,µm,rod-shaped,0.0,,positive,7481,30063,1,,2017-12-01 12:54:15
5510,1-1.3,1.0,1.3,µm,0.3-0.5,0.3,0.5,µm,rod-shaped,,,positive,7330,30277,1,,2017-12-01 12:54:15
5511,2.1,2.1,2.1,µm,0.85,0.85,0.85,µm,rod-shaped,1.0,,negative,23998,31104,1,,2017-12-01 12:54:15
5512,,,,,,,,,,,,positive,24619,30995,1,,2017-12-01 12:54:15
5513,1.75,1.75,1.75,µm,0.35,0.35,0.35,µm,rod-shaped,0.0,,negative,5634,30469,1,,2017-12-01 12:54:15
5514,,,,,,,,,rod-shaped,1.0,,negative,24749,30770,1,,2017-12-01 12:54:15
5515,1.3-2.3,1.3,2.3,µm,0.2-0.3,0.2,0.3,µm,rod-shaped,1.0,,negative,23174,30173,1,,2017-12-01 12:54:15
5516,1.9,1.9,1.9,µm,0.4,0.4,0.4,µm,rod-shaped,1.0,,negative,23344,30361,1,,2017-12-01 12:54:15
5517,,,,,,,,,rod-shaped,1.0,,negative,133736,30338,1,,2017-12-01 12:54:15
5518,1.65,1.65,1.65,µm,0.53,0.53,0.53,µm,rod-shaped,1.0,,negative,130530,30535,1,,2017-12-01 12:54:15
5519,5,5.0,5.0,µm,0.35,0.35,0.35,µm,rod-shaped,1.0,,positive,24716,31164,1,,2017-12-01 12:54:15
5520,1.5-10.0,1.5,10.0,µm,0.7-0.8,0.7,0.8,µm,rod-shaped,0.0,,positive,133700,30201,1,,2017-12-01 12:54:15
5521,,,,,0.95,0.95,0.95,µm,coccus-shaped,0.0,,negative,133760,30423,1,,2017-12-01 12:54:15
5522,1,1.0,1.0,µm,0.5,0.5,0.5,µm,rod-shaped,0.0,,negative,133702,30214,1,,2017-12-01 12:54:15
5523,0.75,0.75,0.75,µm,0.75,0.75,0.75,µm,coccus-shaped,0.0,,positive,23300,30815,1,,2017-12-01 12:54:15
5524,1,1.0,1.0,µm,0.85,0.85,0.85,µm,rod-shaped,0.0,,negative,133753,30401,1,,2017-12-01 12:54:15
5525,1.75,1.75,1.75,µm,0.6,0.6,0.6,µm,rod-shaped,0.0,,negative,133708,30229,1,,2017-12-01 12:54:15
5526,1,1.0,1.0,µm,0.4,0.4,0.4,µm,rod-shaped,1.0,gliding,negative,133845,30661,1,,2017-12-01 12:54:15
5527,1,1.0,1.0,µm,0.5,0.5,0.5,µm,rod-shaped,0.0,,negative,131262,30634,1,,2017-12-01 12:54:15
5528,2,2.0,2.0,µm,0.5,0.5,0.5,µm,rod-shaped,0.0,,negative,133850,30670,1,,2017-12-01 12:54:15
5529,1.25,1.25,1.25,µm,0.5,0.5,0.5,µm,rod-shaped,1.0,,negative,17648,30419,1,,2017-12-01 12:54:15
5530,0.8-6.5,0.8,6.5,µm,0.2-0.4,0.2,0.4,µm,rod-shaped,0.0,,negative,133675,30094,1,,2017-12-01 12:54:15
5531,1.2-15.0,1.2,15.0,µm,0.8-1.2,0.8,1.2,µm,rod-shaped,0.0,,negative,133676,30097,1,,2017-12-01 12:54:15
5532,,,,,,,,,,,,positive,16788,30067,1,,2017-12-01 12:54:15
5533,1.4,1.4,1.4,µm,0.45,0.45,0.45,µm,ovoid-shaped,1.0,,negative,22978,30407,1,,2017-12-01 12:54:15
5534,2.5,2.5,2.5,µm,0.35,0.35,0.35,µm,rod-shaped,0.0,,positive,23163,30657,1,,2017-12-01 12:54:15
5535,,,,,,,,,rod-shaped,1.0,,negative,133759,30421,1,,2017-12-01 12:54:15
5536,1.25,1.25,1.25,µm,0.9,0.9,0.9,µm,rod-shaped,0.0,,positive,13487,30577,1,,2017-12-01 12:54:15
5537,1.0-1.9,1.0,1.9,µm,0.6,0.6,0.6,µm,rod-shaped,0.0,,positive,6272,30215,1,,2017-12-01 12:54:15
5538,1.0-9.0,1.0,9.0,µm,0.2-0.4,0.2,0.4,µm,rod-shaped,1.0,gliding,negative,133678,30124,1,,2017-12-01 12:54:15
5539,01-05,1.0,5.0,µm,0.2-0.4,0.2,0.4,µm,rod-shaped,,,negative,133701,30208,1,,2017-12-01 12:54:15
5540,1.4,1.4,1.4,µm,0.35,0.35,0.35,µm,rod-shaped,1.0,gliding,negative,133861,30699,1,,2017-12-01 12:54:15
5541,03-08,3.0,8.0,µm,0.5-0.8,0.5,0.8,µm,rod-shaped,,,negative,24012,30204,1,,2017-12-01 12:54:15
5542,2-4.3,2.0,4.3,µm,0.3-0.6,0.3,0.6,µm,rod-shaped,1.0,,positive,11441,30258,1,,2017-12-01 12:54:15
5543,1.2,1.2,1.2,µm,0.3,0.3,0.3,µm,rod-shaped,0.0,,negative,133869,30720,1,,2017-12-01 12:54:15
5544,5.5,5.5,5.5,µm,0.5,0.5,0.5,µm,rod-shaped,1.0,,positive,23765,30671,1,,2017-12-01 12:54:15
5545,12,12.0,12.0,µm,0.55,0.55,0.55,µm,rod-shaped,1.0,,positive,23739,30658,1,,2017-12-01 12:54:15
5546,6.5,6.5,6.5,µm,0.5,0.5,0.5,µm,rod-shaped,1.0,,positive,23710,30896,1,,2017-12-01 12:54:15
5547,2.45,2.45,2.45,µm,0.85,0.85,0.85,µm,rod-shaped,0.0,,positive,1573,30351,1,,2017-12-01 12:54:15
5548,4,4.0,4.0,µm,0.5,0.5,0.5,µm,rod-shaped,1.0,,positive,134001,31030,1,,2017-12-01 12:54:15
5549,6,6.0,6.0,µm,0.55,0.55,0.55,µm,rod-shaped,0.0,,positive,22925,30708,1,,2017-12-01 12:54:15
5550,1.25,1.25,1.25,µm,0.3,0.3,0.3,µm,rod-shaped,0.0,,negative,133692,30174,1,,2017-12-01 12:54:15
5551,1.5,1.5,1.5,µm,0.35,0.35,0.35,µm,rod-shaped,0.0,,negative,133684,30154,1,,2017-12-01 12:54:15
5552,1.5,1.5,1.5,µm,0.43,0.43,0.43,µm,rod-shaped,0.0,,negative,133685,30154,1,,2017-12-01 12:54:15
5553,1.7,1.7,1.7,µm,0.7,0.7,0.7,µm,rod-shaped,0.0,,negative,130139,31047,1,,2017-12-01 12:54:15
5554,1,1.0,1.0,µm,0.6,0.6,0.6,µm,ovoid-shaped,0.0,,negative,130135,30443,1,,2017-12-01 12:54:15
5555,,,,,,,,,,0.0,,positive,13275,30153,1,,2017-12-01 12:54:15
5556,2.25,2.25,2.25,µm,0.45,0.45,0.45,µm,rod-shaped,0.0,,negative,23280,30267,1,,2017-12-01 12:54:15
5557,2.6,2.6,2.6,µm,0.9,0.9,0.9,µm,rod-shaped,0.0,,negative,14271,30344,1,,2017-12-01 12:54:15
5558,,,,,,,,,ovoid-shaped,1.0,,negative,23056,30271,1,,2017-12-01 12:54:15
5559,0.8-2.5,0.8,2.5,µm,0.4-0.6,0.4,0.6,µm,rod-shaped,0.0,,negative,133691,30170,1,,2017-12-01 12:54:15
5560,2.25,2.25,2.25,µm,0.45,0.45,0.45,µm,rod-shaped,1.0,gliding,negative,133721,30274,1,,2017-12-01 12:54:15
5561,11.5,11.5,11.5,µm,0.75,0.75,0.75,µm,rod-shaped,1.0,,positive,2874,30459,1,,2017-12-01 12:54:15
5562,1.5-2.8,1.5,2.8,µm,0.5-0.8,0.5,0.8,µm,rod-shaped,1.0,,negative,133686,30156,1,,2017-12-01 12:54:15
5563,4.5,4.5,4.5,µm,0.85,0.85,0.85,µm,rod-shaped,,,negative,17885,30334,1,,2017-12-01 12:54:15
5564,2.25,2.25,2.25,µm,0.35,0.35,0.35,µm,rod-shaped,1.0,,positive,23331,30656,1,,2017-12-01 12:54:15
5565,1.6,1.6,1.6,µm,0.85,0.85,0.85,µm,rod-shaped,1.0,,negative,131261,30530,1,,2017-12-01 12:54:15
5566,4,4.0,4.0,µm,0.65,0.65,0.65,µm,rod-shaped,1.0,gliding,negative,133730,30318,1,,2017-12-01 12:54:15
5567,2.25,2.25,2.25,µm,0.6,0.6,0.6,µm,ovoid-shaped,0.0,,negative,24489,30547,1,,2017-12-01 12:54:15
5568,,,,,,,,,coccus-shaped,1.0,,positive,24635,30894,1,,2017-12-01 12:54:15
5569,,,,,,,,,rod-shaped,,,positive,7791,30183,1,,2017-12-01 12:54:15
5570,2,2.0,2.0,µm,1.1,1.1,1.1,µm,rod-shaped,0.0,,positive,7464,30363,1,,2017-12-01 12:54:15
5571,,,,,,,,,rod-shaped,0.0,,negative,13761,30483,1,,2017-12-01 12:54:15
5572,1.2,1.2,1.2,µm,0.55,0.55,0.55,µm,rod-shaped,1.0,,positive,23795,30523,1,,2017-12-01 12:54:15
5573,1.8,1.8,1.8,µm,0.65,0.65,0.65,µm,rod-shaped,1.0,,positive,23182,30629,1,,2017-12-01 12:54:15
5574,,,,,,,,,ovoid-shaped,0.0,,positive,7630,30474,1,,2017-12-01 12:54:15
5575,0.5-1.0,0.5,1.0,µm,0.3-0.7,0.3,0.7,µm,ovoid-shaped,,,,16492,30273,1,,2017-12-01 12:54:15
5576,2,2.0,2.0,µm,0.5,0.5,0.5,µm,rod-shaped,0.0,,negative,130671,30869,1,,2017-12-01 12:54:15
5577,1.5,1.5,1.5,µm,0.4,0.4,0.4,µm,rod-shaped,0.0,,positive,133704,30219,1,,2017-12-01 12:54:15
5578,1.65,1.65,1.65,µm,0.35,0.35,0.35,µm,rod-shaped,0.0,,positive,133705,30219,1,,2017-12-01 12:54:15
5579,2,2.0,2.0,µm,0.6,0.6,0.6,µm,rod-shaped,0.0,,negative,130501,30216,1,,2017-12-01 12:54:15
5580,1.1,1.1,1.1,µm,0.5,0.5,0.5,µm,rod-shaped,0.0,,negative,22898,30254,1,,2017-12-01 12:54:15
5581,1,1.0,1.0,µm,0.6,0.6,0.6,µm,rod-shaped,0.0,,negative,22899,30254,1,,2017-12-01 12:54:15
5582,1.15,1.15,1.15,µm,0.5,0.5,0.5,µm,rod-shaped,0.0,,negative,22901,30254,1,,2017-12-01 12:54:15
5583,2.1,2.1,2.1,µm,0.6,0.6,0.6,µm,rod-shaped,0.0,,negative,22900,30254,1,,2017-12-01 12:54:15
5584,1.15,1.15,1.15,µm,1.15,1.15,1.15,µm,coccus-shaped,1.0,,,23332,30795,1,,2017-12-01 12:54:15
5585,1.9,1.9,1.9,µm,0.6,0.6,0.6,µm,rod-shaped,1.0,,negative,4178,30462,1,,2017-12-01 12:54:15
5586,6.25,6.25,6.25,µm,0.25,0.25,0.25,µm,rod-shaped,1.0,,negative,17815,30439,1,,2017-12-01 12:54:15
5587,1.1,1.1,1.1,µm,0.45,0.45,0.45,µm,rod-shaped,0.0,,negative,24669,30350,1,,2017-12-01 12:54:15
5588,2.2,2.2,2.2,µm,0.65,0.65,0.65,µm,rod-shaped,1.0,,positive,2375,30392,1,,2017-12-01 12:54:15
5589,2.1,2.1,2.1,µm,0.35,0.35,0.35,µm,rod-shaped,1.0,,positive,11457,30289,1,,2017-12-01 12:54:15
5590,,,,,,,,,coccus-shaped,0.0,,positive,23117,30580,1,,2017-12-01 12:54:15
5591,4,4.0,4.0,µm,0.5,0.5,0.5,µm,rod-shaped,1.0,,negative,13652,30365,1,,2017-12-01 12:54:15
5592,1.75,1.75,1.75,µm,0.5,0.5,0.5,µm,rod-shaped,1.0,,negative,24525,30709,1,,2017-12-01 12:54:15
5593,1.15,1.15,1.15,µm,0.45,0.45,0.45,µm,rod-shaped,0.0,,positive,133962,30960,1,,2017-12-01 12:54:15
5594,2.5-3.0,2.5,3.0,µm,0.5,0.5,0.5,µm,rod-shaped,,,negative,13647,30286,1,,2017-12-01 12:54:15
5595,20,20.0,20.0,µm,0.35,0.35,0.35,µm,rod-shaped,1.0,,negative,5993,30358,1,,2017-12-01 12:54:15
5596,1.75,1.75,1.75,µm,1.2,1.2,1.2,µm,rod-shaped,1.0,,negative,11371,30231,1,,2017-12-01 12:54:15
5597,1.8,1.8,1.8,µm,0.95,0.95,0.95,µm,rod-shaped,1.0,,negative,11370,30231,1,,2017-12-01 12:54:15
5598,1.9,1.9,1.9,µm,1.2,1.2,1.2,µm,rod-shaped,1.0,,negative,11372,30231,1,,2017-12-01 12:54:15
5599,3.9,3.9,3.9,µm,0.65,0.65,0.65,µm,rod-shaped,1.0,gliding,positive,133746,30379,1,,2017-12-01 12:54:15
5600,0.85,0.85,0.85,µm,0.35,0.35,0.35,µm,rod-shaped,1.0,gliding,positive,133747,30379,1,,2017-12-01 12:54:15
5601,2.1,2.1,2.1,µm,0.75,0.75,0.75,µm,rod-shaped,1.0,,negative,133930,30901,1,,2017-12-01 12:54:15
5602,0.65,0.65,0.65,µm,0.65,0.65,0.65,µm,ovoid-shaped,0.0,,positive,24346,30771,1,,2017-12-01 12:54:15
5603,,,,,,,,,,,,positive,23114,30488,1,,2017-12-01 12:54:15
5604,0.93,0.93,0.93,µm,0.44,0.44,0.44,µm,rod-shaped,,,positive,7306,30337,1,,2017-12-01 12:54:15
5605,0.76,0.76,0.76,µm,0.41,0.41,0.41,µm,rod-shaped,,,positive,24186,30337,1,,2017-12-01 12:54:15
5606,,,,,,,,,ovoid-shaped,0.0,,positive,5361,30319,1,,2017-12-01 12:54:15
5607,1.3,1.3,1.3,µm,0.55,0.55,0.55,µm,rod-shaped,0.0,,negative,133862,30701,1,,2017-12-01 12:54:15
5608,01-10,1.0,10.0,µm,0.2-0.6,0.2,0.6,µm,rod-shaped,0.0,,variable,24503,30246,1,,2017-12-01 12:54:15
5609,2.9,2.9,2.9,µm,0.6,0.6,0.6,µm,rod-shaped,0.0,,negative,133931,30902,1,,2017-12-01 12:54:15
5610,2.5,2.5,2.5,µm,0.55,0.55,0.55,µm,rod-shaped,0.0,,negative,24674,30503,1,,2017-12-01 12:54:15
5611,,,,,,,,,rod-shaped,,,positive,6378,30331,1,,2017-12-01 12:54:15
5612,3,3.0,3.0,µm,0.65,0.65,0.65,µm,rod-shaped,1.0,,positive,22968,30641,1,,2017-12-01 12:54:15
5613,1.55,1.55,1.55,µm,0.9,0.9,0.9,µm,rod-shaped,0.0,,negative,23513,30722,1,,2017-12-01 12:54:15
5614,,,,,,,,,rod-shaped,0.0,,negative,23258,30578,1,,2017-12-01 12:54:15
5615,,,,,0.85,0.85,0.85,µm,coccus-shaped,0.0,,positive,18149,30335,1,,2017-12-01 12:54:15
5616,3,3.0,3.0,µm,,,,,rod-shaped,,,positive,23074,30505,1,,2017-12-01 12:54:15
5617,1.95,1.95,1.95,µm,0.5,0.5,0.5,µm,rod-shaped,0.0,,negative,23347,30721,1,,2017-12-01 12:54:15
5618,0.65,0.65,0.65,µm,0.45,0.45,0.45,µm,rod-shaped,,,positive,133953,30939,1,,2017-12-01 12:54:15
5619,1.45,1.45,1.45,µm,0.55,0.55,0.55,µm,rod-shaped,0.0,,positive,24730,30881,1,,2017-12-01 12:54:15
5620,01-08,1.0,8.0,µm,0.4-1.3,0.4,1.3,µm,rod-shaped,0.0,,negative,130639,30268,1,,2017-12-01 12:54:15
5621,2.5,2.5,2.5,µm,0.4,0.4,0.4,µm,rod-shaped,1.0,,positive,18088,30305,1,,2017-12-01 12:54:15
5622,0.93,0.93,0.93,µm,0.43,0.43,0.43,µm,rod-shaped,,,positive,24187,30890,1,,2017-12-01 12:54:15
5623,,,,,,,,,ovoid-shaped,,,,8348,30813,1,,2017-12-01 12:54:15
5624,,,,,,,,,rod-shaped,,,,8589,30313,1,,2017-12-01 12:54:15
5625,,,,,,,,,,0.0,,positive,133727,30300,1,,2017-12-01 12:54:15
5626,16.5,16.5,16.5,µm,0.5,0.5,0.5,µm,rod-shaped,1.0,,negative,133950,30932,1,,2017-12-01 12:54:15
5627,03-07,3.0,7.0,µm,1.5-2,1.5,2.0,µm,rod-shaped,1.0,,negative,133728,30308,1,,2017-12-01 12:54:15
5628,2.25,2.25,2.25,µm,1,1.0,1.0,µm,rod-shaped,1.0,,negative,23003,30290,1,,2017-12-01 12:54:15
5629,2.09,2.09,2.09,µm,0.86,0.86,0.86,µm,ovoid-shaped,1.0,,negative,17369,30310,1,,2017-12-01 12:54:15
5630,1.45,1.45,1.45,µm,0.55,0.55,0.55,µm,rod-shaped,1.0,gliding,negative,133900,30822,1,,2017-12-01 12:54:15
5631,1.6,1.6,1.6,µm,0.2,0.2,0.2,µm,rod-shaped,1.0,,negative,11908,30396,1,,2017-12-01 12:54:15
5632,3,3.0,3.0,µm,0.5,0.5,0.5,µm,rod-shaped,0.0,,negative,133731,30322,1,,2017-12-01 12:54:15
5633,1.25,1.25,1.25,µm,0.55,0.55,0.55,µm,ovoid-shaped,1.0,,negative,16897,30360,1,,2017-12-01 12:54:15
5634,1.25,1.25,1.25,µm,0.315,0.32,0.32,µm,coccus-shaped,0.0,,positive,3935,30533,1,,2017-12-01 12:54:15
5635,,,,,,,,,coccus-shaped,1.0,,positive,23832,30980,1,,2017-12-01 12:54:15
5636,,,,,,,,,rod-shaped,,,positive,24136,31143,1,,2017-12-01 12:54:15
5637,0.75,0.75,0.75,µm,0.75,0.75,0.75,µm,coccus-shaped,0.0,,positive,133794,30528,1,,2017-12-01 12:54:15
5638,,,,,,,,,rod-shaped,1.0,,negative,24485,30327,1,,2017-12-01 12:54:15
5639,,,,,,,,,rod-shaped,1.0,,negative,133733,30327,1,,2017-12-01 12:54:15
5640,0.9,0.9,0.9,µm,0.7,0.7,0.7,µm,rod-shaped,0.0,,positive,16024,30665,1,,2017-12-01 12:54:15
5641,1.7,1.7,1.7,µm,0.8,0.8,0.8,µm,rod-shaped,1.0,,negative,133985,31000,1,,2017-12-01 12:54:15
5642,,,,,1.1,1.1,1.1,µm,coccus-shaped,0.0,,positive,7794,30352,1,,2017-12-01 12:54:15
5643,1.5,1.5,1.5,µm,0.6,0.6,0.6,µm,rod-shaped,0.0,,negative,133738,30346,1,,2017-12-01 12:54:15
5644,4.1,4.1,4.1,µm,0.35,0.35,0.35,µm,rod-shaped,0.0,,negative,133769,30453,1,,2017-12-01 12:54:15
5645,3,3.0,3.0,µm,0.45,0.45,0.45,µm,rod-shaped,1.0,,negative,133812,30568,1,,2017-12-01 12:54:15
5646,5.25,5.25,5.25,µm,0.3,0.3,0.3,µm,rod-shaped,1.0,gliding,negative,133943,30923,1,,2017-12-01 12:54:15
5647,2.5,2.5,2.5,µm,0.6,0.6,0.6,µm,ovoid-shaped,1.0,,negative,24500,31051,1,,2017-12-01 12:54:15
5648,0.7,0.7,0.7,µm,0.4,0.4,0.4,µm,rod-shaped,1.0,,negative,133838,30638,1,,2017-12-01 12:54:15
5649,1.25,1.25,1.25,µm,0.6,0.6,0.6,µm,rod-shaped,0.0,,negative,14132,30333,1,,2017-12-01 12:54:15
5650,,,,,,,,,rod-shaped,,,,8592,30499,1,,2017-12-01 12:54:15
5651,2.25,2.25,2.25,µm,0.4,0.4,0.4,µm,rod-shaped,0.0,,,17765,30367,1,,2017-12-01 12:54:15
5652,3.25,3.25,3.25,µm,0.65,0.65,0.65,µm,rod-shaped,0.0,,negative,133829,30621,1,,2017-12-01 12:54:15
5653,,,,,1,1.0,1.0,µm,coccus-shaped,1.0,,positive,11967,30425,1,,2017-12-01 12:54:15
5654,1.5,1.5,1.5,µm,0.75,0.75,0.75,µm,rod-shaped,1.0,,negative,133855,30685,1,,2017-12-01 12:54:15
5655,1.1,1.1,1.1,µm,0.55,0.55,0.55,µm,rod-shaped,1.0,,negative,133788,30500,1,,2017-12-01 12:54:15
5656,1.05,1.05,1.05,µm,1,1.0,1.0,µm,ovoid-shaped,1.0,,,133887,30774,1,,2017-12-01 12:54:15
5657,1.25,1.25,1.25,µm,0.5,0.5,0.5,µm,rod-shaped,0.0,,negative,130633,30520,1,,2017-12-01 12:54:15
5658,4.5,4.5,4.5,µm,0.8,0.8,0.8,µm,rod-shaped,1.0,,negative,133737,30339,1,,2017-12-01 12:54:15
5659,1.31,1.31,1.31,µm,0.8,0.8,0.8,µm,rod-shaped,0.0,,positive,24250,30526,1,,2017-12-01 12:54:15
5660,1.26,1.26,1.26,µm,0.82,0.82,0.82,µm,rod-shaped,0.0,,positive,24251,30526,1,,2017-12-01 12:54:15
5661,3.5,3.5,3.5,µm,0.5,0.5,0.5,µm,rod-shaped,1.0,,negative,133851,30675,1,,2017-12-01 12:54:15
5662,2.5,2.5,2.5,µm,0.6,0.6,0.6,µm,rod-shaped,0.0,,negative,133791,30515,1,,2017-12-01 12:54:15
5663,2.85,2.85,2.85,µm,0.65,0.65,0.65,µm,rod-shaped,1.0,,negative,134072,31173,1,,2017-12-01 12:54:15
5664,3.25,3.25,3.25,µm,0.35,0.35,0.35,µm,rod-shaped,0.0,,negative,133864,30706,1,,2017-12-01 12:54:15
5665,2.5,2.5,2.5,µm,0.6,0.6,0.6,µm,rod-shaped,1.0,gliding,negative,133966,30970,1,,2017-12-01 12:54:15
5666,2.15,2.15,2.15,µm,0.6,0.6,0.6,µm,rod-shaped,0.0,,negative,133814,30572,1,,2017-12-01 12:54:15
5667,2.9,2.9,2.9,µm,0.45,0.45,0.45,µm,rod-shaped,0.0,,negative,133835,30631,1,,2017-12-01 12:54:15
5668,2.5,2.5,2.5,µm,0.8,0.8,0.8,µm,rod-shaped,1.0,,positive,133762,30426,1,,2017-12-01 12:54:15
5669,,,,,,,,,coccus-shaped,1.0,,positive,11966,30147,1,,2017-12-01 12:54:15
5670,0.2,0.2,0.2,µm,0.2,0.2,0.2,µm,coccus-shaped,1.0,gliding,negative,133848,30668,1,,2017-12-01 12:54:15
5671,2,2.0,2.0,µm,0.66,0.66,0.66,µm,rod-shaped,0.0,,negative,6788,30516,1,,2017-12-01 12:54:15
5672,1,1.0,1.0,µm,0.4,0.4,0.4,µm,rod-shaped,1.0,,negative,11342,30584,1,,2017-12-01 12:54:15
5673,1.1,1.1,1.1,µm,0.55,0.55,0.55,µm,ovoid-shaped,1.0,,negative,18151,30543,1,,2017-12-01 12:54:15
5674,1.75,1.75,1.75,µm,0.45,0.45,0.45,µm,rod-shaped,0.0,,negative,133766,30436,1,,2017-12-01 12:54:15
5675,0.65,0.65,0.65,µm,0.25,0.25,0.25,µm,rod-shaped,0.0,,positive,23155,30128,1,,2017-12-01 12:54:15
5676,,,,,,,,,coccus-shaped,0.0,,positive,3900,30316,1,,2017-12-01 12:54:15
5677,1.5,1.5,1.5,µm,0.4,0.4,0.4,µm,rod-shaped,1.0,,negative,24800,30726,1,,2017-12-01 12:54:15
5678,6,6.0,6.0,µm,1,1.0,1.0,µm,rod-shaped,0.0,,negative,23183,30403,1,,2017-12-01 12:54:15
5679,2.25,2.25,2.25,µm,0.3,0.3,0.3,µm,rod-shaped,1.0,,negative,133798,30546,1,,2017-12-01 12:54:15
5680,1.65,1.65,1.65,µm,0.4,0.4,0.4,µm,rod-shaped,0.0,,negative,133784,30481,1,,2017-12-01 12:54:15
5681,1.9,1.9,1.9,µm,1.9,1.9,1.9,µm,coccus-shaped,0.0,,negative,14718,30876,1,,2017-12-01 12:54:15
5682,1,1.0,1.0,µm,0.3,0.3,0.3,µm,rod-shaped,0.0,,negative,133830,30622,1,,2017-12-01 12:54:15
5683,3,3.0,3.0,µm,1.4,1.4,1.4,µm,rod-shaped,0.0,,negative,133758,30420,1,,2017-12-01 12:54:15
5684,,,,,,,,,rod-shaped,1.0,,negative,6787,30583,1,,2017-12-01 12:54:15
5685,2,2.0,2.0,µm,0.4,0.4,0.4,µm,rod-shaped,0.0,,negative,133776,30471,1,,2017-12-01 12:54:15
5686,,,,,,,,,,,,positive,7963,30718,1,,2017-12-01 12:54:15
5687,,,,,,,,,rod-shaped,0.0,,positive,13296,30456,1,,2017-12-01 12:54:15
5688,0.8-2,0.8,2.0,µm,0.5-0.8,0.5,0.8,µm,rod-shaped,0.0,,positive,11155,30315,1,,2017-12-01 12:54:15
5689,0.6,0.6,0.6,µm,0.475,0.48,0.48,µm,rod-shaped,0.0,,positive,133819,30587,1,,2017-12-01 12:54:15
5690,,,,,,,,,ovoid-shaped,,,positive,133870,30723,1,,2017-12-01 12:54:15
5691,7,7.0,7.0,µm,1,1.0,1.0,µm,rod-shaped,0.0,,negative,133781,30476,1,,2017-12-01 12:54:15
5692,2.25,2.25,2.25,µm,0.6,0.6,0.6,µm,rod-shaped,0.0,,negative,133750,30390,1,,2017-12-01 12:54:15
5693,1.55,1.55,1.55,µm,0.5,0.5,0.5,µm,rod-shaped,0.0,,positive,7514,30448,1,,2017-12-01 12:54:15
5694,1.6,1.6,1.6,µm,0.5,0.5,0.5,µm,rod-shaped,0.0,,negative,133813,30571,1,,2017-12-01 12:54:15
5695,,,,,0.75,0.75,0.75,µm,coccus-shaped,0.0,,positive,14849,30537,1,,2017-12-01 12:54:15
5696,,,,,,,,,,0.0,,positive,13210,30427,1,,2017-12-01 12:54:15
5697,,,,,,,,,,,,positive,24643,30395,1,,2017-12-01 12:54:15
5698,,,,,,,,,rod-shaped,0.0,,positive,133818,30585,1,,2017-12-01 12:54:15
5699,2.15,2.15,2.15,µm,0.9,0.9,0.9,µm,rod-shaped,0.0,,negative,133774,30465,1,,2017-12-01 12:54:15
5700,1.15,1.15,1.15,µm,0.5,0.5,0.5,µm,rod-shaped,1.0,,negative,17789,30416,1,,2017-12-01 12:54:15
5701,1.5,1.5,1.5,µm,0.8,0.8,0.8,µm,ovoid-shaped,0.0,,negative,130643,30398,1,,2017-12-01 12:54:15
5702,1.95,1.95,1.95,µm,0.85,0.85,0.85,µm,rod-shaped,0.0,,negative,12502,30522,1,,2017-12-01 12:54:15
5703,1.4,1.4,1.4,µm,1.4,1.4,1.4,µm,rod-shaped,1.0,,positive,23033,30982,1,,2017-12-01 12:54:15
5704,1.4,1.4,1.4,µm,1.4,1.4,1.4,µm,rod-shaped,1.0,,positive,23034,30982,1,,2017-12-01 12:54:15
5705,2.25,2.25,2.25,µm,0.5,0.5,0.5,µm,rod-shaped,0.0,,negative,23343,30411,1,,2017-12-01 12:54:15
5706,0.85,0.85,0.85,µm,0.4,0.4,0.4,µm,rod-shaped,0.0,,positive,24733,30858,1,,2017-12-01 12:54:15
5707,5,5.0,5.0,µm,0.55,0.55,0.55,µm,ovoid-shaped,0.0,,negative,133765,30434,1,,2017-12-01 12:54:15
5708,3.05,3.05,3.05,µm,1.05,1.05,1.05,µm,rod-shaped,1.0,,positive,134009,31045,1,,2017-12-01 12:54:15
5709,2.1,2.1,2.1,µm,0.35,0.35,0.35,µm,rod-shaped,1.0,gliding,negative,133821,30599,1,,2017-12-01 12:54:15
5710,,,,,,,,,rod-shaped,0.0,,positive,24246,30886,1,,2017-12-01 12:54:15
5711,,,,,,,,,ovoid-shaped,0.0,,negative,11746,30404,1,,2017-12-01 12:54:15
5712,1.4,1.4,1.4,µm,1,1.0,1.0,µm,ovoid-shaped,0.0,,positive,23302,30864,1,,2017-12-01 12:54:15
5713,2,2.0,2.0,µm,0.35,0.35,0.35,µm,rod-shaped,1.0,,negative,133771,30460,1,,2017-12-01 12:54:15
5714,1.15,1.15,1.15,µm,0.34,0.34,0.34,µm,rod-shaped,0.0,,negative,133822,30602,1,,2017-12-01 12:54:15
5715,3.5,3.5,3.5,µm,3.5,3.5,3.5,µm,coccus-shaped,0.0,,positive,24597,30792,1,,2017-12-01 12:54:15
5716,0.5,0.5,0.5,µm,0.5,0.5,0.5,µm,coccus-shaped,0.0,,negative,23151,30674,1,,2017-12-01 12:54:15
5717,2,2.0,2.0,µm,0.45,0.45,0.45,µm,rod-shaped,0.0,,negative,134036,31111,1,,2017-12-01 12:54:15
5718,1.5,1.5,1.5,µm,0.15,0.15,0.15,µm,rod-shaped,1.0,,negative,23885,30746,1,,2017-12-01 12:54:15
5719,34.5,34.5,34.5,µm,0.3,0.3,0.3,µm,rod-shaped,1.0,gliding,negative,133847,30667,1,,2017-12-01 12:54:15
5720,3.03,3.03,3.03,µm,1.19,1.19,1.19,µm,rod-shaped,1.0,,negative,23150,30817,1,,2017-12-01 12:54:15
5721,,,,,,,,,rod-shaped,0.0,,positive,130365,30845,1,,2017-12-01 12:54:15
5722,,,,,,,,,rod-shaped,0.0,,positive,133767,30437,1,,2017-12-01 12:54:15
5723,1.5,1.5,1.5,µm,1.5,1.5,1.5,µm,rod-shaped,0.0,,negative,24031,30952,1,,2017-12-01 12:54:15
5724,2.75,2.75,2.75,µm,0.85,0.85,0.85,µm,rod-shaped,1.0,,negative,23228,30618,1,,2017-12-01 12:54:15
5725,0.86,0.86,0.86,µm,0.85,0.85,0.85,µm,coccus-shaped,0.0,,negative,23491,30823,1,,2017-12-01 12:54:15
5726,0.8,0.8,0.8,µm,0.8,0.8,0.8,µm,coccus-shaped,0.0,,negative,133917,30871,1,,2017-12-01 12:54:15
5727,1.5,1.5,1.5,µm,0.54,0.54,0.54,µm,rod-shaped,,,negative,6789,30516,1,,2017-12-01 12:54:15
5728,1.7,1.7,1.7,µm,0.75,0.75,0.75,µm,rod-shaped,0.0,,negative,134032,31099,1,,2017-12-01 12:54:15
5729,2.25,2.25,2.25,µm,0.6,0.6,0.6,µm,rod-shaped,1.0,,negative,134027,31085,1,,2017-12-01 12:54:15
5730,1.9,1.9,1.9,µm,0.45,0.45,0.45,µm,rod-shaped,,,positive,13382,30485,1,,2017-12-01 12:54:15
5731,,,,,,,,,rod-shaped,0.0,,positive,23104,30956,1,,2017-12-01 12:54:15
5732,1.5,1.5,1.5,µm,0.55,0.55,0.55,µm,rod-shaped,0.0,,negative,133867,30715,1,,2017-12-01 12:54:15
5733,1.75,1.75,1.75,µm,0.65,0.65,0.65,µm,rod-shaped,0.0,,negative,133859,30694,1,,2017-12-01 12:54:15
5734,1.75,1.75,1.75,µm,0.5,0.5,0.5,µm,rod-shaped,1.0,,negative,22942,30831,1,,2017-12-01 12:54:15
5735,,,,,,,,,,0.0,,positive,16632,30475,1,,2017-12-01 12:54:15
5736,1.15,1.15,1.15,µm,0.4,0.4,0.4,µm,rod-shaped,1.0,,negative,131263,30966,1,,2017-12-01 12:54:15
5737,2.1,2.1,2.1,µm,0.45,0.45,0.45,µm,rod-shaped,0.0,,positive,133868,30719,1,,2017-12-01 12:54:15
5738,1.17,1.17,1.17,µm,0.47,0.47,0.47,µm,rod-shaped,0.0,,negative,23286,30727,1,,2017-12-01 12:54:15
5739,6.5,6.5,6.5,µm,0.65,0.65,0.65,µm,rod-shaped,0.0,,positive,24065,30614,1,,2017-12-01 12:54:15
5740,4,4.0,4.0,µm,1,1.0,1.0,µm,rod-shaped,1.0,,negative,24271,30892,1,,2017-12-01 12:54:15
5741,2.75,2.75,2.75,µm,0.45,0.45,0.45,µm,rod-shaped,0.0,,negative,24035,30891,1,,2017-12-01 12:54:15
5742,1.7,1.7,1.7,µm,0.8,0.8,0.8,µm,rod-shaped,0.0,,negative,23266,30724,1,,2017-12-01 12:54:15
5743,2,2.0,2.0,µm,0.9,0.9,0.9,µm,rod-shaped,0.0,,negative,23268,30951,1,,2017-12-01 12:54:15
5744,1.4,1.4,1.4,µm,0.35,0.35,0.35,µm,rod-shaped,0.0,,positive,7466,30531,1,,2017-12-01 12:54:15
5745,3,3.0,3.0,µm,0.7,0.7,0.7,µm,rod-shaped,0.0,,negative,24437,30513,1,,2017-12-01 12:54:15
5746,,,,,,,,,rod-shaped,1.0,,negative,23456,30484,1,,2017-12-01 12:54:15
5747,1.7,1.7,1.7,µm,0.65,0.65,0.65,µm,rod-shaped,0.0,,negative,24720,30782,1,,2017-12-01 12:54:15
5748,2.7,2.7,2.7,µm,0.475,0.48,0.48,µm,rod-shaped,0.0,,negative,24030,30639,1,,2017-12-01 12:54:15
5749,1.15,1.15,1.15,µm,0.8,0.8,0.8,µm,rod-shaped,1.0,,negative,22995,30518,1,,2017-12-01 12:54:15
5750,,,,,,,,,rod-shaped,0.0,,positive,8591,30493,1,,2017-12-01 12:54:15
5751,0.95,0.95,0.95,µm,0.4,0.4,0.4,µm,rod-shaped,0.0,,negative,133782,30478,1,,2017-12-01 12:54:15
5752,1.75,1.75,1.75,µm,0.75,0.75,0.75,µm,rod-shaped,0.0,,negative,133783,30478,1,,2017-12-01 12:54:15
5753,,,,,0.87,0.87,0.87,µm,,,,positive,24213,31123,1,,2017-12-01 12:54:15
5754,0.75,0.75,0.75,µm,0.75,0.75,0.75,µm,coccus-shaped,0.0,,negative,24796,30679,1,,2017-12-01 12:54:15
5755,2.2,2.2,2.2,µm,0.65,0.65,0.65,µm,rod-shaped,1.0,gliding,negative,133827,30615,1,,2017-12-01 12:54:15
5756,1.5,1.5,1.5,µm,0.45,0.45,0.45,µm,rod-shaped,0.0,,positive,23769,30955,1,,2017-12-01 12:54:15
5757,8.5,8.5,8.5,µm,0.9,0.9,0.9,µm,ovoid-shaped,,,negative,24083,31150,1,,2017-12-01 12:54:15
5758,,,,,,,,,coccus-shaped,,,,8346,30561,1,,2017-12-01 12:54:15
5759,,,,,,,,,,0.0,,positive,11050,30525,1,,2017-12-01 12:54:15
5760,1.75,1.75,1.75,µm,0.45,0.45,0.45,µm,rod-shaped,1.0,,negative,23272,30613,1,,2017-12-01 12:54:15
5761,1.45,1.45,1.45,µm,0.525,0.52,0.52,µm,rod-shaped,1.0,,negative,23281,30716,1,,2017-12-01 12:54:15
5762,0.95,0.95,0.95,µm,0.4,0.4,0.4,µm,rod-shaped,1.0,,negative,23273,30613,1,,2017-12-01 12:54:15
5763,2.5,2.5,2.5,µm,0.85,0.85,0.85,µm,rod-shaped,0.0,,negative,130271,30753,1,,2017-12-01 12:54:15
5764,,,,,,,,,rod-shaped,,,negative,23936,30857,1,,2017-12-01 12:54:15
5765,1.75,1.75,1.75,µm,0.15,0.15,0.15,µm,rod-shaped,0.0,,negative,24534,30655,1,,2017-12-01 12:54:15
5766,1.75,1.75,1.75,µm,0.55,0.55,0.55,µm,rod-shaped,0.0,,negative,134066,31165,1,,2017-12-01 12:54:15
5767,2.35,2.35,2.35,µm,0.6,0.6,0.6,µm,rod-shaped,0.0,,negative,134030,31092,1,,2017-12-01 12:54:15
5768,2.5,2.5,2.5,µm,0.65,0.65,0.65,µm,rod-shaped,0.0,,negative,134031,31092,1,,2017-12-01 12:54:15
5769,7.3,7.3,7.3,µm,1.15,1.15,1.15,µm,rod-shaped,0.0,,negative,134053,31145,1,,2017-12-01 12:54:15
5770,9.1,9.1,9.1,µm,0.95,0.95,0.95,µm,rod-shaped,0.0,,negative,134054,31145,1,,2017-12-01 12:54:15
5771,1.4,1.4,1.4,µm,0.7,0.7,0.7,µm,rod-shaped,0.0,,negative,133824,30608,1,,2017-12-01 12:54:15
5772,,,,,,,,,rod-shaped,0.0,,negative,133786,30494,1,,2017-12-01 12:54:15
5773,2.15,2.15,2.15,µm,0.65,0.65,0.65,µm,rod-shaped,0.0,,negative,133959,30953,1,,2017-12-01 12:54:15
5774,2.2,2.2,2.2,µm,0.5,0.5,0.5,µm,rod-shaped,1.0,gliding,negative,133998,31025,1,,2017-12-01 12:54:15
5775,4,4.0,4.0,µm,0.5,0.5,0.5,µm,rod-shaped,0.0,,positive,6704,30345,1,,2017-12-01 12:54:15
5776,1.4,1.4,1.4,µm,0.5,0.5,0.5,µm,rod-shaped,0.0,,negative,23271,30591,1,,2017-12-01 12:54:15
5777,2.5,2.5,2.5,µm,0.9,0.9,0.9,µm,rod-shaped,1.0,,positive,22962,30521,1,,2017-12-01 12:54:15
5778,,,,,,,,,rod-shaped,,,positive,13286,30527,1,,2017-12-01 12:54:15
5779,,,,,1.75,1.75,1.75,µm,coccus-shaped,,,negative,133816,30574,1,,2017-12-01 12:54:15
5780,0.9,0.9,0.9,µm,0.6,0.6,0.6,µm,rod-shaped,0.0,,negative,132918,30910,1,,2017-12-01 12:54:15
5781,4.15,4.15,4.15,µm,0.3,0.3,0.3,µm,rod-shaped,0.0,,negative,133826,30612,1,,2017-12-01 12:54:15
5782,1.3,1.3,1.3,µm,0.7,0.7,0.7,µm,rod-shaped,0.0,,negative,23267,30828,1,,2017-12-01 12:54:15
5783,1.6,1.6,1.6,µm,1.3,1.3,1.3,µm,rod-shaped,1.0,,negative,133948,30929,1,,2017-12-01 12:54:15
5784,1,1.0,1.0,µm,1,1.0,1.0,µm,rod-shaped,0.0,,negative,23265,30604,1,,2017-12-01 12:54:15
5785,,,,,,,,,rod-shaped,0.0,,negative,23274,30605,1,,2017-12-01 12:54:15
5786,1.75,1.75,1.75,µm,0.5,0.5,0.5,µm,rod-shaped,0.0,,negative,133797,30544,1,,2017-12-01 12:54:15
5787,5.5,5.5,5.5,µm,0.5,0.5,0.5,µm,rod-shaped,0.0,,negative,133874,30736,1,,2017-12-01 12:54:15
5788,3.5,3.5,3.5,µm,0.35,0.35,0.35,µm,rod-shaped,0.0,,negative,131259,30781,1,,2017-12-01 12:54:15
5789,4.5,4.5,4.5,µm,0.5,0.5,0.5,µm,rod-shaped,0.0,,negative,133872,30731,1,,2017-12-01 12:54:15
5790,1.25,1.25,1.25,µm,0.25,0.25,0.25,µm,rod-shaped,0.0,,negative,24338,31100,1,,2017-12-01 12:54:15
5791,1.75,1.75,1.75,µm,0.35,0.35,0.35,µm,rod-shaped,0.0,,negative,24021,30796,1,,2017-12-01 12:54:15
5792,1.15,1.15,1.15,µm,0.4,0.4,0.4,µm,rod-shaped,1.0,,negative,133882,30757,1,,2017-12-01 12:54:15
5793,0.75,0.75,0.75,µm,0.75,0.75,0.75,µm,coccus-shaped,0.0,,positive,24606,30730,1,,2017-12-01 12:54:15
5794,0.75,0.75,0.75,µm,0.75,0.75,0.75,µm,coccus-shaped,0.0,,positive,24605,30730,1,,2017-12-01 12:54:15
5795,1.4,1.4,1.4,µm,0.35,0.35,0.35,µm,rod-shaped,0.0,,negative,133825,30609,1,,2017-12-01 12:54:15
5796,,,,,,,,,rod-shaped,0.0,,positive,134050,31137,1,,2017-12-01 12:54:15
5797,2,2.0,2.0,µm,0.3,0.3,0.3,µm,rod-shaped,1.0,,positive,133908,30849,1,,2017-12-01 12:54:15
5798,2,2.0,2.0,µm,0.45,0.45,0.45,µm,rod-shaped,0.0,,positive,23525,30688,1,,2017-12-01 12:54:15
5799,3,3.0,3.0,µm,1,1.0,1.0,µm,rod-shaped,0.0,,negative,133988,31012,1,,2017-12-01 12:54:15
5800,,,,,,,,,rod-shaped,1.0,,negative,133801,30551,1,,2017-12-01 12:54:15
5801,1.3,1.3,1.3,µm,0.5,0.5,0.5,µm,rod-shaped,0.0,,negative,133901,30827,1,,2017-12-01 12:54:15
5802,2.1,2.1,2.1,µm,0.35,0.35,0.35,µm,rod-shaped,0.0,,negative,134020,31072,1,,2017-12-01 12:54:15
5803,0.9,0.9,0.9,µm,0.35,0.35,0.35,µm,rod-shaped,0.0,,negative,134021,31072,1,,2017-12-01 12:54:15
5804,1.2,1.2,1.2,µm,0.3,0.3,0.3,µm,rod-shaped,0.0,,negative,24048,30925,1,,2017-12-01 12:54:15
5805,4.75,4.75,4.75,µm,0.45,0.45,0.45,µm,rod-shaped,1.0,,negative,133925,30884,1,,2017-12-01 12:54:15
5806,2.75,2.75,2.75,µm,0.4,0.4,0.4,µm,rod-shaped,0.0,,negative,133979,30989,1,,2017-12-01 12:54:15
5807,1.65,1.65,1.65,µm,0.75,0.75,0.75,µm,rod-shaped,1.0,,positive,23164,30810,1,,2017-12-01 12:54:15
5808,,,,,,,,,rod-shaped,0.0,,negative,24022,30818,1,,2017-12-01 12:54:15
5809,,,,,,,,,rod-shaped,0.0,,negative,133980,30990,1,,2017-12-01 12:54:15
5810,3.15,3.15,3.15,µm,0.6,0.6,0.6,µm,rod-shaped,0.0,,negative,130607,30581,1,,2017-12-01 12:54:15
5811,4.4,4.4,4.4,µm,0.85,0.85,0.85,µm,rod-shaped,0.0,,negative,130640,30575,1,,2017-12-01 12:54:15
5812,2.65,2.65,2.65,µm,0.4,0.4,0.4,µm,rod-shaped,0.0,,negative,133837,30633,1,,2017-12-01 12:54:15
5813,2.9,2.9,2.9,µm,0.45,0.45,0.45,µm,rod-shaped,0.0,,negative,133876,30744,1,,2017-12-01 12:54:15
5814,1,1.0,1.0,µm,0.35,0.35,0.35,µm,rod-shaped,1.0,gliding,negative,133986,31002,1,,2017-12-01 12:54:15
5815,2.3,2.3,2.3,µm,0.55,0.55,0.55,µm,rod-shaped,1.0,gliding,negative,133894,30800,1,,2017-12-01 12:54:15
5816,2.5,2.5,2.5,µm,0.5,0.5,0.5,µm,rod-shaped,1.0,,negative,24523,30714,1,,2017-12-01 12:54:15
5817,0.85,0.85,0.85,µm,0.39,0.39,0.39,µm,rod-shaped,0.0,,negative,24038,30999,1,,2017-12-01 12:54:15
5818,1.6,1.6,1.6,µm,0.5,0.5,0.5,µm,rod-shaped,0.0,,negative,133817,30582,1,,2017-12-01 12:54:15
5819,,,,,,,,,rod-shaped,0.0,,positive,24445,31106,1,,2017-12-01 12:54:15
5820,,,,,,,,,,0.0,,positive,23219,31078,1,,2017-12-01 12:54:15
5821,,,,,,,,,rod-shaped,0.0,,positive,24444,31059,1,,2017-12-01 12:54:15
5822,1.35,1.35,1.35,µm,0.6,0.6,0.6,µm,rod-shaped,1.0,,negative,130318,30832,1,,2017-12-01 12:54:15
5823,1.25,1.25,1.25,µm,0.35,0.35,0.35,µm,rod-shaped,0.0,,negative,133902,30833,1,,2017-12-01 12:54:15
5824,1,1.0,1.0,µm,0.45,0.45,0.45,µm,rod-shaped,0.0,,negative,133916,30870,1,,2017-12-01 12:54:15
5825,1.15,1.15,1.15,µm,0.7,0.7,0.7,µm,rod-shaped,,,negative,24180,31108,1,,2017-12-01 12:54:15
5826,2.15,2.15,2.15,µm,0.7,0.7,0.7,µm,rod-shaped,1.0,,negative,130655,30644,1,,2017-12-01 12:54:15
5827,3,3.0,3.0,µm,0.55,0.55,0.55,µm,ovoid-shaped,0.0,,negative,23199,30660,1,,2017-12-01 12:54:15
5828,2,2.0,2.0,µm,0.4,0.4,0.4,µm,rod-shaped,0.0,,negative,133923,30882,1,,2017-12-01 12:54:15
5829,1.6,1.6,1.6,µm,0.4,0.4,0.4,µm,rod-shaped,0.0,,negative,130670,30637,1,,2017-12-01 12:54:15
5830,0.85,0.85,0.85,µm,0.5,0.5,0.5,µm,rod-shaped,0.0,,negative,130672,31068,1,,2017-12-01 12:54:15
5831,2,2.0,2.0,µm,0.65,0.65,0.65,µm,rod-shaped,0.0,,negative,133832,30625,1,,2017-12-01 12:54:15
5832,1.43,1.43,1.43,µm,0.81,0.81,0.81,µm,,0.0,,positive,16556,30837,1,,2017-12-01 12:54:15
5833,0.69,0.69,0.69,µm,0.6,0.6,0.6,µm,,0.0,,positive,23126,30842,1,,2017-12-01 12:54:15
5834,1,1.0,1.0,µm,0.45,0.45,0.45,µm,rod-shaped,1.0,,negative,11934,30635,1,,2017-12-01 12:54:15
5835,,,,,,,,,ovoid-shaped,0.0,,positive,23336,30735,1,,2017-12-01 12:54:15
5836,2.1,2.1,2.1,µm,0.7,0.7,0.7,µm,rod-shaped,0.0,,positive,133853,30677,1,,2017-12-01 12:54:15
5837,1.75,1.75,1.75,µm,0.65,0.65,0.65,µm,rod-shaped,1.0,,negative,23093,30687,1,,2017-12-01 12:54:15
5838,2,2.0,2.0,µm,0.4,0.4,0.4,µm,rod-shaped,0.0,,negative,24024,30907,1,,2017-12-01 12:54:15
5839,1.5,1.5,1.5,µm,0.4,0.4,0.4,µm,rod-shaped,1.0,,negative,24486,31010,1,,2017-12-01 12:54:15
5840,,,,,,,,,,1.0,,negative,134047,31132,1,,2017-12-01 12:54:15
5841,1.95,1.95,1.95,µm,0.3,0.3,0.3,µm,rod-shaped,0.0,,negative,133907,30847,1,,2017-12-01 12:54:15
5842,1.75,1.75,1.75,µm,0.6,0.6,0.6,µm,rod-shaped,1.0,,negative,24439,30834,1,,2017-12-01 12:54:15
5843,1.5,1.5,1.5,µm,0.5,0.5,0.5,µm,rod-shaped,0.0,,negative,133828,30620,1,,2017-12-01 12:54:15
5844,1.5,1.5,1.5,µm,0.5,0.5,0.5,µm,rod-shaped,1.0,,negative,23013,30717,1,,2017-12-01 12:54:15
5845,200,200.0,200.0,µm,0.5,0.5,0.5,µm,,0.0,,negative,506,30646,1,,2017-12-01 12:54:15
5846,,,,,,,,,rod-shaped,0.0,,negative,133849,30669,1,,2017-12-01 12:54:15
5847,,,,,,,,,,,,positive,24457,31162,1,,2017-12-01 12:54:15
5848,,,,,,,,,spiral-shaped,,,positive,132160,31170,1,,2017-12-01 12:54:15
5849,,,,,,,,,rod-shaped,,,positive,11192,30666,1,,2017-12-01 12:54:15
5850,3,3.0,3.0,µm,0.65,0.65,0.65,µm,rod-shaped,0.0,,negative,133836,30632,1,,2017-12-01 12:54:15
5851,1.35,1.35,1.35,µm,0.65,0.65,0.65,µm,rod-shaped,0.0,,negative,133924,30883,1,,2017-12-01 12:54:15
5852,1,1.0,1.0,µm,0.5,0.5,0.5,µm,rod-shaped,1.0,,negative,22904,30662,1,,2017-12-01 12:54:15
5853,2,2.0,2.0,µm,0.35,0.35,0.35,µm,rod-shaped,1.0,gliding,negative,24049,30778,1,,2017-12-01 12:54:15
5854,1.435,1.44,1.44,µm,0.45,0.45,0.45,µm,rod-shaped,,,negative,130532,30787,1,,2017-12-01 12:54:15
5855,,,,,,,,,rod-shaped,0.0,,negative,133852,30676,1,,2017-12-01 12:54:15
5856,1.25,1.25,1.25,µm,0.45,0.45,0.45,µm,rod-shaped,1.0,,negative,24438,30692,1,,2017-12-01 12:54:15
5857,1.2,1.2,1.2,µm,0.5,0.5,0.5,µm,rod-shaped,0.0,,positive,23030,30600,1,,2017-12-01 12:54:15
5858,0.9,0.9,0.9,µm,0.45,0.45,0.45,µm,rod-shaped,1.0,,negative,24785,31043,1,,2017-12-01 12:54:15
5859,2.25,2.25,2.25,µm,0.3,0.3,0.3,µm,rod-shaped,0.0,,negative,133841,30645,1,,2017-12-01 12:54:15
5860,4.3,4.3,4.3,µm,0.6,0.6,0.6,µm,rod-shaped,1.0,,negative,24051,30680,1,,2017-12-01 12:54:15
5861,1.45,1.45,1.45,µm,0.65,0.65,0.65,µm,ovoid-shaped,,,positive,23792,31073,1,,2017-12-01 12:54:15
5863,3,3.0,3.0,µm,1.15,1.15,1.15,µm,rod-shaped,1.0,,negative,134006,31038,1,,2017-12-01 12:54:15
5864,2.5,2.5,2.5,µm,0.85,0.85,0.85,µm,rod-shaped,1.0,,negative,132911,30691,1,,2017-12-01 12:54:15
5865,,,,,,,,,rod-shaped,,,positive,133932,30905,1,,2017-12-01 12:54:15
5866,1.75,1.75,1.75,µm,0.5,0.5,0.5,µm,rod-shaped,1.0,,negative,23455,30893,1,,2017-12-01 12:54:15
5867,1.8,1.8,1.8,µm,0.35,0.35,0.35,µm,rod-shaped,,,negative,131260,30769,1,,2017-12-01 12:54:15
5868,3.65,3.65,3.65,µm,0.5,0.5,0.5,µm,rod-shaped,1.0,,positive,23764,30825,1,,2017-12-01 12:54:15
5869,,,,,,,,,,,,negative,23010,30788,1,,2017-12-01 12:54:15
5870,3.45,3.45,3.45,µm,0.45,0.45,0.45,µm,rod-shaped,0.0,,negative,133881,30755,1,,2017-12-01 12:54:15
5871,,,,,,,,,rod-shaped,1.0,,negative,133844,30659,1,,2017-12-01 12:54:15
5872,4.5,4.5,4.5,µm,0.8,0.8,0.8,µm,,1.0,,negative,1784,30681,1,,2017-12-01 12:54:15
5873,,,,,,,,,,0.0,,positive,23121,30748,1,,2017-12-01 12:54:15
5874,1.15,1.15,1.15,µm,0.35,0.35,0.35,µm,rod-shaped,0.0,,negative,133942,30922,1,,2017-12-01 12:54:15
5875,2.8,2.8,2.8,µm,1.8,1.8,1.8,µm,rod-shaped,1.0,,positive,133921,30879,1,,2017-12-01 12:54:15
5876,1.45,1.45,1.45,µm,0.6,0.6,0.6,µm,rod-shaped,0.0,,positive,133989,31014,1,,2017-12-01 12:54:15
5877,1.65,1.65,1.65,µm,1.05,1.05,1.05,µm,rod-shaped,0.0,,positive,133860,30695,1,,2017-12-01 12:54:15
5878,1.5,1.5,1.5,µm,0.3,0.3,0.3,µm,rod-shaped,0.0,,positive,133880,30754,1,,2017-12-01 12:54:15
5879,6.25,6.25,6.25,µm,0.4,0.4,0.4,µm,rod-shaped,1.0,,positive,23180,30710,1,,2017-12-01 12:54:15
5880,1.1,1.1,1.1,µm,0.6,0.6,0.6,µm,coccus-shaped,0.0,,positive,24151,30921,1,,2017-12-01 12:54:15
5881,1.15,1.15,1.15,µm,1.15,1.15,1.15,µm,coccus-shaped,0.0,,positive,24004,31026,1,,2017-12-01 12:54:15
5882,1.5,1.5,1.5,µm,0.5,0.5,0.5,µm,rod-shaped,0.0,,negative,23992,30850,1,,2017-12-01 12:54:15
5883,3.15,3.15,3.15,µm,0.55,0.55,0.55,µm,rod-shaped,1.0,,negative,130813,30697,1,,2017-12-01 12:54:15
5884,1.655,1.66,1.66,µm,1.1,1.1,1.1,µm,rod-shaped,1.0,,negative,133938,30914,1,,2017-12-01 12:54:15
5885,8.5,8.5,8.5,µm,0.35,0.35,0.35,µm,rod-shaped,0.0,,positive,23443,30742,1,,2017-12-01 12:54:15
5886,100,100.0,100.0,µm,0.5,0.5,0.5,µm,rod-shaped,0.0,,negative,23349,30776,1,,2017-12-01 12:54:15
5887,6,6.0,6.0,µm,0.35,0.35,0.35,µm,rod-shaped,1.0,gliding,negative,133866,30712,1,,2017-12-01 12:54:15
5888,2.5,2.5,2.5,µm,0.5,0.5,0.5,µm,rod-shaped,0.0,,negative,133911,30855,1,,2017-12-01 12:54:15
5889,1.8,1.8,1.8,µm,0.35,0.35,0.35,µm,ovoid-shaped,1.0,,negative,130625,30758,1,,2017-12-01 12:54:15
5890,1,1.0,1.0,µm,0.4,0.4,0.4,µm,rod-shaped,0.0,,negative,132915,30807,1,,2017-12-01 12:54:15
5891,0.65,0.65,0.65,µm,0.39,0.39,0.39,µm,,0.0,,positive,23303,31027,1,,2017-12-01 12:54:15
5892,1.4,1.4,1.4,µm,0.5,0.5,0.5,µm,rod-shaped,0.0,,negative,133955,30944,1,,2017-12-01 12:54:15
5893,1.305,1.3,1.3,µm,0.385,0.38,0.38,µm,rod-shaped,0.0,,negative,133884,30762,1,,2017-12-01 12:54:15
5894,,,,,,,,,,0.0,,positive,23120,30829,1,,2017-12-01 12:54:15
5895,1.5,1.5,1.5,µm,1.5,1.5,1.5,µm,ovoid-shaped,0.0,,negative,130450,30741,1,,2017-12-01 12:54:15
5896,1.5,1.5,1.5,µm,1.5,1.5,1.5,µm,ovoid-shaped,0.0,,negative,130449,30741,1,,2017-12-01 12:54:15
5897,4.6,4.6,4.6,µm,0.85,0.85,0.85,µm,rod-shaped,,,positive,23862,31069,1,,2017-12-01 12:54:15
5898,1.45,1.45,1.45,µm,0.85,0.85,0.85,µm,rod-shaped,1.0,,negative,132152,30786,1,,2017-12-01 12:54:15
5899,1.4,1.4,1.4,µm,0.7,0.7,0.7,µm,rod-shaped,0.0,,negative,24343,31117,1,,2017-12-01 12:54:15
5900,1.5,1.5,1.5,µm,0.9,0.9,0.9,µm,rod-shaped,1.0,,negative,133937,30913,1,,2017-12-01 12:54:15
5901,1.05,1.05,1.05,µm,0.4,0.4,0.4,µm,rod-shaped,1.0,,negative,134028,31086,1,,2017-12-01 12:54:15
5902,6.25,6.25,6.25,µm,0.5,0.5,0.5,µm,rod-shaped,,,positive,24135,30974,1,,2017-12-01 12:54:15
5903,2.95,2.95,2.95,µm,1.15,1.15,1.15,µm,rod-shaped,1.0,gliding,negative,133910,30854,1,,2017-12-01 12:54:15
5904,3.4,3.4,3.4,µm,0.6,0.6,0.6,µm,rod-shaped,0.0,,negative,133877,30749,1,,2017-12-01 12:54:15
5905,1.1,1.1,1.1,µm,0.45,0.45,0.45,µm,rod-shaped,1.0,gliding,negative,133984,30998,1,,2017-12-01 12:54:15
5906,4.25,4.25,4.25,µm,1,1.0,1.0,µm,rod-shaped,0.0,,negative,23440,30804,1,,2017-12-01 12:54:15
5907,,,,,,,,,rod-shaped,1.0,,positive,5826,30790,1,,2017-12-01 12:54:15
5908,,,,,,,,,spiral-shaped,,,positive,130719,30917,1,,2017-12-01 12:54:15
5909,1.5,1.5,1.5,µm,0.5,0.5,0.5,µm,rod-shaped,0.0,,negative,134005,31036,1,,2017-12-01 12:54:15
5910,1.15,1.15,1.15,µm,0.75,0.75,0.75,µm,rod-shaped,0.0,,negative,130630,30859,1,,2017-12-01 12:54:15
5911,2.35,2.35,2.35,µm,0.8,0.8,0.8,µm,rod-shaped,1.0,,negative,133945,30927,1,,2017-12-01 12:54:15
5912,2.6,2.6,2.6,µm,1.7,1.7,1.7,µm,rod-shaped,,,negative,133940,30916,1,,2017-12-01 12:54:15
5913,2.3,2.3,2.3,µm,1.3,1.3,1.3,µm,rod-shaped,,,negative,133941,30916,1,,2017-12-01 12:54:15
5914,4.1,4.1,4.1,µm,1.3,1.3,1.3,µm,rod-shaped,1.0,,negative,24173,31003,1,,2017-12-01 12:54:15
5915,,,,,,,,,rod-shaped,0.0,,,23139,30887,1,,2017-12-01 12:54:15
5916,3,3.0,3.0,µm,0.7,0.7,0.7,µm,rod-shaped,0.0,,negative,133914,30867,1,,2017-12-01 12:54:15
5917,5.75,5.75,5.75,µm,0.4,0.4,0.4,µm,rod-shaped,0.0,,negative,133883,30761,1,,2017-12-01 12:54:15
5918,,,,,,,,,rod-shaped,0.0,,positive,24443,30936,1,,2017-12-01 12:54:15
5919,0.55,0.55,0.55,µm,0.3,0.3,0.3,µm,rod-shaped,0.0,,negative,24787,30765,1,,2017-12-01 12:54:15
5920,0.55,0.55,0.55,µm,0.3,0.3,0.3,µm,rod-shaped,0.0,,negative,24788,30765,1,,2017-12-01 12:54:15
5921,,,,,,,,,rod-shaped,0.0,,negative,134073,31175,1,,2017-12-01 12:54:15
5922,1.5,1.5,1.5,µm,0.5,0.5,0.5,µm,rod-shaped,1.0,,negative,132150,30807,1,,2017-12-01 12:54:15
5923,1.7,1.7,1.7,µm,0.4,0.4,0.4,µm,rod-shaped,1.0,gliding,negative,133912,30862,1,,2017-12-01 12:54:15
5924,1.35,1.35,1.35,µm,0.35,0.35,0.35,µm,rod-shaped,1.0,,negative,130254,30841,1,,2017-12-01 12:54:15
5925,3,3.0,3.0,µm,0.45,0.45,0.45,µm,rod-shaped,1.0,,negative,23868,30860,1,,2017-12-01 12:54:15
5926,1.35,1.35,1.35,µm,0.5,0.5,0.5,µm,rod-shaped,0.0,,positive,134039,31115,1,,2017-12-01 12:54:15
5927,2.95,2.95,2.95,µm,0.45,0.45,0.45,µm,rod-shaped,0.0,,negative,134058,31153,1,,2017-12-01 12:54:15
5928,0.75,0.75,0.75,µm,0.75,0.75,0.75,µm,coccus-shaped,0.0,,negative,133898,30811,1,,2017-12-01 12:54:15
5929,2.45,2.45,2.45,µm,0.6,0.6,0.6,µm,coccus-shaped,0.0,,negative,133891,30784,1,,2017-12-01 12:54:15
5930,1.2,1.2,1.2,µm,1.2,1.2,1.2,µm,coccus-shaped,0.0,,negative,133906,30844,1,,2017-12-01 12:54:15
5931,,,,,,,,,spiral-shaped,0.0,,positive,24618,30900,1,,2017-12-01 12:54:15
5932,2,2.0,2.0,µm,0.65,0.65,0.65,µm,rod-shaped,0.0,,negative,133875,30737,1,,2017-12-01 12:54:15
5933,,,,,,,,,,0.0,,negative,24089,31055,1,,2017-12-01 12:54:15
5934,,,,,,,,,rod-shaped,0.0,,negative,24085,31060,1,,2017-12-01 12:54:15
5935,1,1.0,1.0,µm,0.35,0.35,0.35,µm,rod-shaped,0.0,,negative,133928,30897,1,,2017-12-01 12:54:15
5936,2.25,2.25,2.25,µm,0.5,0.5,0.5,µm,rod-shaped,0.0,,negative,133965,30968,1,,2017-12-01 12:54:15
5937,,,,,,,,,,0.0,,negative,134062,31161,1,,2017-12-01 12:54:15
5938,,,,,,,,,,0.0,,negative,16257,31161,1,,2017-12-01 12:54:15
5939,,,,,,,,,,0.0,,negative,134063,31161,1,,2017-12-01 12:54:15
5940,,,,,,,,,,0.0,,negative,134064,31161,1,,2017-12-01 12:54:15
5941,1.5,1.5,1.5,µm,0.6,0.6,0.6,µm,rod-shaped,1.0,,positive,133927,30895,1,,2017-12-01 12:54:15
5942,1.75,1.75,1.75,µm,0.65,0.65,0.65,µm,rod-shaped,,,negative,133956,30945,1,,2017-12-01 12:54:15
5943,,,,,,,,,ovoid-shaped,0.0,,negative,24224,30938,1,,2017-12-01 12:54:15
5944,5.25,5.25,5.25,µm,1.85,1.85,1.85,µm,rod-shaped,1.0,,negative,133939,30915,1,,2017-12-01 12:54:15
5945,2.5,2.5,2.5,µm,0.9,0.9,0.9,µm,rod-shaped,0.0,,positive,23197,30812,1,,2017-12-01 12:54:15
5946,1.1,1.1,1.1,µm,0.5,0.5,0.5,µm,rod-shaped,0.0,,positive,130226,30994,1,,2017-12-01 12:54:15
5947,1.8,1.8,1.8,µm,0.65,0.65,0.65,µm,rod-shaped,0.0,,positive,133952,30934,1,,2017-12-01 12:54:15
5948,,,,,,,,,,0.0,,negative,134012,31055,1,,2017-12-01 12:54:15
5949,1.75,1.75,1.75,µm,0.7,0.7,0.7,µm,rod-shaped,1.0,,negative,24663,30937,1,,2017-12-01 12:54:15
5950,1.5,1.5,1.5,µm,0.9,0.9,0.9,µm,rod-shaped,0.0,,negative,130507,30878,1,,2017-12-01 12:54:15
5951,2.5,2.5,2.5,µm,0.6,0.6,0.6,µm,rod-shaped,1.0,,positive,133918,30872,1,,2017-12-01 12:54:15
5952,2.45,2.45,2.45,µm,0.75,0.75,0.75,µm,rod-shaped,1.0,gliding,negative,134074,31176,1,,2017-12-01 12:54:15
5953,1.6,1.6,1.6,µm,0.55,0.55,0.55,µm,rod-shaped,,,negative,134043,31126,1,,2017-12-01 12:54:15
5954,1.95,1.95,1.95,µm,0.6,0.6,0.6,µm,rod-shaped,,,negative,133944,30926,1,,2017-12-01 12:54:15
5955,2.5,2.5,2.5,µm,0.9,0.9,0.9,µm,,0.0,,positive,23766,30993,1,,2017-12-01 12:54:15
5956,6.5,6.5,6.5,µm,0.9,0.9,0.9,µm,rod-shaped,0.0,,negative,133909,30852,1,,2017-12-01 12:54:15
5957,1.1,1.1,1.1,µm,0.75,0.75,0.75,µm,ovoid-shaped,0.0,,positive,133977,30985,1,,2017-12-01 12:54:15
5959,1.6,1.6,1.6,µm,0.45,0.45,0.45,µm,rod-shaped,1.0,,negative,130575,31169,1,,2017-12-01 12:54:15
5960,2.5,2.5,2.5,µm,0.65,0.65,0.65,µm,rod-shaped,0.0,,positive,133981,30991,1,,2017-12-01 12:54:15
5961,2.95,2.95,2.95,µm,0.6,0.6,0.6,µm,rod-shaped,1.0,,positive,133982,30991,1,,2017-12-01 12:54:15
5962,1.2,1.2,1.2,µm,1.2,1.2,1.2,µm,coccus-shaped,1.0,,negative,133919,30873,1,,2017-12-01 12:54:15
5963,,,,,,,,,ovoid-shaped,1.0,,positive,130440,30942,1,,2017-12-01 12:54:15
5964,1.95,1.95,1.95,µm,0.75,0.75,0.75,µm,rod-shaped,1.0,,positive,24062,31001,1,,2017-12-01 12:54:15
5965,2.15,2.15,2.15,µm,0.4,0.4,0.4,µm,rod-shaped,0.0,,negative,134044,31126,1,,2017-12-01 12:54:15
5966,2.5,2.5,2.5,µm,0.4,0.4,0.4,µm,rod-shaped,1.0,gliding,negative,24017,31152,1,,2017-12-01 12:54:15
5967,,,,,,,,,rod-shaped,0.0,,negative,24773,31075,1,,2017-12-01 12:54:15
5968,2.95,2.95,2.95,µm,0.7,0.7,0.7,µm,rod-shaped,0.0,,negative,134041,31122,1,,2017-12-01 12:54:15
5969,,,,,,,,,,0.0,,negative,133996,31023,1,,2017-12-01 12:54:15
5970,,,,,,,,,rod-shaped,0.0,,positive,24729,30906,1,,2017-12-01 12:54:15
5971,2,2.0,2.0,µm,0.7,0.7,0.7,µm,rod-shaped,1.0,,negative,134023,31077,1,,2017-12-01 12:54:15
5972,2,2.0,2.0,µm,0.7,0.7,0.7,µm,rod-shaped,1.0,,negative,134024,31077,1,,2017-12-01 12:54:15
5973,1.99,1.99,1.99,µm,0.69,0.69,0.69,µm,rod-shaped,1.0,gliding,negative,133960,30954,1,,2017-12-01 12:54:15
5974,0.9,0.9,0.9,µm,0.35,0.35,0.35,µm,spiral-shaped,0.0,,negative,134003,31033,1,,2017-12-01 12:54:15
5975,,,,,,,,,rod-shaped,1.0,,negative,134022,31074,1,,2017-12-01 12:54:15
5976,3.75,3.75,3.75,µm,0.7,0.7,0.7,µm,rod-shaped,0.0,,positive,24131,30649,1,,2017-12-01 12:54:15
5977,,,,,,,,,coccus-shaped,,,positive,24216,31057,1,,2017-12-01 12:54:15
5978,2.5,2.5,2.5,µm,0.35,0.35,0.35,µm,rod-shaped,0.0,,negative,133967,30972,1,,2017-12-01 12:54:15
5979,1.6,1.6,1.6,µm,0.5,0.5,0.5,µm,rod-shaped,0.0,,negative,133972,30978,1,,2017-12-01 12:54:15
5980,,,,,,,,,,,,positive,23327,31102,1,,2017-12-01 12:54:15
5981,2,2.0,2.0,µm,1,1.0,1.0,µm,rod-shaped,0.0,,positive,23796,31088,1,,2017-12-01 12:54:15
5982,2.75,2.75,2.75,µm,0.6,0.6,0.6,µm,rod-shaped,1.0,,negative,130847,31065,1,,2017-12-01 12:54:15
5983,1.3,1.3,1.3,µm,0.6,0.6,0.6,µm,coccus-shaped,0.0,,negative,130644,30920,1,,2017-12-01 12:54:15
5984,1.225,1.23,1.23,µm,0.41,0.41,0.41,µm,rod-shaped,0.0,,negative,24675,31009,1,,2017-12-01 12:54:15
5985,2.5,2.5,2.5,µm,1.1,1.1,1.1,µm,spiral-shaped,1.0,,negative,134013,31056,1,,2017-12-01 12:54:15
5986,,,,,,,,,,1.0,,negative,24804,31142,1,,2017-12-01 12:54:15
5987,1.58,1.58,1.58,µm,0.5,0.5,0.5,µm,rod-shaped,1.0,,negative,132154,30950,1,,2017-12-01 12:54:15
5988,0.86,0.86,0.86,µm,0.45,0.45,0.45,µm,rod-shaped,0.0,,negative,132155,30950,1,,2017-12-01 12:54:15
5989,1.08,1.08,1.08,µm,0.53,0.53,0.53,µm,rod-shaped,0.0,,negative,132155,30950,1,,2017-12-01 12:54:15
5990,1.55,1.55,1.55,µm,0.6,0.6,0.6,µm,rod-shaped,1.0,,negative,133973,30981,1,,2017-12-01 12:54:15
5991,,,,,,,,,coccus-shaped,,,positive,24609,30961,1,,2017-12-01 12:54:15
5992,3.5,3.5,3.5,µm,1,1.0,1.0,µm,rod-shaped,0.0,,positive,23186,30767,1,,2017-12-01 12:54:15
5993,,,,,,,,,,,,positive,24645,30760,1,,2017-12-01 12:54:15
5994,2,2.0,2.0,µm,0.5,0.5,0.5,µm,rod-shaped,,,negative,132158,31004,1,,2017-12-01 12:54:15
5995,1.5,1.5,1.5,µm,1.5,1.5,1.5,µm,coccus-shaped,0.0,,positive,133990,31015,1,,2017-12-01 12:54:15
5996,2.5,2.5,2.5,µm,0.9,0.9,0.9,µm,rod-shaped,1.0,gliding,negative,24023,30971,1,,2017-12-01 12:54:15
5997,,,,,,,,,coccus-shaped,0.0,,positive,23323,30959,1,,2017-12-01 12:54:15
5998,6.5,6.5,6.5,µm,0.3,0.3,0.3,µm,rod-shaped,1.0,gliding,negative,134010,31050,1,,2017-12-01 12:54:15
5999,2.1,2.1,2.1,µm,0.5,0.5,0.5,µm,rod-shaped,1.0,,positive,23761,31041,1,,2017-12-01 12:54:15
6000,2.25,2.25,2.25,µm,0.3,0.3,0.3,µm,rod-shaped,1.0,,negative,130462,30967,1,,2017-12-01 12:54:15
6001,3.25,3.25,3.25,µm,0.6,0.6,0.6,µm,rod-shaped,,,negative,131264,31070,1,,2017-12-01 12:54:15
6002,1.85,1.85,1.85,µm,0.85,0.85,0.85,µm,rod-shaped,0.0,,negative,24748,30986,1,,2017-12-01 12:54:15
6003,,,,,,,,,ovoid-shaped,0.0,,positive,24236,31044,1,,2017-12-01 12:54:15
6004,,,,,,,,,ovoid-shaped,0.0,,positive,24237,31044,1,,2017-12-01 12:54:15
6005,,,,,,,,,ovoid-shaped,1.0,,negative,133991,31017,1,,2017-12-01 12:54:15
6006,1.5,1.5,1.5,µm,0.65,0.65,0.65,µm,,0.0,,negative,134008,31042,1,,2017-12-01 12:54:15
6007,1.4,1.4,1.4,µm,0.75,0.75,0.75,µm,rod-shaped,,,negative,24495,31107,1,,2017-12-01 12:54:15
6008,2.7,2.7,2.7,µm,0.55,0.55,0.55,µm,rod-shaped,0.0,,negative,130841,31082,1,,2017-12-01 12:54:15
6009,,,,,,,,,rod-shaped,0.0,,positive,134015,31062,1,,2017-12-01 12:54:15
6010,1.6,1.6,1.6,µm,0.4,0.4,0.4,µm,rod-shaped,1.0,gliding,negative,134069,31167,1,,2017-12-01 12:54:15
6011,1.85,1.85,1.85,µm,0.6,0.6,0.6,µm,rod-shaped,0.0,,negative,134055,31147,1,,2017-12-01 12:54:15
6012,2,2.0,2.0,µm,0.45,0.45,0.45,µm,rod-shaped,0.0,,negative,23098,30794,1,,2017-12-01 12:54:15
6013,2.8,2.8,2.8,µm,0.65,0.65,0.65,µm,rod-shaped,0.0,,negative,130631,31155,1,,2017-12-01 12:54:15
6014,2,2.0,2.0,µm,0.8,0.8,0.8,µm,rod-shaped,1.0,,negative,24508,31134,1,,2017-12-01 12:54:15
6015,1.6,1.6,1.6,µm,0.46,0.46,0.46,µm,rod-shaped,0.0,,negative,134002,31032,1,,2017-12-01 12:54:15
6016,,,,,,,,,rod-shaped,0.0,,positive,134038,31114,1,,2017-12-01 12:54:15
6017,2.5,2.5,2.5,µm,0.9,0.9,0.9,µm,,0.0,,positive,23760,31005,1,,2017-12-01 12:54:15
6018,2,2.0,2.0,µm,1,1.0,1.0,µm,rod-shaped,0.0,,negative,23811,31007,1,,2017-12-01 12:54:15
6019,1,1.0,1.0,µm,0.5,0.5,0.5,µm,rod-shaped,,,negative,24471,31006,1,,2017-12-01 12:54:15
6020,3.35,3.35,3.35,µm,0.55,0.55,0.55,µm,rod-shaped,1.0,gliding,negative,133987,31011,1,,2017-12-01 12:54:15
6021,,,,,,,,,,0.0,,positive,24247,31034,1,,2017-12-01 12:54:15
6022,1.2,1.2,1.2,µm,0.7,0.7,0.7,µm,rod-shaped,,,negative,24734,31052,1,,2017-12-01 12:54:15
6023,1.25,1.25,1.25,µm,0.85,0.85,0.85,µm,rod-shaped,,,negative,24735,31052,1,,2017-12-01 12:54:15
6024,2.45,2.45,2.45,µm,0.6,0.6,0.6,µm,rod-shaped,0.0,,negative,130609,31016,1,,2017-12-01 12:54:15
6025,3.5,3.5,3.5,µm,0.5,0.5,0.5,µm,rod-shaped,0.0,,positive,24772,31076,1,,2017-12-01 12:54:15
6026,,,,,,,,,,,,positive,134014,31061,1,,2017-12-01 12:54:15
6027,1.1,1.1,1.1,µm,0.55,0.55,0.55,µm,rod-shaped,1.0,,negative,133994,31020,1,,2017-12-01 12:54:15
6028,2.5-3.5,2.5,3.5,µm,0.8-1,0.8,1.0,µm,rod-shaped,1.0,,variable,134011,31054,1,,2017-12-01 12:54:15
6029,2.7,2.7,2.7,µm,0.8,0.8,0.8,µm,rod-shaped,1.0,,positive,134004,31035,1,,2017-12-01 12:54:15
6030,6,6.0,6.0,µm,0.5,0.5,0.5,µm,rod-shaped,1.0,,negative,23898,31087,1,,2017-12-01 12:54:15
6031,,,,,,,,,,,,positive,24212,31084,1,,2017-12-01 12:54:15
6032,1.35,1.35,1.35,µm,0.65,0.65,0.65,µm,rod-shaped,0.0,,positive,24667,31120,1,,2017-12-01 12:54:15
6033,7.25,7.25,7.25,µm,0.4,0.4,0.4,µm,rod-shaped,0.0,,negative,24739,31097,1,,2017-12-01 12:54:15
6034,1.9,1.9,1.9,µm,0.5,0.5,0.5,µm,rod-shaped,0.0,,negative,134026,31083,1,,2017-12-01 12:54:15
6035,1.65,1.65,1.65,µm,0.6,0.6,0.6,µm,rod-shaped,0.0,,positive,24156,31157,1,,2017-12-01 12:54:15
6036,0.95,0.95,0.95,µm,0.35,0.35,0.35,µm,rod-shaped,0.0,,negative,132159,31095,1,,2017-12-01 12:54:15
6037,,,,,,,,,,,,positive,24644,31101,1,,2017-12-01 12:54:15
6038,2.7,2.7,2.7,µm,0.3,0.3,0.3,µm,rod-shaped,0.0,,negative,134035,31109,1,,2017-12-01 12:54:15
6039,,,,,,,,,rod-shaped,1.0,gliding,negative,134057,31151,1,,2017-12-01 12:54:15
6040,,,,,,,,,rod-shaped,0.0,,positive,23167,31121,1,,2017-12-01 12:54:15
6041,,,,,,,,,rod-shaped,0.0,,positive,24259,31121,1,,2017-12-01 12:54:15
6042,4,4.0,4.0,µm,0.4,0.4,0.4,µm,rod-shaped,,,negative,134040,31119,1,,2017-12-01 12:54:15
6043,1,1.0,1.0,µm,0.75,0.75,0.75,µm,ovoid-shaped,0.0,,positive,24206,31116,1,,2017-12-01 12:54:15
6044,1.4,1.4,1.4,µm,0.55,0.55,0.55,µm,rod-shaped,0.0,,negative,134048,31135,1,,2017-12-01 12:54:15
6045,1.75,1.75,1.75,µm,0.7,0.7,0.7,µm,rod-shaped,0.0,,negative,134056,31149,1,,2017-12-01 12:54:15
6046,1.05,1.05,1.05,µm,0.35,0.35,0.35,µm,rod-shaped,0.0,,positive,134067,31166,1,,2017-12-01 12:54:15
6047,0.45,0.45,0.45,µm,0.41,0.41,0.41,µm,rod-shaped,0.0,,positive,134068,31166,1,,2017-12-01 12:54:15
6048,2.1,2.1,2.1,µm,0.7,0.7,0.7,µm,rod-shaped,0.0,,negative,134049,31136,1,,2017-12-01 12:54:15
6049,3.3,3.3,3.3,µm,0.3,0.3,0.3,µm,rod-shaped,1.0,gliding,negative,134060,31156,1,,2017-12-01 12:54:15
6050,0.25,0.25,0.25,µm,0.15,0.15,0.15,µm,rod-shaped,,,negative,24684,31022,1,,2017-12-01 12:54:15
6051,,,,,,,,,rod-shaped,0.0,,positive,134046,31131,1,,2017-12-01 12:54:15
6052,2,2.0,2.0,µm,0.3,0.3,0.3,µm,spiral-shaped,1.0,,negative,23250,30793,1,,2017-12-01 12:54:15
6053,,,,,,,,,rod-shaped,1.0,,positive,16848,32158,1,,2017-12-01 12:54:15
6054,,,,,,,,,rod-shaped,,,negative,2322,29604,1,,2017-12-01 12:54:15
6055,2,2.0,2.0,µm,,,,,rod-shaped,1.0,,negative,1947,30053,1,,2017-12-01 12:54:15
6056,1.35,1.35,1.35,µm,1.35,1.35,1.35,µm,rod-shaped,,,negative,133983,30992,1,,2017-12-01 12:54:15
6057,,,,,,,,,,0.0,,,8627,29074,1,,2017-12-01 12:54:15
6058,0.9,0.9,0.9,µm,0.6,0.6,0.6,µm,ovoid-shaped,0.0,,negative,133528,29338,1,,2017-12-01 12:54:15
6059,,,,,,,,,ovoid-shaped,0.0,,negative,8145,29466,1,,2017-12-01 12:54:15
6060,,,,,,,,,ovoid-shaped,0.0,,negative,8097,29466,1,,2017-12-01 12:54:15
6061,2.3,2.3,2.3,µm,1.05,1.05,1.05,µm,rod-shaped,1.0,,negative,134303,32326,1,,2017-12-01 12:54:15
6062,2.5,2.5,2.5,µm,1.25,1.25,1.25,µm,rod-shaped,1.0,,negative,7207,32326,1,,2017-12-01 12:54:15
6063,1,1.0,1.0,µm,0.65,0.65,0.65,µm,rod-shaped,0.0,,negative,134306,32345,1,,2017-12-01 12:54:15
6064,1.75,1.75,1.75,µm,1.75,1.75,1.75,µm,ovoid-shaped,0.0,,negative,11942,31241,1,,2017-12-01 12:54:15
6065,,,,,,,,,rod-shaped,,,negative,133535,29389,1,,2017-12-01 12:54:15
6066,,,,,,,,,rod-shaped,,,negative,133536,29389,1,,2017-12-01 12:54:15
6067,4,4.0,4.0,µm,0.9,0.9,0.9,µm,rod-shaped,1.0,,,1828,29925,1,,2017-12-01 12:54:15
6068,03-05,3.0,5.0,µm,0.9-1.1,0.9,1.1,µm,rod-shaped,1.0,,variable,1542,29993,1,,2017-12-01 12:54:15
6069,,,,,,,,,ovoid-shaped,0.0,,negative,11691,30043,1,,2017-12-01 12:54:15
6070,0.8-1.2,0.8,1.2,µm,0.3-0.7,0.3,0.7,µm,ovoid-shaped,1.0,,negative,23100,30081,1,,2017-12-01 12:54:15
6071,2.5,2.5,2.5,µm,1,1.0,1.0,µm,rod-shaped,0.0,,negative,32902,30290,1,,2017-12-01 12:54:15
6072,1.25,1.25,1.25,µm,1,1.0,1.0,µm,rod-shaped,1.0,,negative,23005,30290,1,,2017-12-01 12:54:15
6073,1.6,1.6,1.6,µm,0.45,0.45,0.45,µm,rod-shaped,0.0,,negative,133752,30397,1,,2017-12-01 12:54:15
6074,1.07,1.07,1.07,µm,0.4,0.4,0.4,µm,ovoid-shaped,0.0,,negative,133793,30519,1,,2017-12-01 12:54:15
6075,,,,,,,,,,0.0,,negative,17348,28998,1,,2017-12-01 12:54:15
6076,3.5,3.5,3.5,µm,0.75,0.75,0.75,µm,rod-shaped,1.0,,negative,11575,31407,1,,2017-12-01 12:54:15
6077,1,1.0,1.0,µm,0.5,0.5,0.5,µm,rod-shaped,1.0,,negative,134239,32056,1,,2017-12-01 12:54:15
6078,2.5,2.5,2.5,µm,0.5,0.5,0.5,µm,rod-shaped,0.0,,negative,23439,30556,1,,2017-12-01 12:54:15
6079,,,,,,,,,rod-shaped,1.0,,positive,1149,29921,1,,2017-12-01 12:54:15
6080,0.8-1.8,0.8,1.8,µm,0.3-0.4,0.3,0.4,µm,rod-shaped,1.0,gliding,negative,133495,29196,1,,2017-12-01 12:54:15
6081,06-14,6.0,14.0,µm,1.25-1.5,1.25,1.5,µm,rod-shaped,0.0,,negative,13519,31694,1,,2017-12-01 12:54:15
6082,1.5,1.5,1.5,µm,0.5,0.5,0.5,µm,rod-shaped,1.0,,negative,1965,31232,1,,2017-12-01 12:54:15
6083,1.3-2,1.3,2.0,µm,0.2-0.8,0.2,0.8,µm,rod-shaped,1.0,,negative,348,31661,1,,2017-12-01 12:54:15
6084,,,,,,,,,rod-shaped,,,negative,24483,30296,1,,2017-12-01 12:54:15
6085,1,1.0,1.0,µm,0.45,0.45,0.45,µm,rod-shaped,0.0,,positive,7475,30029,1,,2017-12-01 12:54:15
6086,,,,,,,,,rod-shaped,0.0,,negative,1102,29921,1,,2017-12-01 12:54:15
6087,2.25,2.25,2.25,µm,1,1.0,1.0,µm,rod-shaped,0.0,,positive,11835,30047,1,,2017-12-01 12:54:15
6088,0.6,0.6,0.6,µm,,,,,rod-shaped,1.0,,positive,2369,31481,1,,2017-12-01 12:54:15
6089,1.2,1.2,1.2,µm,0.5,0.5,0.5,µm,rod-shaped,1.0,,positive,14255,32029,1,,2017-12-01 12:54:15
6090,,,,,,,,,rod-shaped,1.0,,negative,133640,29892,1,,2017-12-01 12:54:15
6091,4,4.0,4.0,µm,0.9,0.9,0.9,µm,rod-shaped,1.0,,variable,11607,29886,1,,2017-12-01 12:54:15
6092,5,5.0,5.0,µm,1.1,1.1,1.1,µm,rod-shaped,1.0,,negative,11780,32353,1,,2017-12-01 12:54:15
6093,2.3,2.3,2.3,µm,,,,,coccus-shaped,0.0,,negative,2481,30120,1,,2017-12-01 12:54:15
6094,,,,,,,,,rod-shaped,,,,8526,31247,1,,2017-12-01 12:54:15
6095,1.5,1.5,1.5,µm,0.55,0.55,0.55,µm,rod-shaped,0.0,,,8530,31297,1,,2017-12-01 12:54:15
6096,1.2-1.5,1.2,1.5,µm,1.2-1.5,1.2,1.5,µm,coccus-shaped,0.0,,positive,140264,43205,1,,2018-06-07 05:20:47
6097,1.5-4.0,1.5,4.0,µm,0.4-0.6,0.4,0.6,µm,rod-shaped,1.0,peritrichous,positive,140458,43199,1,,2018-06-07 05:20:47
6098,3.0-4.0,3.0,4.0,µm,0.5-1.0,0.5,1.0,µm,rod-shaped,1.0,peritrichous,variable,140459,43197,1,,2018-06-07 05:20:47
6099,,,,,,,,,coccus-shaped,0.0,,positive,140460,43178,1,,2018-06-07 05:20:47
6100,2.4,2.4,2.4,µm,0.8-1.5,0.8,1.5,µm,coccus-shaped,0.0,,positive,140268,43183,1,,2018-06-07 05:20:47
6101,,,,,,,,,rod-shaped,0.0,,positive,5422,43183,1,,2018-06-07 05:20:47
6102,,,,,,,,,rod-shaped,0.0,,positive,5426,43183,1,,2018-06-07 05:20:47
6103,,,,,,,,,rod-shaped,1.0,,positive,2621,43183,1,,2018-06-07 05:20:47
6104,3.5,3.5,3.5,µm,1,1.0,1.0,µm,rod-shaped,0.0,,positive,140266,43173,1,,2018-06-07 05:20:47
6105,2,2.0,2.0,µm,0.5,0.5,0.5,µm,rod-shaped,0.0,,negative,140267,43184,1,,2018-06-07 05:20:47
6106,,,,,,,,,rod-shaped,0.0,,positive,140269,43179,1,,2018-06-07 05:20:47
6107,,,,,,,,,rod-shaped,0.0,,positive,140270,43179,1,,2018-06-07 05:20:47
6108,,,,,,,,,coccus-shaped,,,,140270,43179,1,,2018-06-07 05:20:47
6109,2.5-7.6,2.5,7.6,µm,1-0.58,1.0,0.58,µm,rod-shaped,0.0,,positive,140265,43176,1,,2018-06-07 05:20:47
6110,2-20,2.0,20.0,µm,0.2-0.3,0.2,0.3,µm,rod-shaped,1.0,"monotrichous, polar",negative,140271,43174,1,,2018-06-07 05:20:47
6111,2,2.0,2.0,µm,1,1.0,1.0,µm,sphere-shaped,0.0,,,140461,43193,1,,2018-06-07 05:20:47
6112,1-2.5,1.0,2.5,µm,0.3-0.5,0.3,0.5,µm,rod-shaped,0.0,,negative,140272,43207,1,,2018-06-07 05:20:47
6113,5-9,5.0,9.0,µm,0.4-0.5,0.4,0.5,µm,helical-shaped,1.0,peritrichous,negative,140273,43218,1,,2018-06-07 05:20:47
6114,0.4-1.1,0.4,1.1,µm,0.4-1.1,0.4,1.1,µm,coccus-shaped,0.0,,negative,140462,43177,1,,2018-06-07 05:20:47
6115,4-7,4.0,7.0,µm,0.6,0.6,0.6,µm,filament-shaped,1.0,gliding,negative,133098,43175,1,,2018-06-07 05:20:47
6116,0.9-1.4,0.9,1.4,µm,0.6-0.75,0.6,0.75,µm,rod-shaped,0.0,,negative,140275,43190,1,,2018-06-07 05:20:47
6117,1.2-1.5,1.2,1.5,µm,0.9,0.9,0.9,µm,rod-shaped,0.0,,negative,133096,43211,1,,2018-06-07 05:20:47
6118,1.6-2.6,1.6,2.6,µm,0.6-0.8,0.6,0.8,µm,rod-shaped,1.0,,negative,140463,43191,1,,2018-06-07 05:20:47
6119,3.8-6.0,3.8,6.0,µm,1.0-1.4,1.0,1.4,µm,rod-shaped,1.0,"monotrichous, polar",negative,140464,43181,1,,2018-06-07 05:20:47
6120,1.5-2.1,1.5,2.1,µm,0.5-0.6,0.5,0.6,µm,rod-shaped,0.0,,negative,140276,43185,1,,2018-06-07 05:20:47
6121,1-2,1.0,2.0,µm,0.3-0.8,0.3,0.8,µm,rod-shaped,0.0,,negative,140465,43203,1,,2018-06-07 05:20:47
6122,2,2.0,2.0,µm,1,1.0,1.0,µm,rod-shaped,1.0,,negative,140466,43220,1,,2018-06-07 05:20:47
6123,2,2.0,2.0,µm,1,1.0,1.0,µm,rod-shaped,1.0,,negative,140467,43220,1,,2018-06-07 05:20:47
6124,0.5,0.5,0.5,µm,0.5,0.5,0.5,µm,coccus-shaped,,,negative,140279,43195,1,,2018-06-07 05:20:47
6125,1.87-2.75,1.87,2.75,µm,0.38-0.46,0.38,0.46,µm,rod-shaped,1.0,"monotrichous, polar",negative,140280,43217,1,,2018-06-07 05:20:47
6126,0.8-1.2,0.8,1.2,µm,0.5-0.6,0.5,0.6,µm,rod-shaped,0.0,,negative,140468,43188,1,,2018-06-07 05:20:47
6127,1.8-2.9,1.8,2.9,µm,0.8-1.2,0.8,1.2,µm,rod-shaped,0.0,,negative,140469,43208,1,,2018-06-07 05:20:47
6128,,,,,,,,,rod-shaped,1.0,,negative,140470,43192,1,,2018-06-07 05:20:47
6129,,,,,,,,,rod-shaped,,,negative,131542,43210,1,,2018-06-07 05:20:47
6130,,,,,,,,,rod-shaped,,,negative,140277,43210,1,,2018-06-07 05:20:47
6131,1.3-2.6,1.3,2.6,µm,0.8-1.5,0.8,1.5,µm,rod-shaped,0.0,,negative,140471,43196,1,,2018-06-07 05:20:47
6132,3,3.0,3.0,µm,1.2,1.2,1.2,µm,rod-shaped,1.0,,negative,140472,43204,1,,2018-06-07 05:20:47
6133,5.3-9.3,5.3,9.3,µm,0.9-1.1,0.9,1.1,µm,helical-shaped,1.0,,negative,140473,43221,1,,2018-06-07 05:20:47
6134,,,,,,,,,rod-shaped,1.0,,negative,132928,43171,1,,2018-06-07 05:20:47
6135,2.7-7.8,2.7,7.8,µm,0.6-0.8,0.6,0.8,µm,rod-shaped,,,positive,140293,43225,1,,2018-06-07 05:20:47
6136,2.6-5,2.6,5.0,µm,0.7-1.1,0.7,1.1,µm,rod-shaped,,,positive,140296,43225,1,,2018-06-07 05:20:47
6137,2.1-4.5,2.1,4.5,µm,0.9,0.9,0.9,µm,rod-shaped,,,positive,140297,43225,1,,2018-06-07 05:20:47
6138,1-3,1.0,3.0,µm,0.5-0.6,0.5,0.6,µm,rod-shaped,1.0,,negative,140474,43251,1,,2018-06-07 05:20:47
6139,1-4,1.0,4.0,µm,0.5-0.6,0.5,0.6,µm,rod-shaped,1.0,,negative,140475,43251,1,,2018-06-07 05:20:47
6140,,,,,,,,,,0.0,,positive,140476,43232,1,,2018-06-07 05:20:47
6141,5.6-8.9,5.6,8.9,µm,0.3,0.3,0.3,µm,rod-shaped,1.0,"monotrichous, polar",positive,140294,43228,1,,2018-06-07 05:20:47
6142,1.2-1.4,1.2,1.4,µm,0.3-0.6,0.3,0.6,µm,rod-shaped,1.0,"monotrichous, polar",negative,140477,43250,1,,2018-06-07 05:20:47
6143,,,,,,,,,rod-shaped,,,negative,140478,43227,1,,2018-06-07 05:20:47
6144,2.0-2.5,2.0,2.5,µm,1.0-2.0,1.0,2.0,µm,rod-shaped,1.0,peritrichous,negative,140479,43223,1,,2018-06-07 05:20:47
6145,1.2-1.4,1.2,1.4,µm,0.6-0.7,0.6,0.7,µm,rod-shaped,1.0,monotrichous,negative,140480,43256,1,,2018-06-07 05:20:47
6146,1.2-4.0,1.2,4.0,µm,0.6-1.0,0.6,1.0,µm,rod-shaped,0.0,,negative,140481,43254,1,,2018-06-07 05:20:47
6147,1.4-2.2,1.4,2.2,µm,0.4-0.6,0.4,0.6,µm,rod-shaped,1.0,polar,negative,140482,43245,1,,2018-06-07 05:20:47
6148,1.4-2.2,1.4,2.2,µm,0.4-0.6,0.4,0.6,µm,rod-shaped,1.0,polar,negative,140483,43245,1,,2018-06-07 05:20:47
6149,,,,,,,,,rod-shaped,1.0,polar,,24269,43245,1,,2018-06-07 05:20:47
6150,1.5-3,1.5,3.0,µm,0.5-0.8,0.5,0.8,µm,,1.0,,negative,13146,43240,1,,2018-06-07 05:20:47
6151,1.7-4,1.7,4.0,µm,0.5-0.7,0.5,0.7,µm,rod-shaped,1.0,"monotrichous, polar",negative,140484,43246,1,,2018-06-07 05:20:47
6152,0.79-1.48,0.79,1.48,µm,0.41-0.5,0.41,0.5,µm,rod-shaped,,,negative,140485,43242,1,,2018-06-07 05:20:47
6153,2.3-3.4,2.3,3.4,µm,1.2-1.3,1.2,1.3,µm,rod-shaped,1.0,"monotrichous, polar",negative,140486,43252,1,,2018-06-07 05:20:47
6154,2.1-2.5,2.1,2.5,µm,08-1.0,8.0,1.0,µm,rod-shaped,1.0,"monotrichous, polar",negative,140487,43244,1,,2018-06-07 05:20:47
6155,,,,,,,,,rod-shaped,,,negative,140488,43235,1,,2018-06-07 05:20:47
6156,1,1.0,1.0,µm,1,1.0,1.0,µm,coccus-shaped,0.0,,positive,140489,43101,1,,2018-06-07 05:20:47
6157,,,,,,,,,,,,positive,140490,43102,1,,2018-06-07 05:20:47
6158,,,,,,,,,,0.0,,positive,140491,43123,1,,2018-06-07 05:20:47
6159,,,,,,,,,rod-shaped,0.0,,positive,132604,43103,1,,2018-06-07 05:20:47
6160,0.6-0.8,0.6,0.8,µm,0.6-0.8,0.6,0.8,µm,coccus-shaped,0.0,,positive,140492,43104,1,,2018-06-07 05:20:47
6161,1.5-7,1.5,7.0,µm,0.7-0.8,0.7,0.8,µm,pleomorphic-shaped,0.0,,positive,132605,43105,1,,2018-06-07 05:20:47
6162,,,,,,,,,,0.0,,positive,132606,43106,1,,2018-06-07 05:20:47
6163,,,,,,,,,,0.0,,positive,132607,43106,1,,2018-06-07 05:20:47
6164,,,,,,,,,,0.0,,positive,132608,43106,1,,2018-06-07 05:20:47
6165,0.75,0.75,0.75,µm,0.51,0.51,0.51,µm,ovoid-shaped,0.0,,positive,132609,43107,1,,2018-06-07 05:20:47
6166,,,,,,,,,,0.0,,positive,140493,43108,1,,2018-06-07 05:20:47
6167,,,,,,,,,,0.0,,positive,140494,43108,1,,2018-06-07 05:20:47
6168,0.9-1.1,0.9,1.1,µm,0.9-1.1,0.9,1.1,µm,coccus-shaped,0.0,,positive,140495,43109,1,,2018-06-07 05:20:47
6169,,,,,,,,,,0.0,,positive,140496,43110,1,,2018-06-07 05:20:47
6170,0.5-0.7,0.5,0.7,µm,0.5-0.7,0.5,0.7,µm,coccus-shaped,0.0,,positive,132612,43111,1,,2018-06-07 05:20:47
6171,,,,,,,,,rod-shaped,0.0,,,132613,43112,1,,2018-06-07 05:20:47
6172,,,,,,,,,rod-shaped,0.0,,,132614,43112,1,,2018-06-07 05:20:47
6173,,,,,,,,,rod-shaped,0.0,,,132615,43112,1,,2018-06-07 05:20:47
6174,1.2-1.4,1.2,1.4,µm,0.5-0.8,0.5,0.8,µm,,1.0,,positive,140497,43113,1,,2018-06-07 05:20:47
6175,1.0-6.0,1.0,6.0,µm,0.3-0.5,0.3,0.5,µm,rod-shaped,1.0,monotrichous,positive,132611,43114,1,,2018-06-07 05:20:47
6176,0.8,0.8,0.8,µm,0.8,0.8,0.8,µm,coccus-shaped,1.0,lophotrichous,,132610,43115,1,,2018-06-07 05:20:47
6177,1.8-3.0,1.8,3.0,µm,0.6-0.8,0.6,0.8,µm,rod-shaped,0.0,,negative,140498,43116,1,,2018-06-07 05:20:47
6178,2.5-6.0,2.5,6.0,µm,0.3-0.7,0.3,0.7,µm,rod-shaped,0.0,,negative,140499,43117,1,,2018-06-07 05:20:47
6179,0.8-2.0,0.8,2.0,µm,0.4-0.5,0.4,0.5,µm,rod-shaped,0.0,,negative,132995,43118,1,,2018-06-07 05:20:47
6180,6.0-12.0,6.0,12.0,µm,0.3-0.4,0.3,0.4,µm,rod-shaped,0.0,,negative,140500,43119,1,,2018-06-07 05:20:47
6181,1.6-3.8,1.6,3.8,µm,0.5-0.8,0.5,0.8,µm,rod-shaped,1.0,gliding,negative,140501,43120,1,,2018-06-07 05:20:47
6182,1.2-4.0,1.2,4.0,µm,0.2-0.6,0.2,0.6,µm,rod-shaped,1.0,gliding,negative,140502,43121,1,,2018-06-07 05:20:47
6183,2.3-2.5,2.3,2.5,µm,0.4-0.5,0.4,0.5,µm,rod-shaped,0.0,,negative,140503,43122,1,,2018-06-07 05:20:47
6184,,,,,,,,,rod-shaped,1.0,gliding,negative,132996,43124,1,,2018-06-07 05:20:47
6185,3.5-7.0,3.5,7.0,µm,0.3-0.5,0.3,0.5,µm,rod-shaped,1.0,gliding,negative,140504,43125,1,,2018-06-07 05:20:47
6186,2.2-3.5,2.2,3.5,µm,0.3-0.5,0.3,0.5,µm,rod-shaped,0.0,,negative,140505,43126,1,,2018-06-07 05:20:47
6187,0.9-1.9,0.9,1.9,µm,0.4-0.6,0.4,0.6,µm,rod-shaped,1.0,,negative,132627,43170,1,,2018-06-07 05:20:47
6188,0.9-2.0,0.9,2.0,µm,0.4-0.7,0.4,0.7,µm,rod-shaped,1.0,,negative,140506,43168,1,,2018-06-07 05:20:47
6189,0.9-1.5,0.9,1.5,µm,0.4-0.7,0.4,0.7,µm,rod-shaped,1.0,,negative,140507,43168,1,,2018-06-07 05:20:47
6190,0.9-1.5,0.9,1.5,µm,0.4-0.7,0.4,0.7,µm,rod-shaped,1.0,,negative,140508,43168,1,,2018-06-07 05:20:47
6191,0.9-1.5,0.9,1.5,µm,0.4-0.7,0.4,0.7,µm,rod-shaped,1.0,,negative,140509,43168,1,,2018-06-07 05:20:47
6192,2.2-2.5,2.2,2.5,µm,0.5-0.8,0.5,0.8,µm,rod-shaped,1.0,polar,negative,140510,43167,1,,2018-06-07 05:20:47
6193,2.0-2.5,2.0,2.5,µm,0.9-1.5,0.9,1.5,µm,rod-shaped,1.0,"monotrichous, polar",negative,140511,43166,1,,2018-06-07 05:20:47
6194,2.4,2.4,2.4,µm,0.5,0.5,0.5,µm,rod-shaped,0.0,,negative,140512,43165,1,,2018-06-07 05:20:47
6195,1.5-3.0,1.5,3.0,µm,0.4-0.7,0.4,0.7,µm,rod-shaped,0.0,,negative,140513,43091,1,,2018-06-07 05:20:47
6196,4-11,4.0,11.0,µm,0.5-0.6,0.5,0.6,µm,rod-shaped,1.0,gliding,negative,132986,43092,1,,2018-06-07 05:20:47
6197,1.0-1.5,1.0,1.5,µm,0.4-0.5,0.4,0.5,µm,rod-shaped,0.0,,negative,140514,43093,1,,2018-06-07 05:20:47
6198,1.1-3.4,1.1,3.4,µm,0.3-1.1,0.3,1.1,µm,rod-shaped,0.0,,negative,140515,43094,1,,2018-06-07 05:20:47
6199,1.3-1.4,1.3,1.4,µm,0.4-0.5,0.4,0.5,µm,rod-shaped,0.0,,negative,140516,43095,1,,2018-06-07 05:20:47
6200,0.9-1.3,0.9,1.3,µm,0.4-0.6,0.4,0.6,mm,pleomorphic-shaped,0.0,,negative,132987,43096,1,,2018-06-07 05:20:47
6201,2.5-4.5,2.5,4.5,µm,0.5-0.8,0.5,0.8,µm,rod-shaped,0.0,,negative,132988,43097,1,,2018-06-07 05:20:47
6202,0.7-1.0,0.7,1.0,µm,0.15-0.2,0.15,0.2,µm,rod-shaped,0.0,,negative,140517,43098,1,,2018-06-07 05:20:47
6203,1.1-1.4,1.1,1.4,µm,0.25-0.3,0.25,0.3,µm,rod-shaped,0.0,,negative,140518,43098,1,,2018-06-07 05:20:47
6204,0.6-1.0,0.6,1.0,µm,0.3-0.35,0.3,0.35,µm,rod-shaped,0.0,,negative,140519,43098,1,,2018-06-07 05:20:47
6205,3,3.0,3.0,µm,0.7-0.8,0.7,0.8,µm,rod-shaped,1.0,gliding,negative,140167,43099,1,,2018-06-07 05:20:47
6206,1.0-2.0,1.0,2.0,µm,0.9-1.1,0.9,1.1,µm,ovoid-shaped,1.0,gliding,negative,140520,43100,1,,2018-06-07 05:20:47
6207,1.4-1.7,1.4,1.7,µm,0.5-0.7,0.5,0.7,µm,rod-shaped,1.0,,positive,140521,43081,1,,2018-06-07 05:20:47
6208,6.4-9,6.4,9.0,µm,0.4-0.5,0.4,0.5,µm,rod-shaped,1.0,peritrichous,positive,132583,43082,1,,2018-06-07 05:20:47
6209,9.5-12.0,9.5,12.0,µm,0.8,0.8,0.8,µm,rod-shaped,1.0,peritrichous,positive,132584,43082,1,,2018-06-07 05:20:47
6210,2.5-2.7,2.5,2.7,µm,0.8,0.8,0.8,µm,rod-shaped,1.0,,positive,140522,43083,1,,2018-06-07 05:20:47
6211,1.39-2.04,1.39,2.04,µm,0.74-0.93,0.74,0.93,µm,rod-shaped,1.0,,positive,140523,43084,1,,2018-06-07 05:20:47
6212,2.8-3.4,2.8,3.4,µm,0.5-0.6,0.5,0.6,µm,rod-shaped,,,variable,132587,43085,1,,2018-06-07 05:20:47
6213,3.5-4.6,3.5,4.6,µm,0.8-1.1,0.8,1.1,µm,rod-shaped,1.0,,positive,140524,43086,1,,2018-06-07 05:20:47
6214,2.9-4.1,2.9,4.1,µm,0.5-0.7,0.5,0.7,µm,pleomorphic-shaped,0.0,,negative,140565,43186,1,,2018-06-07 05:20:47
6215,3-10,3.0,10.0,µm,,,,,rod-shaped,0.0,,negative,140566,43187,1,,2018-06-07 05:20:47
6216,1.1-6.5,1.1,6.5,µm,0.8-1.0,0.8,1.0,µm,rod-shaped,0.0,,negative,140567,43212,1,,2018-06-07 05:20:47
6217,1.9-2.9,1.9,2.9,µm,0.82-0.84,0.82,0.84,µm,rod-shaped,0.0,,negative,140568,43201,1,,2018-06-07 05:20:47
6218,0.9-1.5,0.9,1.5,µm,0.6-1.2,0.6,1.2,µm,rod-shaped,1.0,gliding,negative,140569,43200,1,,2018-06-07 05:20:47
6219,5-20,5.0,20.0,µm,0.2-0.3,0.2,0.3,µm,rod-shaped,,,positive,140261,43213,1,,2018-06-07 05:20:47
6220,4-15,4.0,15.0,µm,0.5-0.8,0.5,0.8,µm,rod-shaped,1.0,,variable,140570,43340,1,,2018-06-07 05:20:47
6221,,,,,0.5,0.5,0.5,µm,coccus-shaped,0.0,,positive,140571,43189,1,,2018-06-07 05:20:47
6222,,,,,0.75,0.75,0.75,µm,coccus-shaped,0.0,,positive,140572,43189,1,,2018-06-07 05:20:47
6223,2.4-3.0,2.4,3.0,µm,0.8-1.1,0.8,1.1,µm,rod-shaped,1.0,,positive,140573,43172,1,,2018-06-07 05:20:47
6224,1-5,1.0,5.0,µm,0.5,0.5,0.5,µm,rod-shaped,1.0,,,140262,43216,1,,2018-06-07 05:20:47
6225,,,,,,,,,,0.0,,,140262,43216,1,,2018-06-07 05:20:47
6226,0.5-0.8,0.5,0.8,µm,0.5,0.5,0.5,µm,coccus-shaped,0.0,,positive,140263,43214,1,,2018-06-07 05:20:47
6227,,,,,,,,,oval-shaped,,,,140263,43214,1,,2018-06-07 05:20:47
6228,2.0-4.0,2.0,4.0,µm,0.8-1.0,0.8,1.0,µm,rod-shaped,1.0,,negative,1825,43202,1,,2018-06-07 05:20:47
6230,1.3-4.5,1.3,4.5,µm,0.4-0.5,0.4,0.5,µm,rod-shaped,1.0,,negative,140281,43215,1,,2018-06-07 05:20:47
6231,1.5-1.7,1.5,1.7,µm,0.5-0.7,0.5,0.7,µm,rod-shaped,0.0,,negative,140574,43209,1,,2018-06-07 05:20:47
6232,7.0-16.0,7.0,16.0,µm,0.8-0.9,0.8,0.9,µm,rod-shaped,1.0,gliding,,140283,43219,1,,2018-06-07 05:20:47
6233,6.0-16.0,6.0,16.0,µm,0.8-1.0,0.8,1.0,µm,rod-shaped,,,,140282,43219,1,,2018-06-07 05:20:47
6234,,,,,,,,,rod-shaped,1.0,,negative,140575,43198,1,,2018-06-07 05:20:47
6235,0.5-10.0,0.5,10.0,µm,0.2-0.5,0.2,0.5,µm,rod-shaped,0.0,,negative,140576,43194,1,,2018-06-07 05:20:47
6236,,,,,,,,,coccus-shaped,,,,140576,43194,1,,2018-06-07 05:20:47
6237,1.0-2.7,1.0,2.7,µm,0.3-0.5,0.3,0.5,µm,rod-shaped,1.0,monotrichous,negative,11924,43182,1,,2018-06-07 05:20:47
6238,0.8-2.0,0.8,2.0,µm,0.3-0.5,0.3,0.5,µm,rod-shaped,1.0,monotrichous,negative,11925,43182,1,,2018-06-07 05:20:47
6239,1.2-1.5,1.2,1.5,µm,0.5-0.6,0.5,0.6,µm,rod-shaped,1.0,monotrichous,negative,11931,43182,1,,2018-06-07 05:20:47
6240,1.3-1.7,1.3,1.7,µm,0.5-0.6,0.5,0.6,µm,rod-shaped,1.0,monotrichous,negative,11932,43182,1,,2018-06-07 05:20:47
6241,1.0-2.5,1.0,2.5,µm,0.3-0.4,0.3,0.4,µm,vibrio-shaped,1.0,monotrichous,negative,11923,43182,1,,2018-06-07 05:20:47
6242,1.0-2.0,1.0,2.0,µm,0.3-0.5,0.3,0.5,µm,vibrio-shaped,1.0,monotrichous,negative,11933,43182,1,,2018-06-07 05:20:47
6243,,,,,,,,,,1.0,,negative,11927,43182,1,,2018-06-07 05:20:47
6244,,,,,,,,,,1.0,,negative,11930,43182,1,,2018-06-07 05:20:47
6245,0.8-1.5,0.8,1.5,µm,0.4-0.5,0.4,0.5,µm,pleomorphic-shaped,1.0,,,11910,43182,1,,2018-06-07 05:20:47
6246,1,1.0,1.0,µm,0.3-0.4,0.3,0.4,µm,,1.0,,,11912,43182,1,,2018-06-07 05:20:47
6247,2.0-5.0,2.0,5.0,µm,1.0-2.0,1.0,2.0,µm,pleomorphic-shaped,1.0,,,11913,43182,1,,2018-06-07 05:20:47
6248,0.8-1.5,0.8,1.5,µm,0.4-0.5,0.4,0.5,µm,vibrio-shaped,1.0,,,11911,43182,1,,2018-06-07 05:20:47
6249,0.9,0.9,0.9,µm,0.3,0.3,0.3,µm,rod-shaped,1.0,"monotrichous, polar",negative,6140,43206,1,,2018-06-07 05:20:47
6250,1.0-2.5,1.0,2.5,µm,0.3-0.6,0.3,0.6,µm,rod-shaped,0.0,,negative,140577,43180,1,,2018-06-07 05:20:47
6251,,,,,,,,,coccus-shaped,0.0,,positive,1235,43205,1,,2018-06-07 05:20:47
6252,,,,,,,,,,,,positive,140578,43278,1,,2018-06-07 05:20:47
6253,,,,,,,,,,0.0,,positive,132826,43274,1,,2018-06-07 05:20:47
6254,,,,,,,,,filament-shaped,,,positive,140579,43267,1,,2018-06-07 05:20:47
6255,,,,,,,,,,0.0,,positive,140580,43268,1,,2018-06-07 05:20:47
6256,1.0-1.3,1.0,1.3,µm,0.5-0.8,0.5,0.8,µm,rod-shaped,0.0,,positive,140287,43234,1,,2018-06-07 05:20:47
6257,,,,,,,,,,,,positive,140581,43237,1,,2018-06-07 05:20:47
6258,,,,,,,,,,0.0,,positive,140582,43258,1,,2018-06-07 05:20:47
6259,,,,,,,,,,0.0,,positive,140583,43258,1,,2018-06-07 05:20:47
6260,,,,,,,,,,0.0,,positive,140584,43258,1,,2018-06-07 05:20:47
6261,1.0-1.2,1.0,1.2,µm,0.6-0.7,0.6,0.7,µm,rod-shaped,0.0,,positive,140585,43255,1,,2018-06-07 05:20:47
6262,2.1-3.6,2.1,3.6,µm,0.5-0.6,0.5,0.6,µm,rod-shaped,0.0,,positive,140586,43224,1,,2018-06-07 05:20:47
6263,0.9-1.2,0.9,1.2,µm,0.4-0.6,0.4,0.6,µm,rod-shaped,0.0,,positive,140289,43247,1,,2018-06-07 05:20:47
6264,0.8-1.2,0.8,1.2,µm,0.6-1.0,0.6,1.0,µm,rod-shaped,0.0,,positive,140290,43236,1,,2018-06-07 05:20:47
6265,1.2-1.4,1.2,1.4,µm,0.4-0.8,0.4,0.8,µm,coccus-shaped,0.0,,positive,140587,43248,1,,2018-06-07 05:20:47
6266,2.1-3.0,2.1,3.0,µm,0.2-0.5,0.2,0.5,µm,rod-shaped,0.0,,positive,140588,43229,1,,2018-06-07 05:20:47
6267,,,,,,,,,,,,positive,140589,43230,1,,2018-06-07 05:20:47
6268,2-7,2.0,7.0,µm,,,,,rod-shaped,0.0,,,140291,43269,1,,2018-06-07 05:20:47
6269,,,,,0.8-1.5,0.8,1.5,µm,coccus-shaped,0.0,,,140590,43238,1,,2018-06-07 05:20:47
6271,0.8-1.8,0.8,1.8,µm,0.5,0.5,0.5,µm,rod-shaped,0.0,,negative,140591,43266,1,,2018-06-07 05:20:47
6272,5.37-10.24,5.37,10.24,µm,0.62-0.70,0.62,0.7,µm,rod-shaped,0.0,,negative,168208,43271,1,,2018-06-07 05:20:47
6273,0.7-3.5,0.7,3.5,µm,0.7-1.0,0.7,1.0,µm,rod-shaped,0.0,,negative,140292,43231,1,,2018-06-07 05:20:47
6274,,,,,,,,,coccus-shaped,,,,140292,43231,1,,2018-06-07 05:20:47
6275,1.5-2.0,1.5,2.0,µm,0.3-0.4,0.3,0.4,µm,rod-shaped,0.0,,negative,140592,43263,1,,2018-06-07 05:20:47
6276,1.5-6.0,1.5,6.0,µm,0.3-0.5,0.3,0.5,µm,rod-shaped,0.0,,negative,140593,43262,1,,2018-06-07 05:20:47
6277,2.5-17,2.5,17.0,µm,0.4-0.6,0.4,0.6,µm,rod-shaped,1.0,gliding,negative,140594,43226,1,,2018-06-07 05:20:47
6278,1.0-1.6,1.0,1.6,µm,0.5-0.6,0.5,0.6,µm,rod-shaped,0.0,,negative,140595,43249,1,,2018-06-07 05:20:47
6279,,,,,,,,,rod-shaped,0.0,,negative,140596,43239,1,,2018-06-07 05:20:47
6280,,,,,,,,,rod-shaped,0.0,,negative,140597,43239,1,,2018-06-07 05:20:47
6281,,,,,,,,,rod-shaped,0.0,,negative,140598,43239,1,,2018-06-07 05:20:47
6282,0.4-10.0,0.4,10.0,µm,0.2-0.6,0.2,0.6,µm,rod-shaped,0.0,,negative,140599,43222,1,,2018-06-07 05:20:47
6283,,,,,,,,,ovoid-shaped,,,,140599,43222,1,,2018-06-07 05:20:47
6284,0.9-2.2,0.9,2.2,µm,0.4-0.6,0.4,0.6,µm,rod-shaped,1.0,,negative,140298,43270,1,,2018-06-07 05:20:47
6285,0.9-1.8,0.9,1.8,µm,0.6-1.0,0.6,1.0,µm,rod-shaped,0.0,,negative,140600,43279,1,,2018-06-07 05:20:47
6286,,,,,,,,,ovoid-shaped,,,,140600,43279,1,,2018-06-07 05:20:47
6287,1.0-1.-3,1.0,3.0,µm,1,1.0,1.0,µm,rod-shaped,0.0,,negative,140601,43277,1,,2018-06-07 05:20:47
6288,1.2-3.0,1.2,3.0,µm,0.3-0.5,0.3,0.5,µm,rod-shaped,,,negative,140602,43276,1,,2018-06-07 05:20:47
6289,1,1.0,1.0,µm,,,,,rod-shaped,1.0,,negative,140603,43275,1,,2018-06-07 05:20:47
6290,2.6,2.6,2.6,µm,0.75,0.75,0.75,µm,rod-shaped,1.0,,negative,140299,43273,1,,2018-06-07 05:20:47
6291,1.5-5.5,1.5,5.5,µm,0.75,0.75,0.75,µm,rod-shaped,1.0,,negative,140300,43273,1,,2018-06-07 05:20:47
6292,1.4-3.6,1.4,3.6,µm,0.4-0.6,0.4,0.6,µm,rod-shaped,1.0,,negative,140604,43265,1,,2018-06-07 05:20:47
6293,0.7-1.5,0.7,1.5,µm,0.3-0.7,0.3,0.7,µm,rod-shaped,,,negative,140605,43265,1,,2018-06-07 05:20:47
6294,0.7-1.0,0.7,1.0,µm,0.6-0.9,0.6,0.9,µm,coccus-shaped,0.0,,negative,140606,43264,1,,2018-06-07 05:20:47
6295,1.5-3.1,1.5,3.1,µm,0.1-0.4,0.1,0.4,µm,rod-shaped,0.0,,negative,140607,43257,1,,2018-06-07 05:20:47
6296,1.5,1.5,1.5,µm,0.5,0.5,0.5,µm,rod-shaped,1.0,,negative,140306,43233,1,,2018-06-07 05:20:47
6297,1.8-3.2,1.8,3.2,µm,1.1-1.3,1.1,1.3,µm,rod-shaped,1.0,polar,negative,140608,43261,1,,2018-06-07 05:20:47
6298,,,,,,,,,,0.0,,negative,11739,43243,1,,2018-06-07 05:20:47
6299,,,,,,,,,,0.0,,negative,140609,43243,1,,2018-06-07 05:20:47
6300,,,,,,,,,,0.0,,negative,140610,43243,1,,2018-06-07 05:20:47
6301,,,,,,,,,,0.0,,negative,140301,43243,1,,2018-06-07 05:20:47
6302,,,,,,,,,,0.0,,negative,140302,43243,1,,2018-06-07 05:20:47
6303,,,,,,,,,,0.0,,negative,140303,43243,1,,2018-06-07 05:20:47
6304,,,,,,,,,,0.0,,negative,140304,43243,1,,2018-06-07 05:20:47
6305,,,,,,,,,,0.0,,negative,140305,43243,1,,2018-06-07 05:20:47
6306,1.2-2.0,1.2,2.0,µm,0.4-0.7,0.4,0.7,µm,rod-shaped,1.0,monotrichous,negative,140611,43260,1,,2018-06-07 05:20:47
6307,1.3-2.9,1.3,2.9,µm,0.8-1.0,0.8,1.0,µm,rod-shaped,1.0,,negative,140612,43253,1,,2018-06-07 05:20:47
6308,1.1-3.5,1.1,3.5,µm,0.3-0.7,0.3,0.7,µm,rod-shaped,0.0,,negative,132597,43127,1,,2018-06-07 05:20:47
6309,,,,,,,,,,0.0,,negative,140613,43128,1,,2018-06-07 05:20:47
6310,2.5-4.5,2.5,4.5,µm,0.8,0.8,0.8,µm,rod-shaped,0.0,,negative,140614,43129,1,,2018-06-07 05:20:47
6311,1.5-3.5,1.5,3.5,µm,0.5-0.7,0.5,0.7,µm,rod-shaped,0.0,,negative,140615,43130,1,,2018-06-07 05:20:47
6312,0.8-1.5,0.8,1.5,µm,0.3-0.5,0.3,0.5,µm,rod-shaped,0.0,,negative,140228,43131,1,,2018-06-07 05:20:47
6313,1.1-1.7,1.1,1.7,µm,0.4-0.5,0.4,0.5,µm,rod-shaped,0.0,,negative,140229,43132,1,,2018-06-07 05:20:47
6314,1.2-2.0,1.2,2.0,µm,0.3-0.5,0.3,0.5,µm,rod-shaped,0.0,,negative,140616,43133,1,,2018-06-07 05:20:47
6315,2-4,2.0,4.0,µm,0.5,0.5,0.5,µm,rod-shaped,1.0,gliding,negative,140617,43134,1,,2018-06-07 05:20:47
6316,,,,,0.4-0.7,0.4,0.7,µm,coccus-shaped,0.0,,positive,140230,43135,1,,2018-06-07 05:20:47
6317,1.0-8.5,1.0,8.5,µm,0.2-0.3,0.2,0.3,µm,rod-shaped,1.0,,negative,140618,43136,1,,2018-06-07 05:20:47
6318,,,,,,,,,rod-shaped,,,positive,132616,43137,1,,2018-06-07 05:20:47
6319,2.0-4.0,2.0,4.0,µm,0.4-0.5,0.4,0.5,µm,rod-shaped,1.0,,positive,140619,43138,1,,2018-06-07 05:20:47
6320,,,,,1.5-2.0,1.5,2.0,µm,coccus-shaped,0.0,,positive,132617,43139,1,,2018-06-07 05:20:47
6321,0.9-1.1,0.9,1.1,µm,0.6-0.7,0.6,0.7,µm,rod-shaped,0.0,,positive,132618,43140,1,,2018-06-07 05:20:47
6322,,,,,,,,,,1.0,,positive,133155,43140,1,,2018-06-07 05:20:47
6323,1.2-3.5,1.2,3.5,µm,0.5-1.0,0.5,1.0,µm,rod-shaped,1.0,,positive,132619,43141,1,,2018-06-07 05:20:47
6324,2.0-10.0,2.0,10.0,µm,0.3-0.5,0.3,0.5,µm,rod-shaped,1.0,peritrichous,variable,140620,43142,1,,2018-06-07 05:20:47
6325,1.6-2.0,1.6,2.0,µm,0.6-0.7,0.6,0.7,µm,rod-shaped,1.0,,positive,140621,43143,1,,2018-06-07 05:20:47
6326,1.0-2.2,1.0,2.2,µm,0.7-0.9,0.7,0.9,µm,rod-shaped,0.0,,negative,132620,43144,1,,2018-06-07 05:20:47
6327,0.9-1.8,0.9,1.8,µm,0.6-0.8,0.6,0.8,µm,rod-shaped,0.0,,negative,132621,43144,1,,2018-06-07 05:20:47
6328,1.0-2.3,1.0,2.3,µm,0.7-1.0,0.7,1.0,µm,ovoid-shaped,0.0,,negative,132622,43144,1,,2018-06-07 05:20:47
6329,,,,,,,,,rod-shaped,,,,132622,43144,1,,2018-06-07 05:20:47
6330,,,,,0.9-1.2,0.9,1.2,µm,pleomorphic-shaped,,,negative,140231,43145,1,,2018-06-07 05:20:47
6331,0.3-6.0,0.3,6.0,µm,0.2-0.6,0.2,0.6,µm,rod-shaped,1.0,,negative,140622,43146,1,,2018-06-07 05:20:47
6332,2.4-3.0,2.4,3.0,µm,0.6-0.9,0.6,0.9,µm,rod-shaped,1.0,,negative,140623,43147,1,,2018-06-07 05:20:47
6333,0.8-1.2,0.8,1.2,µm,0.4-0.6,0.4,0.6,µm,rod-shaped,0.0,,negative,140624,43148,1,,2018-06-07 05:20:47
6334,1.9-2.2,1.9,2.2,µm,1.0-1.1,1.0,1.1,µm,rod-shaped,0.0,,negative,139618,43149,1,,2018-06-07 05:20:47
6335,2.1-2.7,2.1,2.7,µm,1.0-1.1,1.0,1.1,µm,rod-shaped,0.0,,negative,132997,43149,1,,2018-06-07 05:20:47
6336,1.0-1.4,1.0,1.4,µm,0.6-0.9,0.6,0.9,µm,rod-shaped,1.0,,,140625,43150,1,,2018-06-07 05:20:47
6337,,,,,,,,,oval-shaped,,,,140625,43150,1,,2018-06-07 05:20:47
6338,1.3-4.0,1.3,4.0,µm,0.4-1.3,0.4,1.3,µm,rod-shaped,1.0,polar,negative,140626,43151,1,,2018-06-07 05:20:47
6339,1.0-2.0,1.0,2.0,µm,0.4-0.6,0.4,0.6,µm,rod-shaped,1.0,,negative,140627,43152,1,,2018-06-07 05:20:47
6340,1-2,1.0,2.0,µm,,,,,rod-shaped,1.0,,negative,140238,43153,1,,2018-06-07 05:20:47
6341,0.7-1.7,0.7,1.7,µm,0.4-0.6,0.4,0.6,µm,rod-shaped,0.0,,negative,140628,43154,1,,2018-06-07 05:20:47
6342,0.6-1.8,0.6,1.8,µm,0.5-0.9,0.5,0.9,µm,,1.0,,negative,132998,43155,1,,2018-06-07 05:20:47
6343,0.9-6.0,0.9,6.0,µm,0.3-0.5,0.3,0.5,µm,,1.0,,negative,132623,43156,1,,2018-06-07 05:20:47
6344,2.5-4.0,2.5,4.0,µm,0.4-0.6,0.4,0.6,µm,rod-shaped,0.0,,negative,140629,43157,1,,2018-06-07 05:20:47
6345,0.9-1.3,0.9,1.3,µm,0.4-0.6,0.4,0.6,µm,rod-shaped,1.0,,negative,140630,43158,1,,2018-06-07 05:20:47
6346,1.5-2.2,1.5,2.2,µm,0.4-0.5,0.4,0.5,µm,rod-shaped,,,negative,132999,43159,1,,2018-06-07 05:20:47
6347,,,,,,,,,rod-shaped,0.0,,negative,140631,43160,1,,2018-06-07 05:20:47
6348,1-1.5,1.0,1.5,µm,0.6,0.6,0.6,µm,vibrio-shaped,1.0,,negative,132624,43161,1,,2018-06-07 05:20:47
6349,0.5-0.8,0.5,0.8,µm,0.4,0.4,0.4,µm,,,,negative,132625,43162,1,,2018-06-07 05:20:47
6350,1.6-2.2,1.6,2.2,µm,0.9-1.1,0.9,1.1,µm,rod-shaped,0.0,,negative,132626,43163,1,,2018-06-07 05:20:47
6351,1.0-1.5,1.0,1.5,µm,0.5-0.7,0.5,0.7,µm,rod-shaped,0.0,,negative,140632,43164,1,,2018-06-07 05:20:47
6352,1.5-3.0,1.5,3.0,µm,0.5-0.8,0.5,0.8,µm,rod-shaped,1.0,polar,negative,448,43169,1,,2018-06-07 05:20:47
6353,1.5-2.5,1.5,2.5,µm,0.9-1.5,0.9,1.5,µm,rod-shaped,0.0,,positive,132577,43065,1,,2018-06-07 05:20:47
6354,,,,,,,,,rod-shaped,0.0,,positive,140633,43066,1,,2018-06-07 05:20:47
6355,,,,,,,,,rod-shaped,0.0,,positive,140634,43066,1,,2018-06-07 05:20:47
6356,,,,,,,,,rod-shaped,0.0,,positive,3178,43066,1,,2018-06-07 05:20:47
6357,,,,,,,,,,,,positive,140635,43067,1,,2018-06-07 05:20:47
6358,2,2.0,2.0,µm,0.5-1.0,0.5,1.0,µm,pleomorphic-shaped,,,positive,132579,43068,1,,2018-06-07 05:20:47
6359,,,,,0.6-1.0,0.6,1.0,µm,coccus-shaped,0.0,,positive,132580,43069,1,,2018-06-07 05:20:47
6360,,,,,,,,,,0.0,,positive,140636,43070,1,,2018-06-07 05:20:47
6361,,,,,,,,,rod-shaped,,,positive,132581,43071,1,,2018-06-07 05:20:47
6362,,,,,,,,,coccus-shaped,,,,132581,43071,1,,2018-06-07 05:20:47
6363,,,,,,,,,rod-shaped,,,,140637,43072,1,,2018-06-07 05:20:47
6364,2.0-5.0,2.0,5.0,µm,0.9-1.5,0.9,1.5,µm,rod-shaped,0.0,,positive,140638,43073,1,,2018-06-07 05:20:47
6365,,,,,,,,,,,,positive,132985,43074,1,,2018-06-07 05:20:47
6366,,,,,,,,,,,,positive,140639,43075,1,,2018-06-07 05:20:47
6367,,,,,,,,,,,,positive,140640,43076,1,,2018-06-07 05:20:47
6368,,,,,,,,,,0.0,,positive,140641,43077,1,,2018-06-07 05:20:47
6369,1.0-1.2,1.0,1.2,µm,0.5-0.8,0.5,0.8,µm,sphere-shaped,0.0,,negative,140642,43078,1,,2018-06-07 05:20:47
6370,,,,,,,,,oval-shaped,,,,140642,43078,1,,2018-06-07 05:20:47
6371,,,,,1.0-4.0,1.0,4.0,µm,pleomorphic-shaped,1.0,,negative,140643,43079,1,,2018-06-07 05:20:47
6372,,,,,1,1.0,1.0,µm,coccus-shaped,1.0,,,132578,43080,1,,2018-06-07 05:20:47
6373,1.3-1.9,1.3,1.9,µm,0.3-0.5,0.3,0.5,µm,rod-shaped,0.0,,negative,132588,43087,1,,2018-06-07 05:20:47
6374,0.8-09,0.8,9.0,µm,2.0-2.4,2.0,2.4,µm,rod-shaped,1.0,peritrichous,positive,132589,43088,1,,2018-06-07 05:20:47
6375,1.9-4.3,1.9,4.3,µm,0.5-0.8,0.5,0.8,µm,rod-shaped,1.0,peritrichous,positive,140644,43089,1,,2018-06-07 05:20:47
6376,3-15,3.0,15.0,µm,0.25-0.5,0.25,0.5,µm,rod-shaped,1.0,polar,positive,132590,43090,1,,2018-06-07 05:20:47
6377,1-2,1.0,2.0,µm,0.5,0.5,0.5,µm,rod-shaped,0.0,,positive,140307,43280,1,,2018-06-07 05:20:47
6378,,,,,,,,,rod-shaped,0.0,,positive,140645,43281,1,,2018-06-07 05:20:47
6379,,,,,0.5-1.0,0.5,1.0,µm,coccus-shaped,1.0,peritrichous,positive,140308,43282,1,,2018-06-07 05:20:47
6380,1.9-2.0,1.9,2.0,µm,0.4-0.5,0.4,0.5,µm,rod-shaped,0.0,,positive,140309,43283,1,,2018-06-07 05:20:47
6381,1.5-6.0,1.5,6.0,µm,0.3-0.8,0.3,0.8,µm,rod-shaped,0.0,,positive,140310,43284,1,,2018-06-07 05:20:47
6382,2.0-3.0,2.0,3.0,µm,0.2-0.5,0.2,0.5,µm,rod-shaped,0.0,,positive,140311,43285,1,,2018-06-07 05:20:47
6383,0.6-0.9,0.6,0.9,µm,0.1-0.2,0.1,0.2,µm,rod-shaped,0.0,,positive,140646,43286,1,,2018-06-07 05:20:47
6384,1.3-2.1,1.3,2.1,µm,0.4-0.6,0.4,0.6,µm,rod-shaped,0.0,,positive,140312,43287,1,,2018-06-07 05:20:47
6385,,,,,1.2-1.6,1.2,1.6,µm,ovoid-shaped,0.0,,negative,140647,43288,1,,2018-06-07 05:20:47
6386,1.2-2.3,1.2,2.3,µm,0.2-0.3,0.2,0.3,µm,rod-shaped,1.0,,negative,140648,43289,1,,2018-06-07 05:20:47
6387,0.5-1.1,0.5,1.1,µm,0.4-0.5,0.4,0.5,µm,coccus-shaped,0.0,,negative,140525,43299,1,,2018-06-07 05:20:47
6388,0.9-1.7,0.9,1.7,µm,0.3-0.5,0.3,0.5,µm,rod-shaped,0.0,,negative,140526,43300,1,,2018-06-07 05:20:47
6389,1.8-6.0,1.8,6.0,µm,0.2-0.4,0.2,0.4,µm,rod-shaped,0.0,,negative,140527,43301,1,,2018-06-07 05:20:47
6390,2.0-3.5,2.0,3.5,µm,0.6-0.8,0.6,0.8,µm,rod-shaped,1.0,,positive,140528,43303,1,,2018-06-07 05:20:47
6391,2.5-2.9,2.5,2.9,µm,0.6-0.9,0.6,0.9,µm,rod-shaped,1.0,peritrichous,positive,140529,43309,1,,2018-06-07 05:20:47
6392,1.5-3.1,1.5,3.1,µm,0.4-0.5,0.4,0.5,µm,rod-shaped,1.0,peritrichous,positive,140530,43312,1,,2018-06-07 05:20:47
6393,,,,,,,,,rod-shaped,0.0,,positive,140531,43313,1,,2018-06-07 05:20:47
6394,1-5,1.0,5.0,µm,0.15-0.25,0.15,0.25,µm,spiral-shaped,1.0,,negative,140319,43314,1,,2018-06-07 05:20:47
6395,1.2,1.2,1.2,µm,0.7,0.7,0.7,µm,filament-shaped,,,negative,6133,43315,1,,2018-06-07 05:20:47
6396,1.2-2.7,1.2,2.7,µm,0.3-0.4,0.3,0.4,µm,rod-shaped,1.0,polar,negative,140532,43316,1,,2018-06-07 05:20:47
6397,,,,,,,,,curved-shaped,,,,140532,43316,1,,2018-06-07 05:20:47
6398,2.4-3.1,2.4,3.1,µm,0.9-1.0,0.9,1.0,µm,rod-shaped,1.0,,negative,140533,43317,1,,2018-06-07 05:20:47
6399,1.1-1.2,1.1,1.2,µm,0.6-0.7,0.6,0.7,µm,rod-shaped,1.0,polar,negative,140534,43318,1,,2018-06-07 05:20:47
6400,,,,,,,,,coccus-shaped,0.0,,negative,140535,43319,1,,2018-06-07 05:20:47
6401,,,,,,,,,coccus-shaped,0.0,,negative,140536,43319,1,,2018-06-07 05:20:47
6402,,,,,,,,,coccus-shaped,0.0,,negative,140537,43320,1,,2018-06-07 05:20:47
6403,1.2-2.5,1.2,2.5,µm,0.8-1.4,0.8,1.4,µm,,1.0,polar,negative,140086,43321,1,,2018-06-07 05:20:47
6404,1.2-1.6,1.2,1.6,µm,0.6-0.9,0.6,0.9,µm,rod-shaped,1.0,"monotrichous, polar",negative,140320,43322,1,,2018-06-07 05:20:47
6405,0.6-0.9,0.6,0.9,µm,0.4-0.5,0.4,0.5,µm,coccus-shaped,0.0,,negative,140321,43323,1,,2018-06-07 05:20:47
6406,1.0-2.5,1.0,2.5,µm,0.5-0.6,0.5,0.6,µm,rod-shaped,0.0,,negative,140538,43324,1,,2018-06-07 05:20:47
6407,1.5-1.8,1.5,1.8,µm,1.0-1.2,1.0,1.2,µm,coccus-shaped,0.0,,negative,140322,43325,1,,2018-06-07 05:20:47
6408,,,,,,,,,oval-shaped,,,,140322,43325,1,,2018-06-07 05:20:47
6409,2.2-2.6,2.2,2.6,µm,0.3-0.6,0.3,0.6,µm,rod-shaped,0.0,,negative,140539,43326,1,,2018-06-07 05:20:47
6410,1.5-5,1.5,5.0,µm,0.5-1,0.5,1.0,µm,rod-shaped,1.0,polar,negative,140540,43327,1,,2018-06-07 05:20:47
6411,,,,,,,,,rod-shaped,,,negative,140541,43328,1,,2018-06-07 05:20:47
6412,0.8-1,0.8,1.0,µm,0.4-0.6,0.4,0.6,µm,rod-shaped,1.0,polar,negative,140314,43329,1,,2018-06-07 05:20:47
6413,2.3-2.7,2.3,2.7,µm,0.4-0.8,0.4,0.8,µm,rod-shaped,0.0,,negative,140542,43330,1,,2018-06-07 05:20:47
6414,1.0-1.6,1.0,1.6,µm,0.5-0.7,0.5,0.7,µm,rod-shaped,0.0,,negative,140543,43331,1,,2018-06-07 05:20:47
6415,1.5-3.0,1.5,3.0,µm,0.3-0.5,0.3,0.5,µm,rod-shaped,1.0,,negative,140544,43332,1,,2018-06-07 05:20:47
6416,2.0-3.0,2.0,3.0,µm,0.6-0.9,0.6,0.9,µm,rod-shaped,,,negative,140545,43333,1,,2018-06-07 05:20:47
6417,2-4,2.0,4.0,µm,,,,,coccus-shaped,1.0,polar,negative,140546,43334,1,,2018-06-07 05:20:47
6418,3-5,3.0,5.0,µm,1.8-2.5,1.8,2.5,µm,rod-shaped,,,negative,13684,43335,1,,2018-06-07 05:20:47
6419,1-1.7,1.0,1.7,µm,0.7-1.2,0.7,1.2,µm,coccus-shaped,0.0,,negative,140547,43336,1,,2018-06-07 05:20:47
6420,1.0-1.2,1.0,1.2,µm,0.6-0.8,0.6,0.8,µm,rod-shaped,1.0,,negative,140548,43337,1,,2018-06-07 05:20:47
6421,1.5-3.2,1.5,3.2,µm,0.3-0.5,0.3,0.5,µm,spiral-shaped,1.0,polar,negative,140549,43338,1,,2018-06-07 05:20:47
6422,1.5-2.5,1.5,2.5,µm,0.2-0.4,0.2,0.4,µm,rod-shaped,1.0,,negative,140550,43294,1,,2018-06-07 05:20:47
6423,1-2,1.0,2.0,µm,0.4-0.6,0.4,0.6,µm,rod-shaped,0.0,,negative,140551,43295,1,,2018-06-07 05:20:47
6424,2-4,2.0,4.0,µm,1.0-1.2,1.0,1.2,µm,rod-shaped,0.0,,negative,140552,43296,1,,2018-06-07 05:20:47
6425,1.2-1.3,1.2,1.3,µm,0.5-0.6,0.5,0.6,µm,rod-shaped,0.0,,negative,140094,43297,1,,2018-06-07 05:20:47
6426,0.4-10,0.4,10.0,µm,0.2-0.6,0.2,0.6,µm,rod-shaped,0.0,,negative,140553,43298,1,,2018-06-07 05:20:47
6427,,,,,,,,,ovoid-shaped,,,,140553,43298,1,,2018-06-07 05:20:47
6428,2.7-3.8,2.7,3.8,µm,0.5-0.8,0.5,0.8,µm,rod-shaped,1.0,,positive,140554,43305,1,,2018-06-07 05:20:47
6429,0.8-1.2,0.8,1.2,µm,0.5-0.8,0.5,0.8,µm,coccus-shaped,0.0,,negative,140555,43304,1,,2018-06-07 05:20:47
6430,3-3.5,3.0,3.5,µm,0.8-1,0.8,1.0,µm,rod-shaped,1.0,,positive,140556,43306,1,,2018-06-07 05:20:47
6431,0.6-1,0.6,1.0,µm,,,,,coccus-shaped,0.0,,positive,140557,43307,1,,2018-06-07 05:20:47
6432,2-4,2.0,4.0,µm,,,,,rod-shaped,1.0,,positive,140558,43308,1,,2018-06-07 05:20:47
6433,2.2-6.2,2.2,6.2,µm,1.3-1.6,1.3,1.6,µm,rod-shaped,1.0,,positive,140317,43310,1,,2018-06-07 05:20:47
6434,1.5-2.5,1.5,2.5,µm,0.5-1,0.5,1.0,µm,rod-shaped,0.0,,positive,140318,43311,1,,2018-06-07 05:20:47
6435,0.7-1.4,0.7,1.4,µm,0.2-0.3,0.2,0.3,µm,rod-shaped,0.0,,negative,140559,43290,1,,2018-06-07 05:20:47
6436,1.5-2.0,1.5,2.0,µm,0.5-1.0,0.5,1.0,µm,rod-shaped,0.0,,negative,140560,43291,1,,2018-06-07 05:20:47
6437,1.8-2.8,1.8,2.8,µm,0.4,0.4,0.4,µm,rod-shaped,0.0,,negative,140561,43292,1,,2018-06-07 05:20:47
6438,1.2-2.6,1.2,2.6,µm,0.2-0.4,0.2,0.4,µm,rod-shaped,1.0,,negative,140562,43339,1,,2018-06-07 05:20:47
6439,1.0-2.7,1.0,2.7,µm,0.2-0.5,0.2,0.5,µm,rod-shaped,1.0,gliding,negative,140563,43302,1,,2018-06-07 05:20:47
6440,1.1-1.4,1.1,1.4,µm,0.3-0.5,0.3,0.5,µm,rod-shaped,0.0,,negative,140564,43293,1,,2018-06-07 05:20:47
6441,2-8,2.0,8.0,µm,0.5-1,0.5,1.0,µm,rod-shaped,1.0,"monotrichous, polar",negative,17777,43422,1,,2018-06-14 05:11:22
6442,,,,,,,,,filament-shaped,0.0,,positive,13211,43417,1,,2018-06-14 05:11:22
6443,0.5-20,0.5,20.0,µm,0.4-0.5,0.4,0.5,µm,filament-shaped,0.0,,negative,5477,43341,1,,2018-06-14 05:11:22
6444,2-3,2.0,3.0,µm,0.4-0.5,0.4,0.5,µm,rod-shaped,1.0,gliding,negative,5480,26464,1,,2018-06-14 05:11:22
6445,4-10,4.0,10.0,µm,0.25-0.4,0.25,0.4,µm,rod-shaped,1.0,gliding,negative,17805,43353,1,,2018-06-14 05:11:22
6446,1-2,1.0,2.0,µm,0.5-0.7,0.5,0.7,µm,rod-shaped,1.0,"monotrichous, polar",negative,5398,25743,1,,2018-06-14 05:11:22
6447,2-5,2.0,5.0,µm,0.5,0.5,0.5,µm,rod-shaped,0.0,,positive,17679,26285,1,,2018-06-14 05:11:22
6448,3.9,3.9,3.9,µm,1.75,1.75,1.75,µm,rod-shaped,0.0,,negative,140651,27122,1,,2018-06-14 05:11:22
6449,2.5-5.5,2.5,5.5,µm,1.2-1.8,1.2,1.8,µm,spiral-shaped,1.0,"monotrichous, polar",negative,140653,27215,1,,2018-06-14 05:11:22
6450,2-3,2.0,3.0,µm,0.3-0.4,0.3,0.4,µm,rod-shaped,1.0,peritrichous,positive,1242,27781,1,,2018-06-14 05:11:22
6451,1.7,1.7,1.7,µm,0.9,0.9,0.9,µm,rod-shaped,0.0,,negative,1623,28365,1,,2018-06-14 05:11:22
6452,1.8-2.5,1.8,2.5,µm,0.2-0.3,0.2,0.3,µm,rod-shaped,0.0,,negative,1626,28664,1,,2018-06-14 05:11:22
6453,0.9-3,0.9,3.0,µm,0.3-0.5,0.3,0.5,µm,rod-shaped,0.0,,negative,17716,26333,1,,2018-06-14 05:11:22
6454,,,,,,,,,rod-shaped,,,positive,18022,43381,1,,2018-06-14 05:11:22
6455,3-3.2,3.0,3.2,µm,0.5-0.7,0.5,0.7,µm,rod-shaped,,,positive,18028,28511,1,,2018-06-14 05:11:22
6456,3-3.2,3.0,3.2,µm,0.5-0.7,0.5,0.7,µm,rod-shaped,,,positive,18029,28511,1,,2018-06-14 05:11:22
6457,2.8-9.4,2.8,9.4,µm,0.7-1,0.7,1.0,µm,rod-shaped,0.0,,negative,18026,43373,1,,2018-06-14 05:11:22
6458,1.5-3.5,1.5,3.5,µm,0.7,0.7,0.7,µm,rod-shaped,0.0,,negative,18024,43351,1,,2018-06-14 05:11:22
6459,2,2.0,2.0,µm,0.2,0.2,0.2,µm,rod-shaped,0.0,,positive,140656,43401,1,,2018-06-14 05:11:22
6460,,,,,,,,,,,peritrichous,,2523,25338,1,,2018-06-14 05:11:22
6461,,,,,,,,,rod-shaped,1.0,,positive,2352,43361,1,,2018-06-14 05:11:22
6462,,,,,,,,,rod-shaped,0.0,,positive,2354,43361,1,,2018-06-14 05:11:22
6463,1.5-3.75,1.5,3.75,µm,0.75-1.5,0.75,1.5,µm,rod-shaped,1.0,,positive,140657,43414,1,,2018-06-14 05:11:22
6464,1.5-4,1.5,4.0,µm,0.4-0.5,0.4,0.5,µm,rod-shaped,1.0,,negative,5500,43416,1,,2018-06-14 05:11:22
6465,2.2-4.5,2.2,4.5,µm,0.6-0.8,0.6,0.8,µm,rod-shaped,0.0,,negative,5501,43372,1,,2018-06-14 05:11:22
6466,1.5-5,1.5,5.0,µm,0.4-0.8,0.4,0.8,µm,rod-shaped,1.0,,negative,5499,43342,1,,2018-06-14 05:11:22
6467,1.2-3,1.2,3.0,µm,0.5-0.7,0.5,0.7,µm,rod-shaped,1.0,polar,negative,140658,43405,1,,2018-06-14 05:11:22
6468,40,40.0,40.0,µm,0.5-0.8,0.5,0.8,µm,rod-shaped,,,negative,17740,43362,1,,2018-06-14 05:11:22
6469,1.4,1.4,1.4,µm,0.9,0.9,0.9,µm,oval-shaped,0.0,,negative,24814,43403,1,,2018-06-14 05:11:22
6470,2.5-3,2.5,3.0,µm,0.5-0.7,0.5,0.7,µm,rod-shaped,1.0,,negative,17843,43389,1,,2018-06-14 05:11:22
6471,3,3.0,3.0,µm,0.5,0.5,0.5,µm,rod-shaped,1.0,peritrichous,positive,2817,43392,1,,2018-06-14 05:11:22
6472,2.5-3.5,2.5,3.5,µm,0.7-0.9,0.7,0.9,µm,other,0.0,peritrichous,negative,2568,43428,1,,2018-06-14 05:11:22
6473,4-7,4.0,7.0,µm,1.5-2,1.5,2.0,µm,other,0.0,peritrichous,negative,2568,43428,1,,2018-06-14 05:11:22
6474,3-4,3.0,4.0,µm,0.6,0.6,0.6,µm,rod-shaped,1.0,,negative,2836,43392,1,,2018-06-14 05:11:22
6475,0.5-4.5,0.5,4.5,µm,0.4-0.7,0.4,0.7,µm,pleomorphic-shaped,1.0,,negative,17910,43411,1,,2018-06-14 05:11:22
6476,0.9-1.2,0.9,1.2,µm,0.3-0.4,0.3,0.4,µm,ring-shaped,0.0,,negative,134150,27837,1,,2018-06-14 05:11:22
6477,0.9-1.2,0.9,1.2,µm,0.3-0.4,0.3,0.4,µm,ring-shaped,0.0,,negative,17717,43342,1,,2018-06-14 05:11:22
6478,,,,,,,,,,1.0,gliding,negative,3767,43399,1,,2018-06-14 05:11:22
6479,1.0-4.5,1.0,4.5,µm,,,,,coccus-shaped,0.0,,positive,3869,43357,1,,2018-06-14 05:11:22
6480,3.3-6,3.3,6.0,µm,0.6-0.7,0.6,0.7,µm,rod-shaped,1.0,,negative,11765,43367,1,,2018-06-14 05:11:22
6481,1-3,1.0,3.0,µm,0.7-0.9,0.7,0.9,µm,rod-shaped,1.0,polar,negative,4043,43365,1,,2018-06-14 05:11:22
6482,,,,,,,,,,,,negative,4240,43415,1,,2018-06-14 05:11:22
6483,,,,,,,,,rod-shaped,0.0,,negative,3777,27725,1,,2018-06-14 05:11:22
6484,0.75-2,0.75,2.0,µm,,,,,coccus-shaped,0.0,,negative,3776,43374,1,,2018-06-14 05:11:22
6485,0.8-2.3,0.8,2.3,µm,0.4-0.6,0.4,0.6,µm,rod-shaped,1.0,gliding,negative,17719,28014,1,,2018-06-14 05:11:22
6486,1.1-2.3,1.1,2.3,µm,0.4-0.5,0.4,0.5,µm,rod-shaped,1.0,gliding,negative,17718,28122,1,,2018-06-14 05:11:22
6487,1-3,1.0,3.0,µm,1-3,1.0,3.0,µm,coccus-shaped,0.0,,,17820,26085,1,,2018-06-14 05:11:22
6488,1.0-2.5,1.0,2.5,µm,0.5-0.55,0.5,0.55,µm,rod-shaped,1.0,,negative,17033,43352,1,,2018-06-14 05:11:22
6489,2,2.0,2.0,µm,0.4,0.4,0.4,µm,rod-shaped,0.0,,negative,24024,27237,1,,2018-06-14 05:11:22
6490,3-10,3.0,10.0,µm,0.3-0.5,0.3,0.5,µm,rod-shaped,1.0,gliding,,5551,43343,1,,2018-06-14 05:11:22
6491,2-5,2.0,5.0,µm,0.5-0.7,0.5,0.7,µm,rod-shaped,1.0,gliding,negative,5513,43344,1,,2018-06-14 05:11:22
6492,1.5-15,1.5,15.0,µm,0.4-0.7,0.4,0.7,µm,rod-shaped,1.0,gliding,negative,5512,43345,1,,2018-06-14 05:11:22
6493,1.5-15,1.5,15.0,µm,0.3-0.4,0.3,0.4,µm,rod-shaped,1.0,gliding,negative,5515,43346,1,,2018-06-14 05:11:22
6494,1-5,1.0,5.0,µm,0.4-0.5,0.4,0.5,µm,rod-shaped,1.0,gliding,negative,5528,43347,1,,2018-06-14 05:11:22
6495,1-5,1.0,5.0,µm,0.4-0.5,0.4,0.5,µm,rod-shaped,1.0,gliding,negative,5529,43348,1,,2018-06-14 05:11:22
6496,2.5-6,2.5,6.0,µm,0.5-0.7,0.5,0.7,µm,rod-shaped,1.0,gliding,negative,5516,43349,1,,2018-06-14 05:11:22
6497,0.5-1.3,0.5,1.3,µm,0.2-0.4,0.2,0.4,µm,vibrio-shaped,0.0,,negative,14023,25663,1,,2018-06-14 05:11:22
6498,0.8-1.2,0.8,1.2,µm,0.4-0.6,0.4,0.6,µm,,1.0,gliding,negative,5588,27889,1,,2018-06-14 05:11:22
6499,,,,,,,,,,,,negative,140660,43406,1,,2018-06-14 05:11:22
6500,0.6-1.3,0.6,1.3,µm,0.5-0.7,0.5,0.7,µm,rod-shaped,0.0,,negative,22899,26596,1,,2018-06-14 05:11:22
6501,0.5-1.8,0.5,1.8,µm,0.5,0.5,0.5,µm,rod-shaped,0.0,,negative,22901,26596,1,,2018-06-14 05:11:22
6502,2.8-3.1,2.8,3.1,µm,1.5-1.8,1.5,1.8,µm,rod-shaped,1.0,polar,negative,140661,43380,1,,2018-06-14 05:11:22
6503,0.5-6,0.5,6.0,µm,0.5-1,0.5,1.0,µm,rod-shaped,1.0,"monotrichous, polar",negative,6199,43364,1,,2018-06-14 05:11:22
6504,2-5,2.0,5.0,µm,0.3-0.5,0.3,0.5,µm,rod-shaped,0.0,,negative,133649,26299,1,,2018-06-14 05:11:22
6505,,,,,,,,,filament-shaped,0.0,,positive,17649,43418,1,,2018-06-14 05:11:22
6506,3-15,3.0,15.0,µm,0.5-0.8,0.5,0.8,µm,rod-shaped,1.0,,negative,2841,43383,1,,2018-06-14 05:11:22
6507,1.2-2,1.2,2.0,µm,0.3-0.5,0.3,0.5,µm,rod-shaped,,,negative,14046,28558,1,,2018-06-14 05:11:22
6508,0.65-10,0.65,10.0,µm,0.25-0.35,0.25,0.35,µm,rod-shaped,1.0,polar,negative,24801,43396,1,,2018-06-14 05:11:22
6509,1.6-2.3,1.6,2.3,µm,0.4-0.5,0.4,0.5,µm,rod-shaped,0.0,,negative,5616,43388,1,,2018-06-14 05:11:22
6510,1-2.1,1.0,2.1,µm,0.4-0.5,0.4,0.5,µm,rod-shaped,1.0,gliding,negative,5617,43393,1,,2018-06-14 05:11:22
6511,10-100,10.0,100.0,µm,,,,,rod-shaped,1.0,gliding,,3813,43350,1,,2018-06-14 05:11:22
6512,6-15,6.0,15.0,µm,0.5-0.8,0.5,0.8,µm,rod-shaped,0.0,,negative,14134,28434,1,,2018-06-14 05:11:22
6513,1.1-2.7,1.1,2.7,µm,0.3-0.6,0.3,0.6,µm,rod-shaped,0.0,,negative,5619,43377,1,,2018-06-14 05:11:22
6514,,,,,0.3-0.7,0.3,0.7,µm,filament-shaped,,,negative,506,26977,1,,2018-06-14 05:11:22
6515,0.5-4,0.5,4.0,µm,0.3-0.5,0.3,0.5,µm,rod-shaped,1.0,gliding,negative,3250,27583,1,,2018-06-14 05:11:22
6516,2-5,2.0,5.0,µm,0.4-0.6,0.4,0.6,µm,rod-shaped,0.0,,positive,11615,43394,1,,2018-06-14 05:11:22
6517,1.3-1.7,1.3,1.7,µm,0.5-0.6,0.5,0.6,µm,rod-shaped,0.0,,negative,12496,27900,1,,2018-06-14 05:11:22
6518,2-4,2.0,4.0,µm,0.3-0.6,0.3,0.6,µm,rod-shaped,1.0,polar,negative,13692,43385,1,,2018-06-14 05:11:22
6519,2-4,2.0,4.0,µm,0.3-0.6,0.3,0.6,µm,rod-shaped,1.0,polar,negative,13690,43385,1,,2018-06-14 05:11:22
6520,2-4,2.0,4.0,µm,0.3-0.6,0.3,0.6,µm,rod-shaped,1.0,polar,negative,13691,43385,1,,2018-06-14 05:11:22
6521,,,,,,,,,coccus-shaped,1.0,,positive,11959,43354,1,,2018-06-14 05:11:22
6522,1.2-3,1.2,3.0,µm,0.3-0.5,0.3,0.5,µm,rod-shaped,1.0,,negative,17506,27823,1,,2018-06-14 05:11:22
6523,,,,,,,,,coccus-shaped,0.0,,,8198,26525,1,,2018-06-14 05:11:22
6524,1.6-5.6,1.6,5.6,µm,0.3-0.7,0.3,0.7,µm,rod-shaped,0.0,,negative,5636,26520,1,,2018-06-14 05:11:22
6525,,,,,,,,,,,,positive,14035,43368,1,,2018-06-14 05:11:22
6526,1-3,1.0,3.0,µm,0.9-1,0.9,1.0,µm,rod-shaped,0.0,,positive,14036,43368,1,,2018-06-14 05:11:22
6528,3-4,3.0,4.0,µm,0.8-1,0.8,1.0,µm,rod-shaped,1.0,,variable,11667,28660,1,,2018-06-14 05:11:22
6529,2.3,2.3,2.3,µm,0.9,0.9,0.9,µm,rod-shaped,0.0,,negative,13789,43369,1,,2018-06-14 05:11:22
6530,,,,,,,,,rod-shaped,0.0,,negative,17906,28584,1,,2018-06-14 05:11:22
6531,,,,,1.6-2.6,1.6,2.6,µm,,0.0,,,11943,28725,1,,2018-06-14 05:11:22
6532,,,,,,,,,rod-shaped,1.0,polar,negative,13964,28191,1,,2018-06-14 05:11:22
6533,1.5-3,1.5,3.0,µm,1-1.5,1.0,1.5,µm,coccus-shaped,0.0,,positive,14090,43423,1,,2018-06-14 05:11:22
6534,0.5-1.2,0.5,1.2,µm,0.5-0.7,0.5,0.7,µm,ovoid-shaped,,,,134317,28609,1,,2018-06-14 05:11:22
6535,,,,,,,,,,0.0,,,16589,43424,1,,2018-06-14 05:11:22
6536,1.5-30,1.5,30.0,µm,0.4-0.5,0.4,0.5,µm,rod-shaped,1.0,gliding,negative,5651,43375,1,,2018-06-14 05:11:22
6537,2-20,2.0,20.0,µm,0.5,0.5,0.5,µm,rod-shaped,1.0,gliding,,5652,43375,1,,2018-06-14 05:11:22
6538,3-6,3.0,6.0,µm,0.4-0.6,0.4,0.6,µm,rod-shaped,1.0,polar,negative,24754,43378,1,,2018-06-14 05:11:22
6539,3-6,3.0,6.0,µm,0.4-0.6,0.4,0.6,µm,rod-shaped,1.0,polar,negative,24757,43378,1,,2018-06-14 05:11:22
6540,3-6,3.0,6.0,µm,0.4-0.6,0.4,0.6,µm,rod-shaped,1.0,polar,negative,24759,43378,1,,2018-06-14 05:11:22
6541,,,,,,,,,,0.0,,,134,22970,1,,2018-06-14 05:11:22
6542,2-7,2.0,7.0,µm,0.3-0.6,0.3,0.6,µm,rod-shaped,0.0,,variable,18040,43371,1,,2018-06-14 05:11:22
6543,2-7,2.0,7.0,µm,0.8-1,0.8,1.0,µm,rod-shaped,1.0,,negative,18051,43366,1,,2018-06-14 05:11:22
6544,4,4.0,4.0,µm,0.3,0.3,0.3,µm,filament-shaped,0.0,,negative,140665,43390,1,,2018-06-14 05:11:22
6545,,,,,,,,,filament-shaped,0.0,,positive,24745,43391,1,,2018-06-14 05:11:22
6546,1-2,1.0,2.0,µm,0.5-1.5,0.5,1.5,µm,ovoid-shaped,0.0,,positive,140666,43387,1,,2018-06-14 05:11:22
6547,2-7,2.0,7.0,µm,0.7-1,0.7,1.0,µm,rod-shaped,,,,17068,43376,1,,2018-06-14 05:11:22
6548,15-25,15.0,25.0,µm,0.2-0.3,0.2,0.3,µm,spiral-shaped,1.0,,negative,14324,43420,1,,2018-06-14 05:11:22
6549,2.5-7.3,2.5,7.3,µm,0.4-0.5,0.4,0.5,µm,rod-shaped,0.0,,negative,5658,26336,1,,2018-06-14 05:11:22
6550,,,,,0.5-1.3,0.5,1.3,µm,coccus-shaped,0.0,,negative,17370,43386,1,,2018-06-14 05:11:22
6551,1.5-3.3,1.5,3.3,µm,0.3-0.6,0.3,0.6,µm,rod-shaped,0.0,,negative,5731,43398,1,,2018-06-14 05:11:22
6552,3-6,3.0,6.0,µm,0.6-1,0.6,1.0,µm,rod-shaped,1.0,peritrichous,positive,2760,43363,1,,2018-06-14 05:11:22
6553,2-5,2.0,5.0,µm,0.4-0.5,0.4,0.5,µm,rod-shaped,0.0,peritrichous,variable,2853,25435,1,,2018-06-14 05:11:22
6554,,,,,,,,,rod-shaped,,,positive,140345,43430,1,,2019-01-23 12:49:18
6555,,,,,,,,,rod-shaped,,,,140668,43431,1,,2019-01-23 12:49:18
6556,0.6-1.1,0.6,1.1,µm,0.5-0.6,0.5,0.6,µm,rod-shaped,0.0,,positive,140669,43433,1,,2019-01-23 12:49:18
6557,,,,,,,,,rod-shaped,0.0,,positive,140670,43434,1,,2019-01-23 12:49:18
6558,,,,,,,,,rod-shaped,,,positive,140671,43435,1,,2019-01-23 12:49:18
6559,,,,,,,,,,,,positive,140672,43436,1,,2019-01-23 12:49:18
6560,1.5-2.4,1.5,2.4,µm,0.3-0.4,0.3,0.4,µm,rod-shaped,0.0,,positive,140673,43437,1,,2019-01-23 12:49:18
6561,,,,,,,,,rod-shaped,0.0,,negative,140674,43438,1,,2019-01-23 12:49:18
6562,1.4-1.6,1.4,1.6,µm,0.5-0.6,0.5,0.6,µm,rod-shaped,0.0,,negative,140675,43439,1,,2019-01-23 12:49:18
6563,1.0-1.5,1.0,1.5,µm,0.4-0.5,0.4,0.5,µm,rod-shaped,1.0,gliding,negative,140676,43440,1,,2019-01-23 12:49:18
6564,1.5-2.5,1.5,2.5,µm,0.5-0.8,0.5,0.8,µm,rod-shaped,0.0,,negative,140677,43441,1,,2019-01-23 12:49:18
6565,1.38-3.4,1.38,3.4,µm,0.55-1.13,0.55,1.13,µm,rod-shaped,0.0,,negative,140678,43442,1,,2019-01-23 12:49:18
6566,1.5-2.8,1.5,2.8,µm,0.4-0.8,0.4,0.8,µm,rod-shaped,0.0,,negative,140679,43443,1,,2019-01-23 12:49:18
6567,0.8-1.8,0.8,1.8,µm,0.5-0.7,0.5,0.7,µm,rod-shaped,1.0,polar,negative,140348,43444,1,,2019-01-23 12:49:18
6568,1.8-2.0,1.8,2.0,µm,0.9-1.1,0.9,1.1,µm,rod-shaped,0.0,,negative,140680,43445,1,,2019-01-23 12:49:18
6569,2.5-3,2.5,3.0,µm,0.2-0.5,0.2,0.5,µm,rod-shaped,0.0,,negative,140681,43446,1,,2019-01-23 12:49:18
6570,1.9-2.7,1.9,2.7,µm,0.4-0.8,0.4,0.8,µm,rod-shaped,0.0,,negative,140682,43447,1,,2019-01-23 12:49:18
6571,1.8-3.2,1.8,3.2,µm,0.6-0.9,0.6,0.9,µm,rod-shaped,0.0,,negative,140683,43448,1,,2019-01-23 12:49:18
6572,1.1-5.9,1.1,5.9,µm,0.4-0.7,0.4,0.7,µm,rod-shaped,1.0,peritrichous,positive,140352,43449,1,,2019-01-23 12:49:18
6573,0.5-4,0.5,4.0,µm,0.2-0.5,0.2,0.5,µm,rod-shaped,1.0,peritrichous,positive,140684,43450,1,,2019-01-23 12:49:18
6574,3-4,3.0,4.0,µm,1,1.0,1.0,µm,rod-shaped,1.0,peritrichous,negative,140353,43451,1,,2019-01-23 12:49:18
6575,1.9-2.2,1.9,2.2,µm,0.7-0.9,0.7,0.9,µm,rod-shaped,1.0,peritrichous,positive,140685,43452,1,,2019-01-23 12:49:18
6576,,,,,,,,,coccus-shaped,1.0,polar,variable,140686,43453,1,,2019-01-23 12:49:18
6577,1.2-2.5,1.2,2.5,µm,0.7-0.8,0.7,0.8,µm,rod-shaped,1.0,polar,positive,140354,43454,1,,2019-01-23 12:49:18
6578,2.1,2.1,2.1,µm,0.8,0.8,0.8,µm,rod-shaped,1.0,,positive,140687,43455,1,,2019-01-23 12:49:18
6579,2.2,2.2,2.2,µm,0.8,0.8,0.8,µm,rod-shaped,1.0,,positive,140688,43455,1,,2019-01-23 12:49:18
6580,2.5-4,2.5,4.0,µm,0.5-0.7,0.5,0.7,µm,rod-shaped,1.0,polar,positive,2537,43456,1,,2019-01-23 12:49:18
6581,2.7-9.6,2.7,9.6,µm,1.1-1.6,1.1,1.6,µm,rod-shaped,1.0,polar,positive,2650,43456,1,,2019-01-23 12:49:18
6582,3-7,3.0,7.0,µm,1-1.5,1.0,1.5,µm,rod-shaped,0.0,polar,positive,5416,43456,1,,2019-01-23 12:49:18
6583,2.1-4.3,2.1,4.3,µm,0.7-1.1,0.7,1.1,µm,rod-shaped,1.0,,positive,140355,43457,1,,2019-01-23 12:49:18
6584,,,,,,,,,,,,positive,140689,43458,1,,2019-01-23 12:49:18
6585,2.2-3.7,2.2,3.7,µm,0.7-0.9,0.7,0.9,µm,rod-shaped,1.0,,positive,140690,43459,1,,2019-01-23 12:49:18
6586,1.8-2.5,1.8,2.5,µm,0.6-0.9,0.6,0.9,µm,rod-shaped,1.0,,positive,140691,43459,1,,2019-01-23 12:49:18
6587,1.2-8.5,1.2,8.5,µm,0.4-0.8,0.4,0.8,µm,rod-shaped,0.0,,positive,140356,43460,1,,2019-01-23 12:49:18
6588,,,,,,,,,,,,positive,140692,43461,1,,2019-01-23 12:49:18
6589,3.3-5.3,3.3,5.3,µm,0.2-0.3,0.2,0.3,µm,rod-shaped,0.0,,negative,140693,43462,1,,2019-01-23 12:49:18
6590,1.6-3.1,1.6,3.1,µm,0.4-0.5,0.4,0.5,µm,rod-shaped,,,negative,140694,43463,1,,2019-01-23 12:49:18
6591,2-3,2.0,3.0,µm,0.6-1,0.6,1.0,µm,rod-shaped,,,negative,140695,43464,1,,2019-01-23 12:49:18
6592,7,7.0,7.0,µm,2,2.0,2.0,µm,rod-shaped,,,negative,140696,43465,1,,2019-01-23 12:49:18
6593,3.6,3.6,3.6,µm,0.6,0.6,0.6,µm,pleomorphic-shaped,1.0,,negative,140357,43466,1,,2019-01-23 12:49:18
6594,1.5-3,1.5,3.0,µm,0.5-1,0.5,1.0,µm,rod-shaped,1.0,polar,negative,140697,43467,1,,2019-01-23 12:49:18
6595,1.2-1.7,1.2,1.7,µm,0.5-0.8,0.5,0.8,µm,rod-shaped,0.0,,negative,140698,43468,1,,2019-01-23 12:49:18
6596,1.4-2.6,1.4,2.6,µm,0.5-0.8,0.5,0.8,µm,rod-shaped,1.0,polar,negative,140699,43469,1,,2019-01-23 12:49:18
6597,2-30,2.0,30.0,µm,0.35-0.4,0.35,0.4,µm,rod-shaped,1.0,polar,negative,140700,43470,1,,2019-01-23 12:49:18
6598,1-2.5,1.0,2.5,µm,0.5,0.5,0.5,µm,rod-shaped,1.0,,negative,140701,43471,1,,2019-01-23 12:49:18
6599,0.8-2,0.8,2.0,µm,0.5-0.8,0.5,0.8,µm,rod-shaped,1.0,polar,negative,140702,43472,1,,2019-01-23 12:49:18
6600,1-2.4,1.0,2.4,µm,0.5-0.75,0.5,0.75,µm,rod-shaped,1.0,,negative,140703,43473,1,,2019-01-23 12:49:18
6601,0.63-0.96,0.63,0.96,µm,,,,,sphere-shaped,0.0,,negative,140704,43474,1,,2019-01-23 12:49:18
6602,0.9-1.4,0.9,1.4,µm,0.5-0.6,0.5,0.6,µm,ovoid-shaped,1.0,peritrichous,negative,140358,43475,1,,2019-01-23 12:49:18
6603,0.92-1.55,0.92,1.55,µm,0.45-0.65,0.45,0.65,µm,rod-shaped,0.0,,negative,140359,43476,1,,2019-01-23 12:49:18
6604,1.2-1.4,1.2,1.4,µm,0.6-0.8,0.6,0.8,µm,rod-shaped,1.0,gliding,negative,140705,43477,1,,2019-01-23 12:49:18
6605,0.6-10,0.6,10.0,µm,0.2-0.6,0.2,0.6,µm,rod-shaped,0.0,,negative,140706,43478,1,,2019-01-23 12:49:18
6606,1.5-3.4,1.5,3.4,µm,0.5-0.6,0.5,0.6,µm,rod-shaped,0.0,,negative,140375,43479,1,,2019-01-23 12:49:18
6607,4-9,4.0,9.0,µm,0.4-0.5,0.4,0.5,µm,rod-shaped,0.0,,negative,140707,43480,1,,2019-01-23 12:49:18
6608,0.8-1.5,0.8,1.5,µm,0.3-0.4,0.3,0.4,µm,rod-shaped,0.0,,negative,140708,43481,1,,2019-01-23 12:49:18
6609,0.4-10,0.4,10.0,µm,0.1-0.4,0.1,0.4,µm,rod-shaped,1.0,gliding,negative,140709,43482,1,,2019-01-23 12:49:18
6610,2,2.0,2.0,µm,1,1.0,1.0,µm,rod-shaped,0.0,,negative,140383,43483,1,,2019-01-23 12:49:18
6611,1-1.6,1.0,1.6,µm,0.3-0.5,0.3,0.5,µm,rod-shaped,1.0,gliding,negative,140384,43484,1,,2019-01-23 12:49:18
6612,1.2-3,1.2,3.0,µm,0.5-0.6,0.5,0.6,µm,rod-shaped,,,negative,140710,43485,1,,2019-01-23 12:49:18
6613,1.2-8,1.2,8.0,µm,0.5-0.7,0.5,0.7,µm,rod-shaped,0.0,,negative,140711,43486,1,,2019-01-23 12:49:18
6614,0.8-1.4,0.8,1.4,µm,0.4-0.6,0.4,0.6,µm,rod-shaped,1.0,gliding,negative,140712,43487,1,,2019-01-23 12:49:18
6615,2-3.2,2.0,3.2,µm,0.8-1,0.8,1.0,µm,rod-shaped,0.0,,negative,140713,43488,1,,2019-01-23 12:49:18
6616,2.1-3.7,2.1,3.7,µm,0.6-0.9,0.6,0.9,µm,rod-shaped,,,positive,140714,43489,1,,2019-01-23 12:49:18
6617,,,,,,,,,,,,positive,140715,43490,1,,2019-01-23 12:49:18
6618,,,,,,,,,coccus-shaped,0.0,,positive,140716,43491,1,,2019-01-23 12:49:18
6619,2-3.1,2.0,3.1,µm,0.6-0.8,0.6,0.8,µm,rod-shaped,0.0,,negative,140717,43488,1,,2019-01-23 12:49:18
6620,1.8-2.0,1.8,2.0,µm,0.3-0.5,0.3,0.5,µm,rod-shaped,0.0,,negative,140718,43492,1,,2019-01-23 12:49:18
6621,,,,,,,,,rod-shaped,0.0,,positive,140403,43493,1,,2019-01-23 12:49:18
6622,,,,,0.5-1,0.5,1.0,µm,coccus-shaped,0.0,,positive,140411,43494,1,,2019-01-23 12:49:18
6623,15-50,15.0,50.0,µm,0.1-0.2,0.1,0.2,µm,helical-shaped,1.0,,negative,140412,43495,1,,2019-01-23 12:49:18
6624,6-7,6.0,7.0,µm,0.2-0.3,0.2,0.3,µm,helical-shaped,1.0,,negative,14319,43495,1,,2019-01-23 12:49:18
6625,0.8-1.5,0.8,1.5,µm,0.5-0.6,0.5,0.6,µm,rod-shaped,0.0,,negative,14319,43496,1,,2019-01-23 12:49:18
6626,2.2-3,2.2,3.0,µm,,,,,sphere-shaped,0.0,,,140719,43497,1,,2019-01-23 12:49:18
6627,1.4,1.4,1.4,µm,0.4,0.4,0.4,µm,rod-shaped,,,negative,140720,43498,1,,2019-01-23 12:49:18
6628,1.5-2.1,1.5,2.1,µm,0.5-0.6,0.5,0.6,µm,rod-shaped,1.0,peritrichous,negative,140721,43499,1,,2019-01-23 12:49:18
6629,1.2-2.5,1.2,2.5,µm,0.5-0.6,0.5,0.6,µm,rod-shaped,1.0,polar,negative,140722,43500,1,,2019-01-23 12:49:18
6630,0.6-1,0.6,1.0,µm,0.3-0.5,0.3,0.5,µm,rod-shaped,,,,140723,43501,1,,2019-01-23 12:49:18
6631,0.8-1.3,0.8,1.3,µm,0.2-0.3,0.2,0.3,µm,rod-shaped,1.0,"monotrichous, polar",negative,140724,43502,1,,2019-01-23 12:49:18
6632,1-3,1.0,3.0,µm,1-1.5,1.0,1.5,µm,rod-shaped,1.0,polar,negative,140725,43503,1,,2019-01-23 12:49:18
6633,2.0-2.2,2.0,2.2,µm,0.8-1,0.8,1.0,µm,rod-shaped,1.0,polar,negative,140726,43503,1,,2019-01-23 12:49:18
6634,1.3-2.3,1.3,2.3,µm,0.6-0.8,0.6,0.8,µm,rod-shaped,1.0,polar,negative,140727,43504,1,,2019-01-23 12:49:18
6635,1.7,1.7,1.7,µm,0.6,0.6,0.6,µm,rod-shaped,0.0,,negative,140420,43505,1,,2019-01-23 12:49:18
6636,2-4.5,2.0,4.5,µm,0.8-1.5,0.8,1.5,µm,rod-shaped,1.0,polar,negative,140728,43506,1,,2019-01-23 12:49:18
6637,0.3-0.5,0.3,0.5,µm,0.2-0.4,0.2,0.4,µm,rod-shaped,0.0,,negative,140729,43507,1,,2019-01-23 12:49:18
6638,1.5-12,1.5,12.0,µm,0.4-0.6,0.4,0.6,µm,rod-shaped,1.0,,negative,140422,43508,1,,2019-01-23 12:49:18
6639,1.5-2.2,1.5,2.2,µm,0.6-1.1,0.6,1.1,µm,rod-shaped,0.0,,negative,140730,43509,1,,2019-01-23 12:49:18
6640,0.6-10,0.6,10.0,µm,0.4-1,0.4,1.0,µm,rod-shaped,0.0,,negative,140731,43510,1,,2019-01-23 12:49:18
6641,1-1.5,1.0,1.5,µm,0.5-0.7,0.5,0.7,µm,rod-shaped,0.0,,negative,140732,43511,1,,2019-01-23 12:49:18
6642,2.2-2.8,2.2,2.8,µm,0.8-1.0,0.8,1.0,µm,rod-shaped,0.0,,negative,140733,43512,1,,2019-01-23 12:49:18
6643,0.5-1.5,0.5,1.5,µm,0.5-0.6,0.5,0.6,µm,coccus-shaped,1.0,,negative,140734,43513,1,,2019-01-23 12:49:18
6644,1-2.5,1.0,2.5,µm,0.5-0.8,0.5,0.8,µm,rod-shaped,1.0,,negative,140735,43513,1,,2019-01-23 12:49:18
6645,4-5,4.0,5.0,µm,1-2,1.0,2.0,µm,rod-shaped,1.0,,negative,140426,43514,1,,2019-01-23 12:49:18
6646,1.2-3.2,1.2,3.2,µm,0.5-1,0.5,1.0,µm,rod-shaped,1.0,,negative,140736,43515,1,,2019-01-23 12:49:18
6647,1-1.3,1.0,1.3,µm,0.2-0.4,0.2,0.4,µm,rod-shaped,0.0,,negative,140737,43516,1,,2019-01-23 12:49:18
6648,1.4-1.6,1.4,1.6,µm,0.5-0.7,0.5,0.7,µm,rod-shaped,0.0,,negative,140738,43517,1,,2019-01-23 12:49:18
6649,1.3-1.5,1.3,1.5,µm,0.6,0.6,0.6,µm,rod-shaped,1.0,,negative,140739,43518,1,,2019-01-23 12:49:18
6650,1.3-1.5,1.3,1.5,µm,0.6,0.6,0.6,µm,rod-shaped,1.0,,negative,140740,43518,1,,2019-01-23 12:49:18
6651,,,,,,,,,rod-shaped,1.0,polar,negative,140741,43519,1,,2019-01-23 12:49:18
6652,,,,,,,,,rod-shaped,1.0,polar,negative,140742,43519,1,,2019-01-23 12:49:18
6653,0.4-0.5,0.4,0.5,µm,,,,,coccus-shaped,0.0,,negative,140743,43520,1,,2019-01-23 12:49:18
6654,,,,,,,,,,,,positive,140744,43521,1,,2019-01-23 12:49:18
6655,1.2-1.4,1.2,1.4,µm,0.4-0.6,0.4,0.6,µm,rod-shaped,0.0,,negative,140745,43522,1,,2019-01-23 12:49:18
6656,0.7-0.8,0.7,0.8,µm,,,,,coccus-shaped,1.0,polar,negative,140746,43523,1,,2019-01-23 12:49:18
6657,2.5-8,2.5,8.0,µm,0.7,0.7,0.7,µm,rod-shaped,1.0,peritrichous,positive,140747,43524,1,,2019-01-23 12:49:18
6658,2.8-7.5,2.8,7.5,µm,0.6-1.3,0.6,1.3,µm,rod-shaped,0.0,,negative,2806,43524,1,,2019-01-23 12:49:18
6659,2-5,2.0,5.0,µm,0.5-0.6,0.5,0.6,µm,rod-shaped,1.0,,negative,2765,43524,1,,2019-01-23 12:49:18
6660,1.3-5,1.3,5.0,µm,0.5-0.8,0.5,0.8,µm,rod-shaped,1.0,,positive,2646,43524,1,,2019-01-23 12:49:18
6661,20,20.0,20.0,µm,0.2,0.2,0.2,µm,helical-shaped,1.0,,,14313,43525,1,,2019-01-23 12:49:18
6662,1.5-3,1.5,3.0,µm,0.7-1.2,0.7,1.2,µm,rod-shaped,1.0,polar,negative,140748,43526,1,,2019-01-23 12:49:18
6663,0.9-1.9,0.9,1.9,µm,0.3-0.4,0.3,0.4,µm,rod-shaped,0.0,,negative,140749,43527,1,,2019-01-23 12:49:18
6664,1.5-2,1.5,2.0,µm,0.8-1.5,0.8,1.5,µm,rod-shaped,1.0,,negative,140750,43528,1,,2019-01-23 12:49:18
6665,1.4-3,1.4,3.0,µm,0.4-0.6,0.4,0.6,nm,rod-shaped,0.0,,negative,140751,43529,1,,2019-01-23 12:49:18
6666,1.2-2.2,1.2,2.2,µm,0.5-0.8,0.5,0.8,µm,rod-shaped,1.0,gliding,negative,140752,43530,1,,2019-01-23 12:49:18
6667,0.9-2.5,0.9,2.5,µm,0.2-0.4,0.2,0.4,µm,rod-shaped,1.0,gliding,negative,140753,43531,1,,2019-01-23 12:49:18
6668,1.5-2,1.5,2.0,µm,0.5-0.8,0.5,0.8,µm,rod-shaped,1.0,polar,negative,140754,43532,1,,2019-01-23 12:49:18
6669,1.1-1.5,1.1,1.5,µm,0.3-0.5,0.3,0.5,µm,rod-shaped,0.0,,negative,140755,43533,1,,2019-01-23 12:49:18
6670,1.8-2.5,1.8,2.5,µm,0.6-1,0.6,1.0,µm,rod-shaped,1.0,lophotrichous,negative,140756,43534,1,,2019-01-23 12:49:18
6671,2-3,2.0,3.0,µm,0.5-0.8,0.5,0.8,µm,rod-shaped,0.0,,negative,140757,43535,1,,2019-01-23 12:49:18
6672,1.1-1.4,1.1,1.4,µm,0.3-0.6,0.3,0.6,µm,rod-shaped,,,negative,140758,43536,1,,2019-01-23 12:49:18
6673,1.3-3,1.3,3.0,µm,0.5-0.6,0.5,0.6,µm,rod-shaped,1.0,gliding,negative,140759,43537,1,,2019-01-23 12:49:18
6674,1-5.2,1.0,5.2,µm,0.3-0.5,0.3,0.5,µm,rod-shaped,0.0,,negative,140760,43538,1,,2019-01-23 12:49:18
6675,0.8-2.5,0.8,2.5,µm,0.3-0.4,0.3,0.4,µm,rod-shaped,0.0,,negative,140761,43539,1,,2019-01-23 12:49:18
6676,1.4-2.2,1.4,2.2,µm,0.3-0.5,0.3,0.5,µm,rod-shaped,1.0,"monotrichous, polar",negative,140762,43540,1,,2019-01-23 12:49:18
6677,0.9-1.8,0.9,1.8,µm,0.7-0.9,0.7,0.9,µm,rod-shaped,1.0,monotrichous,negative,140763,43541,1,,2019-01-23 12:49:18
6678,1.5-3.1,1.5,3.1,µm,0.8-1.1,0.8,1.1,µm,rod-shaped,0.0,,negative,140764,43542,1,,2019-01-23 12:49:18
6679,1.5-2,1.5,2.0,µm,0.5-0.8,0.5,0.8,µm,rod-shaped,0.0,,negative,140765,43543,1,,2019-01-23 12:49:18
6680,0.5-1,0.5,1.0,µm,,,,,coccus-shaped,1.0,peritrichous,negative,140765,43543,1,,2019-01-23 12:49:18
6681,0.5-1,0.5,1.0,µm,0.5,0.5,0.5,µm,rod-shaped,0.0,,positive,140766,43544,1,,2019-01-23 12:49:18
6682,1.3-2.4,1.3,2.4,µm,0.8-1.1,0.8,1.1,µm,rod-shaped,1.0,gliding,negative,140767,43545,1,,2019-01-23 12:49:18
6683,1.2-2.3,1.2,2.3,µm,0.4-0.6,0.4,0.6,µm,rod-shaped,1.0,peritrichous,positive,140768,43546,1,,2019-01-23 12:49:18
6684,1.2-1.9,1.2,1.9,µm,0.6-1.3,0.6,1.3,µm,rod-shaped,0.0,,negative,140769,43547,1,,2019-01-23 12:49:18
6685,0.4-1.2,0.4,1.2,µm,,,,,pleomorphic-shaped,0.0,,negative,140770,43548,1,,2019-01-23 12:49:18
6686,8-30,8.0,30.0,µm,0.5-0.6,0.5,0.6,µm,rod-shaped,0.0,,negative,140771,43549,1,,2019-01-23 12:49:18
6687,,,,,,,,,,,,positive,140772,43550,1,,2019-01-23 12:49:18
6688,0.9-1.5,0.9,1.5,µm,0.2-0.5,0.2,0.5,µm,rod-shaped,0.0,,negative,140773,43551,1,,2019-01-23 12:49:18
6689,0.4-0.6,0.4,0.6,µm,,,,,coccus-shaped,1.0,gliding,negative,140774,43552,1,,2019-01-23 12:49:18
6690,10-40,10.0,40.0,µm,0.1-0.2,0.1,0.2,µm,helical-shaped,1.0,,negative,140775,43553,1,,2019-01-23 12:49:18
6691,2.8-4.2,2.8,4.2,µm,0.3-0.4,0.3,0.4,µm,pleomorphic-shaped,1.0,"monotrichous, polar",negative,140776,43554,1,,2019-01-23 12:49:18
6692,2.5-9.2,2.5,9.2,µm,0.5-0.75,0.5,0.75,µm,rod-shaped,0.0,,negative,140777,43555,1,,2019-01-23 12:49:18
6693,,,,,,,,,pleomorphic-shaped,0.0,,negative,140778,43556,1,,2019-01-23 12:49:18
6694,1-1.2,1.0,1.2,µm,0.4-0.5,0.4,0.5,µm,rod-shaped,0.0,,positive,140779,43557,1,,2019-01-23 12:49:18
6695,1.3-2.5,1.3,2.5,µm,0.3,0.3,0.3,µm,rod-shaped,0.0,,negative,140780,43558,1,,2019-01-23 12:49:18
6696,,,,,,,,,rod-shaped,,,positive,140781,43559,1,,2019-01-23 12:49:18
6697,,,,,,,,,pleomorphic-shaped,,,,140022,43560,1,,2019-01-23 12:49:18
6698,5-15,5.0,15.0,µm,0.5,0.5,0.5,µm,rod-shaped,0.0,,negative,140782,43549,1,,2019-01-23 12:49:18
6699,0.6-0.8,0.6,0.8,µm,0.4-0.6,0.4,0.6,µm,rod-shaped,0.0,,negative,140783,43561,1,,2019-01-23 12:49:18
6700,0.9-1.3,0.9,1.3,µm,0.4-0.6,0.4,0.6,µm,rod-shaped,0.0,,positive,140784,43562,1,,2019-01-23 12:49:18
6701,0.8-3.1,0.8,3.1,µm,0.3-0.7,0.3,0.7,µm,rod-shaped,,,positive,140785,43563,1,,2019-01-23 12:49:18
6702,1.2-2.2,1.2,2.2,µm,0.4-0.5,0.4,0.5,µm,rod-shaped,0.0,,positive,140786,43564,1,,2019-01-23 12:49:18
6703,1.2-1.5,1.2,1.5,µm,,,,,coccus-shaped,,,positive,140787,43565,1,,2019-01-23 12:49:18
6704,1.9,1.9,1.9,µm,0.6,0.6,0.6,µm,rod-shaped,1.0,,negative,140788,43566,1,,2019-01-23 12:49:18
6705,1-3,1.0,3.0,µm,0.3,0.3,0.3,µm,rod-shaped,,,positive,140789,43567,1,,2019-01-23 12:49:18
6706,1.1-1.3,1.1,1.3,µm,,,,,coccus-shaped,0.0,,negative,140791,43569,1,,2019-01-23 12:49:18
6707,0.6-1.8,0.6,1.8,µm,0.4-0.5,0.4,0.5,µm,rod-shaped,0.0,,negative,140792,43570,1,,2019-01-23 12:49:18
6708,1.5,1.5,1.5,µm,0.76,0.76,0.76,µm,rod-shaped,0.0,,negative,140793,43571,1,,2019-01-23 12:49:18
6709,0.6-1,0.6,1.0,µm,0.3-0.4,0.3,0.4,µm,rod-shaped,0.0,,negative,140794,43572,1,,2019-01-23 12:49:18
6710,0.8-2,0.8,2.0,µm,0.5-0.8,0.5,0.8,µm,rod-shaped,0.0,,negative,140795,43573,1,,2019-01-23 12:49:18
6711,0.89-1.63,0.89,1.63,µm,0.25-0.47,0.25,0.47,µm,rod-shaped,0.0,,negative,140796,43574,1,,2019-01-23 12:49:18
6712,1-2.1,1.0,2.1,µm,0.5-0.6,0.5,0.6,µm,rod-shaped,1.0,"monotrichous, polar",negative,140797,43575,1,,2019-01-23 12:49:18
6713,0.9-1.8,0.9,1.8,µm,0.3-0.5,0.3,0.5,µm,rod-shaped,1.0,"monotrichous, polar",negative,132628,43576,1,,2019-01-23 12:49:18
6714,8-25,8.0,25.0,µm,0.18-0.3,0.18,0.3,µm,rod-shaped,1.0,gliding,negative,140798,43577,1,,2019-01-23 12:49:18
6715,1.5-2,1.5,2.0,µm,0.4-0.5,0.4,0.5,µm,rod-shaped,1.0,gliding,negative,140799,43578,1,,2019-01-23 12:49:18
6716,1-1.5,1.0,1.5,µm,0.3-0.5,0.3,0.5,µm,rod-shaped,1.0,,negative,6089,43579,1,,2019-01-23 12:49:18
6717,1.3-2,1.3,2.0,µm,0.6-0.7,0.6,0.7,µm,rod-shaped,0.0,,negative,132582,43580,1,,2019-01-23 12:49:18
6718,0.5-0.6,0.5,0.6,µm,,,,,coccus-shaped,0.0,,negative,140800,43581,1,,2019-01-23 12:49:18
6719,0.5-0.6,0.5,0.6,µm,,,,,coccus-shaped,0.0,,negative,140168,43581,1,,2019-01-23 12:49:18
6720,1.2-1.5,1.2,1.5,µm,0.6-0.8,0.6,0.8,µm,rod-shaped,1.0,monotrichous,negative,140803,43583,1,,2019-01-23 12:49:18
6721,1.2-1.8,1.2,1.8,µm,0.9-1,0.9,1.0,µm,rod-shaped,0.0,,negative,132989,43584,1,,2019-01-23 12:49:18
6722,,,,,,,,,rod-shaped,1.0,,negative,132585,43585,1,,2019-01-23 12:49:18
6723,0.7-1.2,0.7,1.2,µm,0.4-0.5,0.4,0.5,µm,rod-shaped,,,,2068,43586,1,,2019-01-23 12:49:18
6724,0.9-2.9,0.9,2.9,µm,0.4-0.5,0.4,0.5,µm,rod-shaped,,,,2071,43586,1,,2019-01-23 12:49:18
6725,0.5-1.5,0.5,1.5,µm,0.3-0.5,0.3,0.5,µm,rod-shaped,,,,2070,43586,1,,2019-01-23 12:49:18
6726,0.6-1.4,0.6,1.4,µm,0.4-0.5,0.4,0.5,µm,rod-shaped,,,,2069,43586,1,,2019-01-23 12:49:18
6727,1.8-2.8,1.8,2.8,µm,0.5-0.7,0.5,0.7,µm,spiral-shaped,1.0,,negative,140804,43587,1,,2019-01-23 12:49:18
6728,1.13-1.16,1.13,1.16,µm,0.39-0.45,0.39,0.45,µm,rod-shaped,1.0,,negative,140805,43588,1,,2019-01-23 12:49:18
6729,0.8-1.5,0.8,1.5,µm,0.4-0.6,0.4,0.6,µm,rod-shaped,1.0,,negative,132991,43589,1,,2019-01-23 12:49:18
6730,2.1-4,2.1,4.0,µm,0.5-0.7,0.5,0.7,µm,rod-shaped,1.0,,negative,140806,43590,1,,2019-01-23 12:49:18
6731,0.4-1.5,0.4,1.5,µm,0.4-0.7,0.4,0.7,µm,pleomorphic-shaped,0.0,,negative,140807,43591,1,,2019-01-23 12:49:18
6732,1.1-3.9,1.1,3.9,µm,0.5-0.9,0.5,0.9,µm,rod-shaped,1.0,,negative,140808,43592,1,,2019-01-23 12:49:18
6733,2,2.0,2.0,µm,0.9,0.9,0.9,µm,oval-shaped,0.0,,negative,139573,43593,1,,2019-01-23 12:49:18
6734,,,,,,,,,,0.0,,negative,132595,43594,1,,2019-01-23 12:49:18
6735,,,,,,,,,rod-shaped,,,negative,140809,43595,1,,2019-01-23 12:49:18
6736,1.5-1.8,1.5,1.8,µm,0.5-0.8,0.5,0.8,µm,rod-shaped,1.0,"monotrichous, polar",negative,132992,43596,1,,2019-01-23 12:49:18
6737,2.4-2.5,2.4,2.5,µm,0.5-0.6,0.5,0.6,µm,rod-shaped,0.0,,negative,140810,43597,1,,2019-01-23 12:49:18
6738,1.5-2.5,1.5,2.5,µm,0.7-0.8,0.7,0.8,µm,rod-shaped,0.0,,negative,132596,43598,1,,2019-01-23 12:49:18
6739,1.3-1.9,1.3,1.9,µm,0.25-0.55,0.25,0.55,µm,rod-shaped,0.0,,negative,140811,43599,1,,2019-01-23 12:49:18
6740,,,,,,,,,rod-shaped,1.0,,negative,140812,43600,1,,2019-01-23 12:49:18
6741,,,,,,,,,rod-shaped,1.0,,negative,140813,43600,1,,2019-01-23 12:49:18
6742,1.8-2,1.8,2.0,µm,0.7-0.8,0.7,0.8,µm,rod-shaped,1.0,lophotrichous,negative,140814,43601,1,,2019-01-23 12:49:18
6743,,,,,,,,,,0.0,,positive,132566,43602,1,,2019-01-23 12:49:18
6744,0.58-0.63,0.58,0.63,µm,0.42-0.58,0.42,0.58,µm,rod-shaped,0.0,,negative,140815,43603,1,,2019-01-23 12:49:18
6745,1.5-2.5,1.5,2.5,µm,0.2-0.3,0.2,0.3,µm,rod-shaped,0.0,gliding,negative,140816,43604,1,,2019-01-23 12:49:18
6746,1.5-2.5,1.5,2.5,µm,0.8-1.3,0.8,1.3,µm,rod-shaped,1.0,,positive,132573,43605,1,,2019-01-23 12:49:18
6747,3.5-7,3.5,7.0,µm,0.6-0.7,0.6,0.7,µm,rod-shaped,0.0,,positive,132575,43606,1,,2019-01-23 12:49:18
6748,1.9-2.1,1.9,2.1,µm,0.3-0.7,0.3,0.7,µm,rod-shaped,0.0,,negative,140817,43607,1,,2019-01-23 12:49:18
6749,1-1.4,1.0,1.4,µm,0.5-0.9,0.5,0.9,µm,rod-shaped,1.0,lophotrichous,negative,140818,43608,1,,2019-01-23 12:49:18
6750,0.8-1.2,0.8,1.2,µm,0.4-0.5,0.4,0.5,µm,rod-shaped,0.0,,positive,140819,43609,1,,2019-01-23 12:49:18
6751,2.2-3.5,2.2,3.5,µm,0.4,0.4,0.4,µm,rod-shaped,0.0,,negative,140820,43610,1,,2019-01-23 12:49:18
6752,2-4,2.0,4.0,µm,0.4-0.6,0.4,0.6,µm,rod-shaped,0.0,,negative,140821,43611,1,,2019-01-23 12:49:18
6753,1-2,1.0,2.0,µm,0.7-1,0.7,1.0,µm,coccus-shaped,0.0,,negative,140822,43612,1,,2019-01-23 12:49:18
6754,2-6,2.0,6.0,µm,0.5,0.5,0.5,µm,rod-shaped,0.0,,negative,132984,43613,1,,2019-01-23 12:49:18
6755,1.2,1.2,1.2,µm,0.6,0.6,0.6,µm,rod-shaped,0.0,,negative,140166,43614,1,,2019-01-23 12:49:18
6756,0.9-1.2,0.9,1.2,µm,0.5-0.8,0.5,0.8,µm,rod-shaped,0.0,,negative,140823,43615,1,,2019-01-23 12:49:18
6757,2-3,2.0,3.0,µm,0.8-1,0.8,1.0,µm,rod-shaped,0.0,,positive,132572,43616,1,,2019-01-23 12:49:18
6758,1.8-2.5,1.8,2.5,µm,0.5-0.7,0.5,0.7,µm,rod-shaped,1.0,,negative,140824,43617,1,,2019-01-23 12:49:18
6759,,,,,,,,,,,,positive,132265,43623,1,,2019-01-23 12:49:18
6760,0.4-1.3,0.4,1.3,µm,0.4-0.5,0.4,0.5,µm,rod-shaped,0.0,,negative,140825,43618,1,,2019-01-23 12:49:18
6761,,,,,,,,,,,,positive,132564,43619,1,,2019-01-23 12:49:18
6762,1.8-2,1.8,2.0,µm,0.71-0.77,0.71,0.77,µm,rod-shaped,,,negative,140826,43620,1,,2019-01-23 12:49:18
6763,1.8-3,1.8,3.0,µm,0.8-1.3,0.8,1.3,µm,rod-shaped,1.0,polar,negative,140827,43621,1,,2019-01-23 12:49:18
6764,1-2,1.0,2.0,µm,0.5-0.8,0.5,0.8,µm,rod-shaped,0.0,,negative,140828,43622,1,,2019-01-23 12:49:18
6765,,,,,,,,,,,,positive,132562,43623,1,,2019-01-23 12:49:18
6766,1.7-2.2,1.7,2.2,µm,0.3-0.9,0.3,0.9,µm,rod-shaped,0.0,,positive,140829,43624,1,,2019-01-23 12:49:18
6767,,,,,,,,,rod-shaped,1.0,,positive,1120,43624,1,,2019-01-23 12:49:18
6768,,,,,,,,,rod-shaped,0.0,,positive,1293,43624,1,,2019-01-23 12:49:18
6769,2,2.0,2.0,µm,1,1.0,1.0,µm,rod-shaped,0.0,,negative,139617,43625,1,,2019-01-23 12:49:18
6770,,,,,,,,,,0.0,,positive,132561,43626,1,,2019-01-23 12:49:18
6771,1.05,1.05,1.05,µm,0.4,0.4,0.4,µm,rod-shaped,1.0,polar,negative,132576,43627,1,,2019-01-23 12:49:18
6772,0.4-10,0.4,10.0,µm,0.1-0.3,0.1,0.3,µm,rod-shaped,0.0,,negative,140830,43628,1,,2019-01-23 12:49:18
6773,1.5-2,1.5,2.0,µm,0.4-0.6,0.4,0.6,µm,rod-shaped,1.0,gliding,negative,140831,43629,1,,2019-01-23 12:49:18
6774,,,,,,,,,,0.0,,positive,132532,43630,1,,2019-01-23 12:49:18
6775,0.4-2,0.4,2.0,µm,0.2-0.7,0.2,0.7,µm,rod-shaped,,,positive,132534,43631,1,,2019-01-23 12:49:18
6776,4-5.5,4.0,5.5,µm,0.5-0.7,0.5,0.7,µm,rod-shaped,0.0,,negative,140832,43632,1,,2019-01-23 12:49:18
6777,1.2-2.1,1.2,2.1,µm,0.6-0.7,0.6,0.7,µm,rod-shaped,1.0,,positive,132547,43633,1,,2019-01-23 12:49:18
6778,7.5-9,7.5,9.0,µm,3-4,3.0,4.0,µm,rod-shaped,1.0,,negative,132550,43634,1,,2019-01-23 12:49:18
6779,1.3-2.4,1.3,2.4,µm,1.3-1.5,1.3,1.5,µm,coccus-shaped,1.0,gliding,negative,140833,43635,1,,2019-01-23 12:49:18
6780,1.4-1.5,1.4,1.5,µm,0.6-0.7,0.6,0.7,µm,rod-shaped,1.0,,positive,132548,43636,1,,2019-01-23 12:49:18
6781,1-2,1.0,2.0,µm,0.5-1.5,0.5,1.5,µm,coccus-shaped,0.0,,negative,140834,43637,1,,2019-01-23 12:49:18
6782,0.6-0.8,0.6,0.8,µm,0.3-0.4,0.3,0.4,µm,pleomorphic-shaped,0.0,,negative,140835,43638,1,,2019-01-23 12:49:18
6783,4-7,4.0,7.0,µm,0.9-1,0.9,1.0,µm,rod-shaped,0.0,,negative,140836,43639,1,,2019-01-23 12:49:18
6784,2.8-3,2.8,3.0,µm,0.5-0.6,0.5,0.6,µm,rod-shaped,0.0,,negative,140837,43640,1,,2019-01-23 12:49:18
6785,1.8-3,1.8,3.0,µm,0.7-0.9,0.7,0.9,µm,rod-shaped,,,negative,140838,43641,1,,2019-01-23 12:49:18
6786,,,,,,,,,rod-shaped,0.0,,positive,132535,43642,1,,2019-01-23 12:49:18
6787,,,,,,,,,rod-shaped,0.0,,positive,140839,43643,1,,2019-01-23 12:49:18
6788,,,,,,,,,,,,positive,140840,43644,1,,2019-01-23 12:49:18
6789,,,,,,,,,,,,positive,140841,43644,1,,2019-01-23 12:49:18
6790,,,,,,,,,,,,positive,140842,43645,1,,2019-01-23 12:49:18
6791,0.7-2.7,0.7,2.7,µm,0.7-1.25,0.7,1.25,µm,rod-shaped,1.0,peritrichous,positive,140843,43646,1,,2019-01-23 12:49:18
6792,1.8-2.2,1.8,2.2,µm,0.6-0.9,0.6,0.9,µm,rod-shaped,1.0,,negative,140844,43647,1,,2019-01-23 12:49:18
6793,0.4-1.3,0.4,1.3,µm,0.5-0.7,0.5,0.7,µm,coccus-shaped,0.0,,negative,132528,43648,1,,2019-01-23 12:49:18
6794,,,,,1-1.5,1.0,1.5,µm,coccus-shaped,0.0,,positive,132512,43649,1,,2019-01-23 12:49:18
6795,1.5-2,1.5,2.0,µm,1,1.0,1.0,µm,rod-shaped,1.0,monotrichous,negative,140845,43650,1,,2019-01-23 12:49:18
6796,1.3-15,1.3,15.0,µm,0.4-0.8,0.4,0.8,µm,rod-shaped,0.0,,negative,132517,43651,1,,2019-01-23 12:49:18
6797,1.1-1.7,1.1,1.7,µm,0.4-0.5,0.4,0.5,µm,rod-shaped,1.0,"monotrichous, polar",negative,140846,43652,1,,2019-01-23 12:49:18
6798,1.2-3,1.2,3.0,µm,0.3,0.3,0.3,µm,spiral-shaped,1.0,lophotrichous,,132529,43653,1,,2019-01-23 12:49:18
6799,2.5-4,2.5,4.0,µm,0.3-0.4,0.3,0.4,µm,spiral-shaped,1.0,lophotrichous,,132530,43653,1,,2019-01-23 12:49:18
6800,2-4,2.0,4.0,µm,0.3,0.3,0.3,µm,spiral-shaped,1.0,lophotrichous,,132531,43653,1,,2019-01-23 12:49:18
6801,0.8-1.4,0.8,1.4,µm,0.3-0.4,0.3,0.4,µm,rod-shaped,0.0,,positive,132514,43654,1,,2019-01-23 12:49:18
6802,1-2,1.0,2.0,µm,0.3-0.4,0.3,0.4,µm,rod-shaped,0.0,,positive,132515,43654,1,,2019-01-23 12:49:18
6803,1.2-1.8,1.2,1.8,µm,0.5-0.7,0.5,0.7,µm,rod-shaped,0.0,,negative,140847,43655,1,,2019-01-23 12:49:18
6804,,,,,,,,,rod-shaped,0.0,,positive,140848,43656,1,,2019-01-23 12:49:18
6805,1.7-2.6,1.7,2.6,µm,0.7,0.7,0.7,µm,rod-shaped,0.0,,positive,132516,43657,1,,2019-01-23 12:49:18
6806,0.7-0.9,0.7,0.9,µm,,,,,coccus-shaped,0.0,,positive,140849,43658,1,,2019-01-23 12:49:18
6807,2.4-3.3,2.4,3.3,µm,0.9-1.5,0.9,1.5,µm,rod-shaped,1.0,peritrichous,positive,140850,43659,1,,2019-01-23 12:49:18
6808,1-5.3,1.0,5.3,µm,1-2,1.0,2.0,µm,coccus-shaped,,,positive,132525,43660,1,,2019-01-23 12:49:18
6809,,,,,,,,,rod-shaped,,,positive,132519,43661,1,,2019-01-23 12:49:18
6810,,,,,,,,,rod-shaped,1.0,"monotrichous, polar",negative,140851,43662,1,,2019-01-23 12:49:18
6811,1-1.5,1.0,1.5,µm,0.7-0.9,0.7,0.9,µm,rod-shaped,0.0,,negative,140852,43663,1,,2019-01-23 12:49:18
6812,,,,,,,,,,,,positive,140853,43664,1,,2019-01-23 12:49:18
6813,1.4-2.8,1.4,2.8,µm,0.4-1.1,0.4,1.1,µm,,0.0,,negative,140854,43665,1,,2019-01-23 12:49:18
6814,,,,,,,,,coccus-shaped,,,negative,139534,43666,1,,2019-01-23 12:49:18
6815,,,,,,,,,coccus-shaped,,,negative,139490,43666,1,,2019-01-23 12:49:18
6816,,,,,,,,,coccus-shaped,,,negative,139492,43666,1,,2019-01-23 12:49:18
6817,,,,,,,,,coccus-shaped,,,negative,139427,43666,1,,2019-01-23 12:49:18
6818,,,,,,,,,coccus-shaped,,,negative,139493,43666,1,,2019-01-23 12:49:18
6819,0.5-1,0.5,1.0,µm,0.5-0.7,0.5,0.7,µm,rod-shaped,0.0,,positive,140855,43667,1,,2019-01-23 12:49:18
6820,1.2-1.6,1.2,1.6,µm,0.5-0.7,0.5,0.7,µm,rod-shaped,1.0,"monotrichous, polar",negative,140856,43668,1,,2019-01-23 12:49:18
6821,1-2,1.0,2.0,µm,0.5-0.6,0.5,0.6,µm,rod-shaped,1.0,,negative,132490,43669,1,,2019-01-23 12:49:18
6822,0.92,0.92,0.92,µm,0.47,0.47,0.47,µm,rod-shaped,0.0,,negative,132488,43670,1,,2019-01-23 12:49:18
6823,0.8-0.9,0.8,0.9,µm,0.4-0.5,0.4,0.5,µm,rod-shaped,0.0,,negative,140857,43671,1,,2019-01-23 12:49:18
6824,0.5-1.5,0.5,1.5,µm,0.3-0.7,0.3,0.7,µm,rod-shaped,0.0,,negative,132486,43672,1,,2019-01-23 12:49:18
6825,1-4.7,1.0,4.7,µm,0.4-0.5,0.4,0.5,µm,rod-shaped,1.0,gliding,negative,140858,43673,1,,2019-01-23 12:49:18
6826,,,,,,,,,,0.0,,positive,132477,43674,1,,2019-01-23 12:49:18
6827,0.7-2.5,0.7,2.5,µm,0.4-0.6,0.4,0.6,µm,rod-shaped,0.0,,positive,132479,43675,1,,2019-01-23 12:49:18
6828,,,,,,,,,rod-shaped,0.0,,negative,132485,43676,1,,2019-01-23 12:49:18
6829,1.7-4,1.7,4.0,µm,0.2-0.4,0.2,0.4,µm,rod-shaped,1.0,gliding,negative,140859,43677,1,,2019-01-23 12:49:18
6830,0.7-8,0.7,8.0,µm,0.4-0.8,0.4,0.8,µm,rod-shaped,1.0,"monotrichous, polar",negative,140860,43678,1,,2019-01-23 12:49:18
6831,1.2-3.9,1.2,3.9,µm,0.5-0.9,0.5,0.9,µm,rod-shaped,1.0,,negative,140861,43679,1,,2019-01-23 12:49:18
6832,2-4,2.0,4.0,µm,0.3-0.5,0.3,0.5,µm,rod-shaped,0.0,,negative,140862,43680,1,,2019-01-23 12:49:18
6833,0.5-0.8,0.5,0.8,µm,0.5-0.6,0.5,0.6,µm,ovoid-shaped,0.0,,negative,140862,43680,1,,2019-01-23 12:49:18
6834,2.7-3.2,2.7,3.2,µm,0.5-0.8,0.5,0.8,µm,rod-shaped,,,negative,140863,43681,1,,2019-01-23 12:49:18
6835,1.25-2.3,1.25,2.3,µm,0.65-0.75,0.65,0.75,µm,rod-shaped,0.0,,negative,132970,43682,1,,2019-01-23 12:49:18
6836,6-15,6.0,15.0,µm,0.2-0.5,0.2,0.5,µm,filament-shaped,1.0,,negative,140864,43683,1,,2019-01-23 12:49:18
6837,,,,,,,,,pleomorphic-shaped,,,positive,132481,43684,1,,2019-01-23 12:49:18
6838,1.5-2-5,1.5,5.0,µm,0.9-1.5,0.9,1.5,µm,rod-shaped,0.0,,positive,132482,43685,1,,2019-01-23 12:49:18
6839,0.6-0.8,0.6,0.8,µm,,,,,coccus-shaped,0.0,,positive,140865,43686,1,,2019-01-23 12:49:18
6840,3.3-4.8,3.3,4.8,µm,0.9-1,0.9,1.0,µm,rod-shaped,1.0,peritrichous,variable,140866,43687,1,,2019-01-23 12:49:18
6841,1-1.2,1.0,1.2,µm,0.6-1,0.6,1.0,µm,rod-shaped,0.0,,negative,140146,43688,1,,2019-01-23 12:49:18
6842,0.7-1.3,0.7,1.3,µm,0.5-0.8,0.5,0.8,µm,coccus-shaped,0.0,,negative,139044,43689,1,,2019-01-23 12:49:18
6843,1-1.5,1.0,1.5,µm,0.2-0.3,0.2,0.3,µm,rod-shaped,1.0,"monotrichous, polar",negative,140867,43690,1,,2019-01-23 12:49:18
6844,,,,,,,,,,0.0,,positive,140868,43691,1,,2019-01-23 12:49:18
6845,0.45-0.1,0.45,0.1,µm,0.83-0.08,0.83,0.08,µm,rod-shaped,0.0,,negative,132487,43692,1,,2019-01-23 12:49:18
6846,1.2-1.4,1.2,1.4,µm,0.6-0.7,0.6,0.7,µm,rod-shaped,0.0,,negative,140869,43693,1,,2019-01-23 12:49:18
6847,1.5-4,1.5,4.0,µm,0.3-0.5,0.3,0.5,µm,helical-shaped,1.0,"monotrichous, polar",negative,140870,43694,1,,2019-01-23 12:49:18
6848,0.4-1,0.4,1.0,µm,,,,,coccus-shaped,0.0,,positive,132480,43695,1,,2019-01-23 12:49:18
6849,1.8-2.2,1.8,2.2,µm,0.9-1.1,0.9,1.1,µm,rod-shaped,0.0,,negative,140871,43696,1,,2019-01-23 12:49:18
6850,1.43-3.5,1.43,3.5,µm,0.57-0.75,0.57,0.75,µm,rod-shaped,1.0,peritrichous,positive,140872,43697,1,,2019-01-23 12:49:18
6851,,,,,,,,,rod-shaped,1.0,,negative,17779,43698,1,,2019-01-23 12:49:18
6852,,,,,,,,,rod-shaped,0.0,,negative,17777,43698,1,,2019-01-23 12:49:18
6853,,,,,,,,,rod-shaped,1.0,,negative,17778,43698,1,,2019-01-23 12:49:18
6854,1-2,1.0,2.0,µm,1,1.0,1.0,µm,rod-shaped,1.0,,negative,140873,43699,1,,2019-01-23 12:49:18
6855,1.5-2.5,1.5,2.5,µm,0.4-0.6,0.4,0.6,µm,rod-shaped,,,negative,130972,43700,1,,2019-01-23 12:49:18
6856,2,2.0,2.0,µm,0.3,0.3,0.3,µm,rod-shaped,0.0,,negative,140874,43701,1,,2019-01-23 12:49:18
6857,1-1.7,1.0,1.7,µm,0.3-0.4,0.3,0.4,µm,rod-shaped,0.0,,negative,140875,43702,1,,2019-01-23 12:49:18
6858,,,,,,,,,,0.0,,positive,140876,43703,1,,2019-01-23 12:49:18
6859,3.2-3.5,3.2,3.5,µm,1.3-1.7,1.3,1.7,µm,spiral-shaped,1.0,"monotrichous, polar",negative,140877,43704,1,,2019-01-23 12:49:18
6860,2-2.2,2.0,2.2,µm,0.7-0.8,0.7,0.8,µm,rod-shaped,1.0,,positive,140878,43705,1,,2019-01-23 12:49:18
6861,1.8-2,1.8,2.0,µm,0.5-0.6,0.5,0.6,µm,rod-shaped,1.0,,positive,140879,43705,1,,2019-01-23 12:49:18
6862,,,,,,,,,,0.0,,positive,16526,43691,1,,2019-01-23 12:49:18
6863,,,,,,,,,,0.0,,positive,140880,43691,1,,2019-01-23 12:49:18
6864,1.4-3.7,1.4,3.7,µm,0.64-0.81,0.64,0.81,µm,rod-shaped,1.0,peritrichous,positive,140881,43706,1,,2019-01-23 12:49:18
6865,0.4-20,0.4,20.0,µm,0.4-0.8,0.4,0.8,µm,rod-shaped,0.0,,negative,140882,43707,1,,2019-01-23 12:49:18
6866,0.8-5,0.8,5.0,µm,0.8-1,0.8,1.0,µm,rod-shaped,0.0,,negative,140883,43707,1,,2019-01-23 12:49:18
6867,1-2,1.0,2.0,µm,0.5-1,0.5,1.0,µm,rod-shaped,0.0,,positive,140884,43708,1,,2019-01-23 12:49:18
6868,,,,,,,,,rod-shaped,0.0,,positive,132454,43709,1,,2019-01-23 12:49:18
6869,20,20.0,20.0,µm,0.2,0.2,0.2,µm,helical-shaped,1.0,,,14311,43710,1,,2019-01-23 12:49:18
6870,20,20.0,20.0,µm,0.2,0.2,0.2,µm,helical-shaped,1.0,,,14310,43710,1,,2019-01-23 12:49:18
6871,1-2,1.0,2.0,µm,0.3-0.4,0.3,0.4,µm,rod-shaped,1.0,,negative,140885,43711,1,,2019-01-23 12:49:18
6872,1.5-2,1.5,2.0,µm,0.5-0.7,0.5,0.7,µm,rod-shaped,0.0,,negative,132457,43712,1,,2019-01-23 12:49:18
6873,,,,,,,,,vibrio-shaped,1.0,,,132452,43713,1,,2019-01-23 12:49:18
6874,0.4-1.5,0.4,1.5,µm,,,,,ovoid-shaped,,,negative,132468,43714,1,,2019-01-23 12:49:18
6875,1-3,1.0,3.0,µm,0.5-1.3,0.5,1.3,µm,rod-shaped,1.0,,negative,140886,43715,1,,2019-01-23 12:49:18
6876,0.9-8.8,0.9,8.8,µm,0.7-1,0.7,1.0,µm,rod-shaped,,,negative,140144,43716,1,,2019-01-23 12:49:18
6877,0.8-1,0.8,1.0,µm,0.3-0.4,0.3,0.4,nm,rod-shaped,1.0,,negative,140887,43717,1,,2019-01-23 12:49:18
6878,1-5,1.0,5.0,µm,0.2-1,0.2,1.0,µm,rod-shaped,0.0,,negative,140888,43718,1,,2019-01-23 12:49:18
6879,1.2-1.6,1.2,1.6,µm,0.4-0.8,0.4,0.8,µm,rod-shaped,1.0,gliding,negative,140889,43719,1,,2019-01-23 12:49:18
6880,1.2-2.4,1.2,2.4,µm,0.32-0.74,0.32,0.74,µm,rod-shaped,1.0,peritrichous,negative,132465,43720,1,,2019-01-23 12:49:18
6881,0.8-1.3,0.8,1.3,µm,,,,,coccus-shaped,1.0,,positive,140890,43721,1,,2019-01-23 12:49:18
6882,0.48-0.62,0.48,0.62,µm,0.32-0.39,0.32,0.39,µm,coccus-shaped,,,negative,132456,43722,1,,2019-01-23 12:49:18
6883,1.4-4.1,1.4,4.1,µm,0.4-0.7,0.4,0.7,µm,rod-shaped,1.0,gliding,negative,140891,43723,1,,2019-01-23 12:49:18
6884,1-1,1.0,1.0,µm,0.4-0.6,0.4,0.6,µm,rod-shaped,0.0,,negative,140892,43724,1,,2019-01-23 12:49:18
6885,1.5-2,1.5,2.0,µm,0.4-0.5,0.4,0.5,µm,rod-shaped,1.0,,negative,140893,43725,1,,2019-01-23 12:49:18
6886,1.8-2.8,1.8,2.8,mm,0.9-1.2,0.9,1.2,µm,rod-shaped,1.0,,negative,140894,43726,1,,2019-01-23 12:49:18
6887,0.7-1.1,0.7,1.1,µm,,,,,coccus-shaped,0.0,,positive,132434,43727,1,,2019-01-23 12:49:18
6888,1.9-2.4,1.9,2.4,µm,0.7-1,0.7,1.0,µm,rod-shaped,1.0,,negative,140895,43728,1,,2019-01-23 12:49:18
6889,3-3.7,3.0,3.7,µm,0.6-0.7,0.6,0.7,µm,rod-shaped,0.0,,negative,140896,43729,1,,2019-01-23 12:49:18
6890,1-2,1.0,2.0,µm,,,,,coccus-shaped,0.0,,,132429,43730,1,,2019-01-23 12:49:18
6891,2-4,2.0,4.0,µm,0.2-0.4,0.2,0.4,µm,rod-shaped,1.0,peritrichous,positive,132450,43731,1,,2019-01-23 12:49:18
6892,1.5-2.5,1.5,2.5,µm,0.5-1.2,0.5,1.2,µm,rod-shaped,0.0,,negative,140897,43732,1,,2019-01-23 12:49:18
6893,0.8-1.2,0.8,1.2,µm,,,,,coccus-shaped,,,positive,132455,43733,1,,2019-01-23 12:49:18
6894,1.5,1.5,1.5,µm,,,,,coccus-shaped,0.0,,positive,132446,43734,1,,2019-01-23 12:49:18
6895,1.4-2.2,1.4,2.2,µm,0.7-1.17,0.7,1.17,µm,rod-shaped,0.0,,negative,140898,43735,1,,2019-01-23 12:49:18
6896,0.8-2,0.8,2.0,µm,0.3-0.5,0.3,0.5,µm,rod-shaped,1.0,,negative,140899,43736,1,,2019-01-23 12:49:18
6897,1.5-2,1.5,2.0,µm,0.8-0.9,0.8,0.9,µm,rod-shaped,1.0,,positive,132449,43737,1,,2019-01-23 12:49:18
6898,1.8-6.9,1.8,6.9,µm,0.6-1.2,0.6,1.2,µm,rod-shaped,1.0,peritrichous,positive,132451,43738,1,,2019-01-23 12:49:18
6899,1.5-3,1.5,3.0,µm,0.4-0.6,0.4,0.6,µm,rod-shaped,1.0,peritrichous,positive,140900,43739,1,,2019-01-23 12:49:18
6900,2-4,2.0,4.0,µm,0.5-0.9,0.5,0.9,µm,rod-shaped,1.0,,positive,140901,43740,1,,2019-01-23 12:49:18
6901,0.9-3.4,0.9,3.4,µm,0.7-1.2,0.7,1.2,µm,rod-shaped,,,negative,132467,43716,1,,2019-01-23 12:49:18
6902,1.1-4.4,1.1,4.4,µm,0.6-0.7,0.6,0.7,µm,rod-shaped,,,negative,140143,43716,1,,2019-01-23 12:49:18
6903,1.2-2,1.2,2.0,µm,0.5-0.8,0.5,0.8,µm,rod-shaped,0.0,,positive,132430,43741,1,,2019-01-23 12:49:18
6904,,,,,,,,,coccus-shaped,0.0,,positive,132440,43742,1,,2019-01-23 12:49:18
6905,1.95-2.05,1.95,2.05,µm,0.7-0.8,0.7,0.8,µm,rod-shaped,0.0,,negative,140902,43743,1,,2019-01-23 12:49:18
6906,1.1-2.3,1.1,2.3,µm,0.4-0.6,0.4,0.6,µm,rod-shaped,0.0,,positive,132433,43744,1,,2019-01-23 12:49:18
6907,1.2-2,1.2,2.0,µm,0.3,0.3,0.3,µm,rod-shaped,0.0,,negative,140903,43745,1,,2019-01-23 12:49:18
6908,3.1,3.1,3.1,µm,0.75,0.75,0.75,µm,rod-shaped,1.0,,negative,132436,43746,1,,2019-01-23 12:49:18
6909,2.1,2.1,2.1,µm,0.75,0.75,0.75,µm,rod-shaped,1.0,,negative,132438,43746,1,,2019-01-23 12:49:18
6910,1.9-2.2,1.9,2.2,µm,0.6-0.7,0.6,0.7,nm,rod-shaped,1.0,,variable,132443,43747,1,,2019-01-23 12:49:18
6911,0.5-1.6,0.5,1.6,µm,0.5-0.6,0.5,0.6,µm,rod-shaped,0.0,,negative,140904,43748,1,,2019-01-23 12:49:18
6912,1.7-2.4,1.7,2.4,µm,1-1.2,1.0,1.2,µm,rod-shaped,1.0,,negative,140905,43749,1,,2019-01-23 12:49:18
6913,1.9-3.2,1.9,3.2,µm,0.7-0.9,0.7,0.9,µm,rod-shaped,0.0,,negative,140906,43750,1,,2019-01-23 12:49:18
6914,0.4-1.4,0.4,1.4,µm,0.4-0.6,0.4,0.6,µm,rod-shaped,0.0,,negative,132448,43751,1,,2019-01-23 12:49:18
6915,1.3-1.8,1.3,1.8,µm,0.3-0.4,0.3,0.4,µm,rod-shaped,0.0,,positive,140907,43752,1,,2019-01-23 12:49:18
6916,,,,,,,,,,,,positive,132431,43753,1,,2019-01-23 12:49:18
6917,1.5-2.5,1.5,2.5,µm,0.8,0.8,0.8,µm,rod-shaped,1.0,"monotrichous, polar",negative,140908,43754,1,,2019-01-23 12:49:18
6918,,,,,,,,,,0.0,,positive,132442,43755,1,,2019-01-23 12:49:18
6919,,,,,,,,,,0.0,,positive,140909,43756,1,,2019-01-23 12:49:18
6920,,,,,,,,,,0.0,,positive,132444,43757,1,,2019-01-23 12:49:18
6921,,,,,,,,,,0.0,,positive,132432,43758,1,,2019-01-23 12:49:18
6922,,,,,,,,,,0.0,,positive,132441,43759,1,,2019-01-23 12:49:18
6923,0.7-10,0.7,10.0,µm,0.2-0.4,0.2,0.4,µm,rod-shaped,0.0,,negative,140910,43760,1,,2019-01-23 12:49:18
6924,,,,,,,,,,,,positive,132445,43761,1,,2019-01-23 12:49:18
6925,3.6-4.4,3.6,4.4,µm,0.6-0.7,0.6,0.7,µm,rod-shaped,1.0,peritrichous,positive,140911,43762,1,,2019-01-23 12:49:18
6926,0.5-0.9,0.5,0.9,nm,,,,,coccus-shaped,1.0,monotrichous,,132428,43763,1,,2019-01-23 12:49:18
6927,1.2-1.7,1.2,1.7,µm,1.2,1.2,1.2,µm,coccus-shaped,1.0,,negative,132413,43764,1,,2019-01-23 12:49:18
6928,1-1.5,1.0,1.5,µm,0.8,0.8,0.8,µm,rod-shaped,0.0,,negative,140912,43765,1,,2019-01-23 12:49:18
6929,0.6-1,0.6,1.0,µm,,,,,rod-shaped,0.0,,positive,132380,43766,1,,2019-01-23 12:49:18
6930,0.6-0.8,0.6,0.8,µm,0.6-0.8,0.6,0.8,µm,coccus-shaped,0.0,,negative,140913,43767,1,,2019-01-23 12:49:18
6931,2.9-6,2.9,6.0,µm,1-1.3,1.0,1.3,µm,rod-shaped,1.0,gliding,negative,131429,43768,1,,2019-01-23 12:49:18
6932,3-6,3.0,6.0,µm,1-1.2,1.0,1.2,µm,rod-shaped,1.0,gliding,negative,130794,43768,1,,2019-01-23 12:49:18
6933,1.5-2.1,1.5,2.1,µm,0.3-0.4,0.3,0.4,µm,rod-shaped,1.0,"monotrichous, polar",negative,132395,43769,1,,2019-01-23 12:49:18
6934,1.5-3.5,1.5,3.5,µm,0.6-0.8,0.6,0.8,µm,rod-shaped,1.0,peritrichous,negative,132966,43770,1,,2019-01-23 12:49:18
6935,,,,,,,,,rod-shaped,1.0,,negative,140914,43771,1,,2019-01-23 12:49:18
6936,1-6,1.0,6.0,µm,0.3-0.8,0.3,0.8,µm,rod-shaped,1.0,polar,positive,140140,43772,1,,2019-01-23 12:49:18
6937,3,3.0,3.0,µm,1,1.0,1.0,µm,rod-shaped,0.0,,positive,132382,43773,1,,2019-01-23 12:49:18
6938,1.2-1.8,1.2,1.8,µm,0.6-0.9,0.6,0.9,µm,rod-shaped,1.0,monotrichous,positive,132385,43774,1,,2019-01-23 12:49:18
6939,1.5-6,1.5,6.0,µm,0.5-0.7,0.5,0.7,µm,rod-shaped,1.0,peritrichous,positive,132157,43775,1,,2019-01-23 12:49:18
6940,2-3.5,2.0,3.5,µm,0.8-1,0.8,1.0,µm,rod-shaped,1.0,,variable,132387,43776,1,,2019-01-23 12:49:18
6941,1.5-2.6,1.5,2.6,µm,0.5-0.7,0.5,0.7,µm,rod-shaped,1.0,peritrichous,positive,132383,43777,1,,2019-01-23 12:49:18
6942,2.5-6,2.5,6.0,µm,0.5-1,0.5,1.0,µm,rod-shaped,0.0,,positive,132388,43778,1,,2019-01-23 12:49:18
6943,1.7-9.4,1.7,9.4,µm,0.6-0.9,0.6,0.9,µm,rod-shaped,1.0,peritrichous,positive,5434,43779,1,,2019-01-23 12:49:18
6944,10-17,10.0,17.0,µm,1.3-1.6,1.3,1.6,µm,rod-shaped,0.0,,,5445,43779,1,,2019-01-23 12:49:18
6945,0.9-1.7,0.9,1.7,µm,0.3-0.5,0.3,0.5,µm,rod-shaped,0.0,,positive,132376,43780,1,,2019-01-23 12:49:18
6946,0.6-0.7,0.6,0.7,µm,,,,,coccus-shaped,0.0,,negative,140915,43781,1,,2019-01-23 12:49:18
6947,0.3-2,0.3,2.0,µm,0.2-0.4,0.2,0.4,µm,rod-shaped,0.0,,negative,140916,43782,1,,2019-01-23 12:49:18
6948,5-10,5.0,10.0,µm,0.8-1,0.8,1.0,µm,rod-shaped,1.0,,,132391,43783,1,,2019-01-23 12:49:18
6949,1.2-2,1.2,2.0,µm,0.5-0.8,0.5,0.8,µm,rod-shaped,1.0,,negative,140917,43784,1,,2019-01-23 12:49:18
6950,2.5-3.5,2.5,3.5,µm,0.7-0.8,0.7,0.8,µm,rod-shaped,1.0,peritrichous,positive,132389,43785,1,,2019-01-23 12:49:18
6951,2-3,2.0,3.0,µm,0.5,0.5,0.5,µm,rod-shaped,1.0,,negative,132404,43786,1,,2019-01-23 12:49:18
6952,1.5-1.7,1.5,1.7,µm,0.8-0.9,0.8,0.9,µm,rod-shaped,1.0,,negative,140918,43787,1,,2019-01-23 12:49:18
6953,100,100.0,100.0,µm,0.3-0.4,0.3,0.4,µm,filament-shaped,0.0,,negative,140919,43788,1,,2019-01-23 12:49:18
6954,1.3-2.3,1.3,2.3,µm,0.6-0.8,0.6,0.8,µm,rod-shaped,1.0,gliding,negative,140920,43789,1,,2019-01-23 12:49:18
6955,2.9-5.1,2.9,5.1,µm,0.6-1.2,0.6,1.2,µm,rod-shaped,1.0,peritrichous,positive,132386,43790,1,,2019-01-23 12:49:18
6956,1.2-2.2,1.2,2.2,µm,0.8-1.1,0.8,1.1,µm,rod-shaped,0.0,,negative,140921,43791,1,,2019-01-23 12:49:18
6957,1.7-16,1.7,16.0,µm,0.6-1.6,0.6,1.6,µm,rod-shaped,1.0,peritrichous,positive,2613,43779,1,,2019-01-23 12:49:18
6958,2.2,2.2,2.2,µm,0.5,0.5,0.5,µm,rod-shaped,0.0,,positive,2648,43779,1,,2019-01-23 12:49:18
6959,1.1-2,1.1,2.0,µm,0.5-0.8,0.5,0.8,µm,rod-shaped,0.0,,negative,140922,43792,1,,2019-01-23 12:49:18
6960,1.3-9.2,1.3,9.2,µm,0.5-0.9,0.5,0.9,µm,rod-shaped,1.0,peritrichous,positive,2601,43779,1,,2019-01-23 12:49:18
6961,1-2,1.0,2.0,µm,0.6-0.7,0.6,0.7,µm,rod-shaped,1.0,"monotrichous, polar",negative,132414,43793,1,,2019-01-23 12:49:18
6962,0.2-0.6,0.2,0.6,µm,,,,,coccus-shaped,0.0,,positive,140923,43794,1,,2019-01-23 12:49:18
6963,1-3,1.0,3.0,µm,0.2-0.5,0.2,0.5,µm,rod-shaped,0.0,,positive,132396,43795,1,,2019-01-23 12:49:18
6964,1.4-1.9,1.4,1.9,µm,0.5,0.5,0.5,µm,rod-shaped,,,negative,140924,43796,1,,2019-01-23 12:49:18
6965,0.9-1.9,0.9,1.9,µm,0.3-0.4,0.3,0.4,µm,rod-shaped,1.0,"monotrichous, polar",negative,140925,43797,1,,2019-01-23 12:49:18
6966,2-10,2.0,10.0,µm,0.5-0.6,0.5,0.6,µm,rod-shaped,0.0,,negative,140926,43798,1,,2019-01-23 12:49:18
6967,1-1.1,1.0,1.1,µm,0.3-0.5,0.3,0.5,µm,rod-shaped,0.0,,negative,140927,43799,1,,2019-01-23 12:49:18
6968,0.2-10,0.2,10.0,µm,0.2-0.6,0.2,0.6,µm,pleomorphic-shaped,0.0,,negative,140928,43800,1,,2019-01-23 12:49:18
6969,2-2.6,2.0,2.6,µm,0.5-0.7,0.5,0.7,µm,rod-shaped,1.0,polar,negative,140929,43801,1,,2019-01-23 12:49:18
6970,,,,,,,,,,0.0,,positive,132377,43802,1,,2019-01-23 12:49:18
6971,,,,,,,,,rod-shaped,0.0,,positive,132373,43803,1,,2019-01-23 12:49:18
6972,1.3-2,1.3,2.0,µm,0.3-0.4,0.3,0.4,µm,rod-shaped,0.0,,negative,132419,43804,1,,2019-01-23 12:49:18
6973,1.6-2.8,1.6,2.8,µm,0.2-0.6,0.2,0.6,µm,rod-shaped,1.0,polar,negative,140139,43805,1,,2019-01-23 12:49:18
6974,,,,,,,,,,0.0,,positive,132378,43806,1,,2019-01-23 12:49:18
6975,,,,,,,,,,0.0,,positive,140930,43807,1,,2019-01-23 12:49:18
6976,0.8-1,0.8,1.0,µm,0.3-0.5,0.3,0.5,µm,rod-shaped,0.0,,negative,140931,43808,1,,2019-01-23 12:49:18
6977,2.7-3.2,2.7,3.2,µm,0.9-1.1,0.9,1.1,µm,rod-shaped,1.0,,variable,132384,43809,1,,2019-01-23 12:49:18
6978,3.2,3.2,3.2,µm,0.6,0.6,0.6,µm,rod-shaped,1.0,peritrichous,positive,132397,43810,1,,2019-01-23 12:49:18
6979,2.3-3.6,2.3,3.6,µm,0.4-0.6,0.4,0.6,µm,rod-shaped,1.0,,positive,132390,43811,1,,2019-01-23 12:49:18
6980,2.2-3.5,2.2,3.5,µm,0.5-0.7,0.5,0.7,µm,rod-shaped,0.0,,positive,140932,43812,1,,2019-01-23 12:49:18
6981,3.8-4.4,3.8,4.4,µm,0.8-1.3,0.8,1.3,µm,rod-shaped,1.0,peritrichous,positive,140933,43813,1,,2019-01-23 12:49:18
6982,1.5-2.5,1.5,2.5,µm,,,,,sphere-shaped,0.0,,negative,132417,43814,1,,2019-01-23 12:49:18
6983,1-1.5,1.0,1.5,µm,0.6-0.7,0.6,0.7,µm,pleomorphic-shaped,1.0,,positive,132374,43815,1,,2019-01-23 12:49:18
6984,1.8,1.8,1.8,µm,0.6,0.6,0.6,µm,rod-shaped,1.0,,positive,132375,43815,1,,2019-01-23 12:49:18
6985,0.8-1.4,0.8,1.4,µm,0.4-0.5,0.4,0.5,µm,rod-shaped,1.0,polar,positive,140934,43816,1,,2019-01-23 12:49:18
6986,,,,,,,,,rod-shaped,1.0,,negative,140936,43818,1,,2019-01-23 12:49:18
6987,0.8-1,0.8,1.0,µm,,,,,coccus-shaped,0.0,,positive,140138,43819,1,,2019-01-23 12:49:18
6988,,,,,,,,,,0.0,,positive,132965,43820,1,,2019-01-23 12:49:18
6989,,,,,,,,,,0.0,,positive,132381,43821,1,,2019-01-23 12:49:18
6990,1.5-2.8,1.5,2.8,µm,0.6-0.8,0.6,0.8,µm,rod-shaped,1.0,"monotrichous, polar",negative,140937,43822,1,,2019-01-23 12:49:18
6991,1.2-1.5,1.2,1.5,µm,0.6-0.7,0.6,0.7,µm,rod-shaped,0.0,,positive,132379,43823,1,,2019-01-23 12:49:18
6992,,,,,,,,,rod-shaped,0.0,,negative,132402,43824,1,,2019-01-23 12:49:18
6993,1.5-2,1.5,2.0,µm,0.7-1,0.7,1.0,µm,pleomorphic-shaped,0.0,,negative,132403,43825,1,,2019-01-23 12:49:18
6994,0.5-1.2,0.5,1.2,µm,,,,,coccus-shaped,1.0,"monotrichous, polar",,140938,43826,1,,2019-01-23 12:49:18
6995,2-3,2.0,3.0,µm,0.4-0.5,0.4,0.5,µm,rod-shaped,1.0,,negative,140939,43827,1,,2019-01-23 12:49:18
6996,1-1.8,1.0,1.8,µm,0.5-0.8,0.5,0.8,µm,rod-shaped,1.0,"monotrichous, polar",negative,140141,43828,1,,2019-01-23 12:49:18
6997,1-1.4,1.0,1.4,µm,0.6-1.1,0.6,1.1,µm,coccus-shaped,0.0,,negative,132354,43829,1,,2019-01-23 12:49:18
6998,1-2,1.0,2.0,µm,,,,,rod-shaped,1.0,,negative,132357,43830,1,,2019-01-23 12:49:18
6999,4.3-7.1,4.3,7.1,µm,,,,,,,,negative,140940,43831,1,,2019-01-23 12:49:18
7000,0.5-10,0.5,10.0,µm,0.2-0.5,0.2,0.5,µm,rod-shaped,0.0,,negative,140941,43832,1,,2019-01-23 12:49:18
7001,3-5.7,3.0,5.7,µm,0.5,0.5,0.5,µm,rod-shaped,0.0,,negative,140942,43833,1,,2019-01-23 12:49:18
7002,0.9-2,0.9,2.0,µm,0.4-0.7,0.4,0.7,µm,rod-shaped,0.0,,negative,140943,43834,1,,2019-01-23 12:49:18
7003,1.5-5.2,1.5,5.2,µm,0.4-0.7,0.4,0.7,µm,rod-shaped,0.0,,negative,140944,43835,1,,2019-01-23 12:49:18
7004,1.3-1.5,1.3,1.5,µm,0.9-1.1,0.9,1.1,µm,rod-shaped,1.0,,positive,132364,43836,1,,2019-01-23 12:49:18
7005,1.2-1.8,1.2,1.8,µm,0.5,0.5,0.5,µm,rod-shaped,,,negative,140945,43837,1,,2019-01-23 12:49:18
7006,2-5,2.0,5.0,µm,0.4,0.4,0.4,µm,rod-shaped,0.0,,negative,140946,43838,1,,2019-01-23 12:49:18
7007,,,,,,,,,rod-shaped,0.0,,positive,132346,43839,1,,2019-01-23 12:49:18
7008,0.5-0.8,0.5,0.8,µm,,,,,coccus-shaped,0.0,,positive,140947,43840,1,,2019-01-23 12:49:18
7009,,,,,,,,,rod-shaped,0.0,,positive,132345,43839,1,,2019-01-23 12:49:18
7010,,,,,,,,,rod-shaped,0.0,,positive,132348,43839,1,,2019-01-23 12:49:18
7011,1.0-3.0,1.0,3.0,µm,0.5-0.8,0.5,0.8,µm,rod-shaped,0.0,,negative,140948,43841,1,,2019-01-23 12:49:18
7012,1.2-1.4,1.2,1.4,µm,0.8-1.0,0.8,1.0,µm,rod-shaped,0.0,,negative,140949,43842,1,,2019-01-23 12:49:18
7013,1.0-1.6,1.0,1.6,µm,0.2-0.5,0.2,0.5,µm,rod-shaped,0.0,,positive,140342,43843,1,,2019-01-23 12:49:18
7014,0.6-1.0,0.6,1.0,µm,0.3-0.7,0.3,0.7,µm,oval-shaped,0.0,,positive,140343,43844,1,,2019-01-23 12:49:18
7015,0.9-1.5,0.9,1.5,µm,0.3-0.4,0.3,0.4,µm,rod-shaped,0.0,,positive,140344,43845,1,,2019-01-23 12:49:18
7016,0.9-1.1,0.9,1.1,µm,0.7,0.7,0.7,µm,coccus-shaped,0.0,,positive,140349,43846,1,,2019-01-23 12:49:18
7017,,,,,,,,,,,,positive,140950,43847,1,,2019-01-23 12:49:18
7018,,,,,,,,,rod-shaped,,,positive,7500,43848,1,,2019-01-23 12:49:18
7019,,,,,,,,,coccus-shaped,,,,7500,43848,1,,2019-01-23 12:49:18
7020,,,,,,,,,rod-shaped,1.0,,positive,7344,43848,1,,2019-01-23 12:49:18
7021,1.3-1.9,1.3,1.9,µm,0.3-0.8,0.3,0.8,µm,rod-shaped,0.0,,positive,140951,43849,1,,2019-01-23 12:49:18
7022,0.7-1.3,0.7,1.3,µm,0.2-0.6,0.2,0.6,µm,rod-shaped,0.0,,positive,140346,43851,1,,2019-01-23 12:49:18
7023,1.2-1.8,1.2,1.8,µm,0.8-1.0,0.8,1.0,µm,rod-shaped,0.0,,positive,140952,43852,1,,2019-01-23 12:49:18
7024,,,,,,,,,,0.0,,positive,140953,43853,1,,2019-01-23 12:49:18
7025,,,,,,,,,,0.0,,positive,140347,43854,1,,2019-01-23 12:49:18
7026,0.6-1.0,0.6,1.0,µm,0.2-0.4,0.2,0.4,µm,rod-shaped,0.0,,negative,140954,43855,1,,2019-01-23 12:49:18
7027,2.0-6.7,2.0,6.7,µm,0.2-0.4,0.2,0.4,µm,rod-shaped,0.0,,negative,140955,43856,1,,2019-01-23 12:49:18
7028,3.0-7.0,3.0,7.0,µm,0.2-0.4,0.2,0.4,µm,rod-shaped,0.0,,negative,140956,43856,1,,2019-01-23 12:49:18
7029,5.1-12.5,5.1,12.5,µm,0.9-1.2,0.9,1.2,µm,rod-shaped,0.0,,negative,140957,43857,1,,2019-01-23 12:49:18
7030,1.5-2.3,1.5,2.3,µm,0.7-0.9,0.7,0.9,µm,rod-shaped,,,negative,140958,43858,1,,2019-01-23 12:49:18
7031,1.2-3.0,1.2,3.0,µm,0.2-0.5,0.2,0.5,µm,rod-shaped,0.0,,negative,140959,43859,1,,2019-01-23 12:49:18
7032,2.8-3.3,2.8,3.3,µm,1.2-1.4,1.2,1.4,µm,rod-shaped,0.0,,positive,140960,43860,1,,2019-01-23 12:49:18
7033,3.0-4.0,3.0,4.0,µm,1.2-1.6,1.2,1.6,µm,rod-shaped,0.0,,positive,140961,43860,1,,2019-01-23 12:49:18
7034,2.2-2.6,2.2,2.6,µm,1.3-1.6,1.3,1.6,µm,rod-shaped,1.0,peritrichous,positive,140962,43860,1,,2019-01-23 12:49:18
7035,2.8-3.2,2.8,3.2,µm,1.3-1.5,1.3,1.5,µm,rod-shaped,0.0,,positive,140963,43860,1,,2019-01-23 12:49:18
7036,2.5-3.2,2.5,3.2,µm,1.2-1.6,1.2,1.6,µm,rod-shaped,1.0,peritrichous,positive,140964,43860,1,,2019-01-23 12:49:18
7037,2.2-2.5,2.2,2.5,µm,1.2-1.3,1.2,1.3,µm,rod-shaped,1.0,peritrichous,positive,140965,43860,1,,2019-01-23 12:49:18
7038,2.8-3.6,2.8,3.6,µm,1.6-1.8,1.6,1.8,µm,rod-shaped,0.0,,positive,140966,43860,1,,2019-01-23 12:49:18
7039,2.7-3.0,2.7,3.0,µm,1.0-1.5,1.0,1.5,µm,rod-shaped,0.0,,positive,140967,43860,1,,2019-01-23 12:49:18
7040,1.8-2.2,1.8,2.2,µm,0.8-1.2,0.8,1.2,µm,rod-shaped,0.0,,positive,140968,43860,1,,2019-01-23 12:49:18
7041,1.2-1.5,1.2,1.5,µm,0.7-0.9,0.7,0.9,µm,oval-shaped,1.0,,negative,140969,43861,1,,2019-01-23 12:49:18
7042,1.0-1.2,1.0,1.2,µm,0.2-0.4,0.2,0.4,µm,rod-shaped,1.0,,negative,140970,43862,1,,2019-01-23 12:49:18
7043,0.8-1.3,0.8,1.3,µm,0.3-0.4,0.3,0.4,µm,rod-shaped,0.0,,negative,140971,43863,1,,2019-01-23 12:49:18
7044,1.9-2.5,1.9,2.5,µm,1.7-1.9,1.7,1.9,µm,rod-shaped,1.0,,negative,140972,43864,1,,2019-01-23 12:49:18
7045,0.5-0.7,0.5,0.7,µm,0.3-0.5,0.3,0.5,µm,coccus-shaped,0.0,,negative,140973,43865,1,,2019-01-23 12:49:18
7046,,,,,,,,,rod-shaped,,,,140973,43865,1,,2019-01-23 12:49:18
7047,1.0-3.0,1.0,3.0,µm,0.4-0.7,0.4,0.7,µm,rod-shaped,0.0,,negative,140974,43866,1,,2019-01-23 12:49:18
7048,2.1-2.3,2.1,2.3,µm,0.4-0.5,0.4,0.5,µm,rod-shaped,1.0,polar,negative,140975,43867,1,,2019-01-23 12:49:18
7049,1.5-1.7,1.5,1.7,µm,0.4-0.5,0.4,0.5,µm,rod-shaped,1.0,polar,negative,140976,43867,1,,2019-01-23 12:49:18
7050,2.4-2.6,2.4,2.6,µm,0.3-0.5,0.3,0.5,µm,rod-shaped,1.0,peritrichous,negative,140977,43867,1,,2019-01-23 12:49:18
7051,0.6-1.0,0.6,1.0,µm,0.2-0.4,0.2,0.4,µm,rod-shaped,1.0,gliding,negative,140978,43868,1,,2019-01-23 12:49:18
7052,0.6-1.0,0.6,1.0,µm,0.3-0.4,0.3,0.4,µm,rod-shaped,1.0,gliding,negative,140979,43868,1,,2019-01-23 12:49:18
7053,1.07-1.46,1.07,1.46,µm,0.62-0.75,0.62,0.75,µm,rod-shaped,,,negative,140980,43869,1,,2019-01-23 12:49:18
7054,1.8-2.2,1.8,2.2,µm,0.4-0.5,0.4,0.5,µm,rod-shaped,1.0,polar,negative,140981,43870,1,,2019-01-23 12:49:18
7055,1.0-2.2,1.0,2.2,µm,0.5-0.9,0.5,0.9,µm,rod-shaped,1.0,,negative,140982,43871,1,,2019-01-23 12:49:18
7056,1.0-2.2,1.0,2.2,µm,0.5-0.9,0.5,0.9,µm,rod-shaped,1.0,,negative,140983,43871,1,,2019-01-23 12:49:18
7057,1.0-1.2,1.0,1.2,µm,0.6-0.8,0.6,0.8,µm,rod-shaped,0.0,,negative,140984,43872,1,,2019-01-23 12:49:18
7058,1.2-2.2,1.2,2.2,µm,0.3-0.4,0.3,0.4,µm,rod-shaped,0.0,,negative,140985,43873,1,,2019-01-23 12:49:18
7059,1.2-1.4,1.2,1.4,µm,0.3-0.7,0.3,0.7,µm,rod-shaped,1.0,polar,negative,140986,43874,1,,2019-01-23 12:49:18
7060,1.59-3.56,1.59,3.56,µm,0.5-0.96,0.5,0.96,µm,rod-shaped,1.0,,negative,140987,43875,1,,2019-01-23 12:49:18
7061,1.46-3.95,1.46,3.95,µm,0.59-1.41,0.59,1.41,µm,rod-shaped,1.0,,negative,140988,43875,1,,2019-01-23 12:49:18
7062,0.8-1.0,0.8,1.0,µm,0.4-0.6,0.4,0.6,µm,oval-shaped,0.0,,negative,140989,43876,1,,2019-01-23 12:49:18
7063,0.9-1.3,0.9,1.3,µm,0.7-0.8,0.7,0.8,µm,rod-shaped,0.0,,negative,140990,43877,1,,2019-01-23 12:49:18
7064,0.8-1.2,0.8,1.2,µm,0.5-0.6,0.5,0.6,µm,rod-shaped,0.0,,negative,140991,43878,1,,2019-01-23 12:49:18
7065,1.8,1.8,1.8,µm,0.3,0.3,0.3,µm,,1.0,polar,negative,140992,43879,1,,2019-01-23 12:49:18
7066,1.8,1.8,1.8,µm,0.4,0.4,0.4,µm,,1.0,polar,negative,140993,43879,1,,2019-01-23 12:49:18
7067,2.0-4.0,2.0,4.0,µm,0.5-0.8,0.5,0.8,µm,rod-shaped,1.0,monotrichous,negative,140994,43880,1,,2019-01-23 12:49:18
7068,0.3-10.0,0.3,10.0,µm,0.2-0.6,0.2,0.6,µm,ovoid-shaped,1.0,polar,negative,140995,43881,1,,2019-01-23 12:49:18
7069,,,,,,,,,rod-shaped,,,,140995,43881,1,,2019-01-23 12:49:18
7070,0.5-10.0,0.5,10.0,µm,0.2-0.4,0.2,0.4,µm,ovoid-shaped,0.0,,negative,140996,43882,1,,2019-01-23 12:49:18
7071,,,,,,,,,rod-shaped,,,,140996,43882,1,,2019-01-23 12:49:18
7072,0.8-1.5,0.8,1.5,µm,0.5-0.8,0.5,0.8,µm,rod-shaped,1.0,,negative,140997,43883,1,,2019-01-23 12:49:18
7073,0.3-2.0,0.3,2.0,µm,0.3-0.6,0.3,0.6,µm,coccus-shaped,0.0,,negative,140998,43884,1,,2019-01-23 12:49:18
7074,,,,,,,,,rod-shaped,,,,140998,43884,1,,2019-01-23 12:49:18
7075,,,,,,,,,ovoid-shaped,,,,140998,43884,1,,2019-01-23 12:49:18
7076,0.7-0.9,0.7,0.9,µm,0.4-0.5,0.4,0.5,µm,rod-shaped,1.0,,negative,140999,43885,1,,2019-01-23 12:49:18
7077,0.8,0.8,0.8,µm,0.8,0.8,0.8,µm,coccus-shaped,0.0,,negative,141000,43886,1,,2019-01-23 12:49:18
7078,1.7-1.9,1.7,1.9,µm,0.6-0.8,0.6,0.8,µm,rod-shaped,,,,141000,43886,1,,2019-01-23 12:49:18
7079,6.0-27.5,6.0,27.5,µm,0.8,0.8,0.8,µm,rod-shaped,1.0,,negative,140360,43887,1,,2019-01-23 12:49:18
7080,1.0-1.5,1.0,1.5,µm,0.5,0.5,0.5,µm,rod-shaped,1.0,,negative,140361,43887,1,,2019-01-23 12:49:18
7081,1.5-1.8,1.5,1.8,µm,0.4,0.4,0.4,µm,rod-shaped,0.0,,negative,141001,43888,1,,2019-01-23 12:49:18
7082,,,,,,,,,curved-shaped,,,,141001,43888,1,,2019-01-23 12:49:18
7083,,,,,,,,,spiral-shaped,,,,141001,43888,1,,2019-01-23 12:49:18
7084,,,,,,,,,ring-shaped,,,,141001,43888,1,,2019-01-23 12:49:18
7085,,,,,,,,,rod-shaped,0.0,,negative,141002,43889,1,,2019-01-23 12:49:18
7086,,,,,,,,,,0.0,,positive,140369,43890,1,,2019-01-23 12:49:18
7087,0.8-0.9,0.8,0.9,µm,0.5,0.5,0.5,µm,rod-shaped,1.0,,positive,140370,43891,1,,2019-01-23 12:49:18
7088,,,,,,,,,,0.0,,,140371,43892,1,,2019-01-23 12:49:18
7089,0.54-0.83,0.54,0.83,µm,0.54-0.83,0.54,0.83,µm,coccus-shaped,1.0,,positive,141003,43893,1,,2019-01-23 12:49:18
7090,1.3-1.6,1.3,1.6,µm,0.7,0.7,0.7,µm,rod-shaped,,,,141003,43893,1,,2019-01-23 12:49:18
7091,1.1-2.1,1.1,2.1,µm,0.3-0.4,0.3,0.4,µm,rod-shaped,0.0,,positive,141004,43894,1,,2019-01-23 12:49:18
7092,1.1-1.6,1.1,1.6,µm,0.4-0.6,0.4,0.6,µm,rod-shaped,0.0,,positive,140372,43895,1,,2019-01-23 12:49:18
7093,0.8-1.5,0.8,1.5,µm,0.3-0.4,0.3,0.4,µm,rod-shaped,0.0,,positive,141007,43898,1,,2019-01-23 12:49:18
7094,,,,,,,,,rod-shaped,0.0,,positive,140373,43899,1,,2019-01-23 12:49:18
7095,,,,,,,,,coccus-shaped,,,,140373,43899,1,,2019-01-23 12:49:18
7096,1.5-2.5,1.5,2.5,µm,0.5-0.7,0.5,0.7,µm,rod-shaped,0.0,,positive,140404,43900,1,,2019-01-23 12:49:18
7097,2.9-4.5,2.9,4.5,µm,0.7-1.0,0.7,1.0,µm,rod-shaped,1.0,peritrichous,positive,140408,43901,1,,2019-01-23 12:49:18
7098,1.3-3.0,1.3,3.0,µm,0.7,0.7,0.7,µm,rod-shaped,0.0,,positive,140409,43902,1,,2019-01-23 12:49:18
7099,1.1-1.5,1.1,1.5,µm,0.7,0.7,0.7,µm,rod-shaped,0.0,,positive,140410,43902,1,,2019-01-23 12:49:18
7100,0.8-1.5,0.8,1.5,µm,0.5-0.6,0.5,0.6,µm,rod-shaped,,,negative,141008,43903,1,,2019-01-23 12:49:18
7101,2.0-4.0,2.0,4.0,µm,0.5,0.5,0.5,µm,rod-shaped,1.0,,negative,140414,43904,1,,2019-01-23 12:49:18
7102,1.0-1.5,1.0,1.5,µm,0.7,0.7,0.7,µm,rod-shaped,1.0,polar,negative,141009,43905,1,,2019-01-23 12:49:18
7103,1.7-5.7,1.7,5.7,µm,0.3-1.1,0.3,1.1,µm,rod-shaped,1.0,polar,negative,141010,43906,1,,2019-01-23 12:49:18
7104,0.6-5.0,0.6,5.0,µm,0.3-0.6,0.3,0.6,µm,rod-shaped,0.0,,negative,141011,43907,1,,2019-01-23 12:49:18
7105,1.1-1.2,1.1,1.2,µm,0.4-0.6,0.4,0.6,µm,coccus-shaped,0.0,,positive,141012,43908,1,,2019-01-23 12:49:18
7106,1.7-3.2,1.7,3.2,µm,1.3-1.8,1.3,1.8,µm,rod-shaped,1.0,peritrichous,positive,141013,43909,1,,2019-01-23 12:49:18
7107,,,,,,,,,,0.0,,positive,141014,43910,1,,2019-01-23 12:49:18
7108,2.4-2.7,2.4,2.7,µm,0.5-0.7,0.5,0.7,µm,rod-shaped,0.0,,positive,141028,43911,1,,2019-01-23 12:49:18
7110,,,,,,,,,coccus-shaped,0.0,,negative,141029,43912,1,,2019-01-23 12:49:18
7111,1.6-2.3,1.6,2.3,µm,0.8-0.9,0.8,0.9,µm,rod-shaped,1.0,lophotrichous,negative,141030,43913,1,,2019-01-23 12:49:18
7112,,,,,,,,,coccus-shaped,0.0,,negative,141031,43912,1,,2019-01-23 12:49:18
7113,0.4-1.5,0.4,1.5,µm,0.4-0.6,0.4,0.6,µm,ovoid-shaped,1.0,,negative,141032,43914,1,,2019-01-23 12:49:18
7114,,,,,,,,,filament-shaped,1.0,gliding,negative,141033,43915,1,,2019-01-23 12:49:18
7115,1.0-1.2,1.0,1.2,µm,0.3-0.5,0.3,0.5,µm,rod-shaped,1.0,polar,negative,6091,43579,1,,2019-01-23 12:49:18
7116,1,1.0,1.0,µm,0.5,0.5,0.5,µm,rod-shaped,1.0,polar,negative,6092,43579,1,,2019-01-23 12:49:18
7117,1.3-1.9,1.3,1.9,µm,0.3-0.5,0.3,0.5,µm,rod-shaped,0.0,,negative,141034,43916,1,,2019-01-23 12:49:18
7118,1.2-2.5,1.2,2.5,µm,0.4-0.6,0.4,0.6,µm,rod-shaped,0.0,,negative,141035,43916,1,,2019-01-23 12:49:18
7119,1.2-1.9,1.2,1.9,µm,0.3-0.6,0.3,0.6,µm,rod-shaped,1.0,polar,negative,141036,43916,1,,2019-01-23 12:49:18
7120,0.6-0.8,0.6,0.8,µm,0.3-0.4,0.3,0.4,µm,rod-shaped,0.0,,negative,141037,43917,1,,2019-01-23 12:49:18
7121,0.8-2.0,0.8,2.0,µm,0.4-0.5,0.4,0.5,µm,rod-shaped,1.0,,negative,141038,43918,1,,2019-01-23 12:49:18
7122,1.1-2.0,1.1,2.0,µm,0.5-0.8,0.5,0.8,µm,rod-shaped,1.0,,positive,141039,43919,1,,2019-01-23 12:49:18
7123,0.8-1.1,0.8,1.1,µm,0.6,0.6,0.6,µm,rod-shaped,0.0,,negative,141040,43920,1,,2019-01-23 12:49:18
7124,1.0-2.2,1.0,2.2,µm,0.4-0.5,0.4,0.5,µm,rod-shaped,0.0,,negative,141041,43921,1,,2019-01-23 12:49:18
7125,1.5-5.0,1.5,5.0,µm,0.6-0.7,0.6,0.7,µm,rod-shaped,0.0,,negative,141042,43922,1,,2019-01-23 12:49:18
7126,0.3-10.0,0.3,10.0,µm,0.2-0.6,0.2,0.6,µm,ovoid-shaped,0.0,,negative,141043,43923,1,,2019-01-23 12:49:18
7127,,,,,,,,,rod-shaped,1.0,polar,negative,141044,43924,1,,2019-01-23 12:49:18
7128,,,,,,,,,,,,positive,141045,43925,1,,2019-01-23 12:49:18
7129,1.1-1.5,1.1,1.5,µm,0.6-0.7,0.6,0.7,µm,rod-shaped,0.0,,positive,141046,43926,1,,2019-01-23 12:49:18
7130,1.3-1.5,1.3,1.5,µm,1.3-1.5,1.3,1.5,µm,coccus-shaped,1.0,,positive,141047,43927,1,,2019-01-23 12:49:18
7131,10-12,10.0,12.0,µm,0.5-1.0,0.5,1.0,µm,rod-shaped,0.0,,negative,141048,43928,1,,2019-01-23 12:49:18
7132,0.5-0.6,0.5,0.6,µm,0.5-0.6,0.5,0.6,µm,coccus-shaped,,,,141048,43928,1,,2019-01-23 12:49:18
7133,,,,,,,,,rod-shaped,,,negative,141049,43929,1,,2019-01-23 12:49:18
7134,,,,,,,,,,,,positive,133357,43930,1,,2019-01-23 12:49:18
7135,,,,,,,,,,,,positive,24451,43930,1,,2019-01-23 12:49:18
7136,,,,,,,,,,,,positive,141050,43930,1,,2019-01-23 12:49:18
7137,1.0-1.3,1.0,1.3,µm,1.0-1.3,1.0,1.3,µm,coccus-shaped,0.0,,negative,141051,43931,1,,2019-01-23 12:49:18
7138,2.3-3.8,2.3,3.8,µm,0.7-1.0,0.7,1.0,µm,rod-shaped,,,negative,141052,43932,1,,2019-01-23 12:49:18
7139,2,2.0,2.0,µm,0.9,0.9,0.9,µm,rod-shaped,1.0,,negative,141053,43933,1,,2019-01-23 12:49:18
7140,1.5-1.9,1.5,1.9,µm,0.6-0.8,0.6,0.8,µm,rod-shaped,1.0,monotrichous,negative,141055,43935,1,,2019-01-23 12:49:18
7141,,,,,,,,,rod-shaped,1.0,polar,negative,141056,43936,1,,2019-01-23 12:49:18
7142,1.8-2.2,1.8,2.2,µm,0.6-0.8,0.6,0.8,µm,rod-shaped,0.0,,negative,141057,43937,1,,2019-01-23 12:49:18
7143,1.6-2.0,1.6,2.0,µm,0.6-0.8,0.6,0.8,µm,rod-shaped,0.0,,negative,141058,43937,1,,2019-01-23 12:49:18
7144,0.7-1.1,0.7,1.1,µm,0.4-0.5,0.4,0.5,µm,rod-shaped,0.0,,negative,141059,43938,1,,2019-01-23 12:49:18
7145,2.4-4.5,2.4,4.5,µm,0.4-0.5,0.4,0.5,µm,rod-shaped,0.0,,negative,141060,43939,1,,2019-01-23 12:49:18
7146,2,2.0,2.0,µm,0.4,0.4,0.4,µm,spiral-shaped,,,negative,141061,43940,1,,2019-01-23 12:49:18
7147,1.5-2.5,1.5,2.5,µm,0.5-1.0,0.5,1.0,µm,rod-shaped,1.0,polar,negative,141062,43941,1,,2019-01-23 12:49:18
7148,1.6-1.8,1.6,1.8,µm,0.55-0.65,0.55,0.65,µm,rod-shaped,1.0,gliding,negative,132993,43942,1,,2019-01-23 12:49:18
7149,0.9-5.9,0.9,5.9,µm,0.4-0.8,0.4,0.8,µm,rod-shaped,0.0,,negative,134310,43942,1,,2019-01-23 12:49:18
7150,,,,,,,,,coccus-shaped,0.0,,positive,132079,43943,1,,2019-01-23 12:49:18
7151,,,,,,,,,,0.0,,negative,132565,43944,1,,2019-01-23 12:49:18
7152,1.0-2.3,1.0,2.3,µm,1,1.0,1.0,µm,rod-shaped,0.0,,positive,132560,43945,1,,2019-01-23 12:49:18
7153,,,,,,,,,rod-shaped,0.0,,positive,132563,43946,1,,2019-01-23 12:49:18
7154,1.0-2.5,1.0,2.5,µm,0.2-0.4,0.2,0.4,µm,rod-shaped,1.0,polar,negative,132569,43947,1,,2019-01-23 12:49:18
7155,1.5-2.2,1.5,2.2,µm,0.5-0.6,0.5,0.6,µm,rod-shaped,1.0,,positive,141063,43948,1,,2019-01-23 12:49:18
7156,2.9-14.6,2.9,14.6,µm,0.2-0.4,0.2,0.4,µm,filament-shaped,1.0,gliding,negative,132574,43949,1,,2019-01-23 12:49:18
7157,1.4-2.7,1.4,2.7,µm,0.3-0.5,0.3,0.5,µm,rod-shaped,1.0,,negative,141064,43950,1,,2019-01-23 12:49:18
7158,4.0-6.0,4.0,6.0,µm,0.2-0.3,0.2,0.3,µm,rod-shaped,0.0,,negative,141065,43951,1,,2019-01-23 12:49:18
7159,0.3-10.0,0.3,10.0,µm,0.2-0.5,0.2,0.5,µm,rod-shaped,1.0,gliding,negative,141066,43952,1,,2019-01-23 12:49:18
7160,0.7-1.4,0.7,1.4,µm,0.7-1.4,0.7,1.4,µm,coccus-shaped,,,negative,141067,43953,1,,2019-01-23 12:49:18
7161,0.6-0.9,0.6,0.9,µm,0.6-0.9,0.6,0.9,µm,coccus-shaped,0.0,,negative,141068,43954,1,,2019-01-23 12:49:18
7162,1.3-4.5,1.3,4.5,µm,0.6-1.0,0.6,1.0,µm,rod-shaped,1.0,,positive,141069,43955,1,,2019-01-23 12:49:18
7163,1.0-3.0,1.0,3.0,µm,0.3-0.8,0.3,0.8,µm,rod-shaped,1.0,gliding,negative,141070,43956,1,,2019-01-23 12:49:18
7164,6-12,6.0,12.0,µm,,,,,rod-shaped,0.0,,negative,141071,43957,1,,2019-01-23 12:49:18
7165,1.0-1.5,1.0,1.5,µm,0.7-1.0,0.7,1.0,µm,rod-shaped,0.0,,negative,141072,43958,1,,2019-01-23 12:49:18
7166,1.8-2.2,1.8,2.2,µm,0.5,0.5,0.5,µm,rod-shaped,0.0,,negative,132977,43959,1,,2019-01-23 12:49:18
7167,3-5,3.0,5.0,µm,,,,,coccus-shaped,0.0,,negative,140162,43960,1,,2019-01-23 12:49:18
7168,,,,,,,,,,,,positive,132533,43961,1,,2019-01-23 12:49:18
7169,1.6-3.8,1.6,3.8,µm,0.4-0.8,0.4,0.8,µm,rod-shaped,1.0,gliding,negative,132976,43962,1,,2019-01-23 12:49:18
7170,2.5-3.5,2.5,3.5,µm,1,1.0,1.0,µm,rod-shaped,0.0,,negative,132974,43963,1,,2019-01-23 12:49:18
7171,,,,,,,,,,0.0,,positive,132536,43964,1,,2019-01-23 12:49:18
7172,2.0-8.0,2.0,8.0,µm,1.0-1.2,1.0,1.2,µm,rod-shaped,0.0,,negative,141073,43965,1,,2019-01-23 12:49:18
7173,0.5-2.7,0.5,2.7,µm,0.2-0.3,0.2,0.3,µm,rod-shaped,0.0,,positive,141074,43966,1,,2019-01-23 12:49:18
7174,,,,,,,,,,0.0,,positive,132518,43967,1,,2019-01-23 12:49:18
7175,,,,,,,,,rod-shaped,,,,1292,43968,1,,2019-01-23 12:49:18
7176,0.9-1.2,0.9,1.2,µm,0.4-0.6,0.4,0.6,µm,rod-shaped,,,negative,141075,43969,1,,2019-01-23 12:49:18
7177,0.8-1.3,0.8,1.3,µm,0.5-0.8,0.5,0.8,µm,rod-shaped,0.0,,positive,141077,43970,1,,2019-01-23 12:49:18
7178,1.0-1.5,1.0,1.5,µm,0.7-1.0,0.7,1.0,µm,rod-shaped,0.0,,positive,141076,43970,1,,2019-01-23 12:49:18
7179,0.6,0.6,0.6,µm,0.4,0.4,0.4,µm,rod-shaped,0.0,,negative,132549,43971,1,,2019-01-23 12:49:18
7180,0.9-1.2,0.9,1.2,µm,0.7-1.1,0.7,1.1,µm,rod-shaped,0.0,,negative,141078,43972,1,,2019-01-23 12:49:18
7181,1.28-1.96,1.28,1.96,µm,0.43-0.52,0.43,0.52,µm,rod-shaped,0.0,,negative,141079,43973,1,,2019-01-23 12:49:18
7182,1.0-1.4,1.0,1.4,µm,0.6-0.9,0.6,0.9,µm,rod-shaped,0.0,,negative,15209,43974,1,,2019-01-23 12:49:18
7183,1.0-1.4,1.0,1.4,µm,0.3-0.7,0.3,0.7,µm,rod-shaped,1.0,gliding,negative,132973,43975,1,,2019-01-23 12:49:18
7184,0.5-2.0,0.5,2.0,µm,0.4-0.7,0.4,0.7,µm,rod-shaped,1.0,peritrichous,negative,132975,43976,1,,2019-01-23 12:49:18
7185,0.3-1.5,0.3,1.5,µm,0.2-0.5,0.2,0.5,µm,rod-shaped,0.0,,negative,141080,43977,1,,2019-01-23 12:49:18
7186,0.3-10.0,0.3,10.0,µm,0.2-0.5,0.2,0.5,µm,rod-shaped,0.0,,negative,141081,43978,1,,2019-01-23 12:49:18
7187,3.0-12.0,3.0,12.0,µm,1.2-1.5,1.2,1.5,µm,,1.0,gliding,,132551,43979,1,,2019-01-23 12:49:18
7188,2.2-2.4,2.2,2.4,µm,0.8-1.0,0.8,1.0,µm,rod-shaped,0.0,,negative,132978,43980,1,,2019-01-23 12:49:18
7189,1.4-3.2,1.4,3.2,µm,0.4-0.8,0.4,0.8,µm,rod-shaped,0.0,,negative,141082,43981,1,,2019-01-23 12:49:18
7190,0.5-3.5,0.5,3.5,µm,0.2-0.7,0.2,0.7,µm,rod-shaped,1.0,polar,negative,141083,43982,1,,2019-01-23 12:49:18
7191,5.0-6.0,5.0,6.0,µm,0.5-0.8,0.5,0.8,µm,rod-shaped,1.0,peritrichous,negative,141084,43983,1,,2019-01-23 12:49:18
7192,,,,,,,,,,0.0,,positive,132513,43984,1,,2019-01-23 12:49:18
7193,1.0-12.0,1.0,12.0,µm,0.3-0.5,0.3,0.5,µm,rod-shaped,1.0,gliding,negative,141085,43985,1,,2019-01-23 12:49:18
7194,1.1-2.0,1.1,2.0,µm,0.4-0.6,0.4,0.6,µm,rod-shaped,0.0,,negative,141086,43986,1,,2019-01-23 12:49:18
7195,1.2-4.0,1.2,4.0,µm,0.5-0.7,0.5,0.7,µm,rod-shaped,1.0,,negative,132527,43987,1,,2019-01-23 12:49:18
7196,0.7-2.2,0.7,2.2,µm,0.5-1.0,0.5,1.0,µm,rod-shaped,1.0,,negative,132526,43988,1,,2019-01-23 12:49:18
7197,2.0-5.0,2.0,5.0,µm,0.5,0.5,0.5,µm,rod-shaped,1.0,,positive,132478,43989,1,,2019-01-23 12:49:18
7198,,,,,,,,,filament-shaped,,,positive,141087,43990,1,,2019-01-23 12:49:18
7199,10-20,10.0,20.0,µm,0.1-0.2,0.1,0.2,µm,spiral-shaped,1.0,,negative,141088,43991,1,,2019-01-23 12:49:18
7200,3.0-5.0,3.0,5.0,µm,1,1.0,1.0,µm,rod-shaped,0.0,,negative,132969,43992,1,,2019-01-23 12:49:18
7201,1.2-2.2,1.2,2.2,µm,1.2-2.2,1.2,2.2,µm,coccus-shaped,0.0,,positive,132484,43993,1,,2019-01-23 12:49:18
7202,2,2.0,2.0,µm,0.5,0.5,0.5,µm,rod-shaped,1.0,peritrichous,positive,141089,43994,1,,2019-01-23 12:49:18
7203,0.9-1.1,0.9,1.1,µm,0.6-0.8,0.6,0.8,µm,rod-shaped,0.0,,positive,132483,43995,1,,2019-01-23 12:49:18
7204,3.6-4.5,3.6,4.5,µm,0.8-0.9,0.8,0.9,µm,rod-shaped,1.0,peritrichous,positive,132363,43996,1,,2019-01-23 12:49:18
7205,1.8-2.3,1.8,2.3,µm,0.4-0.6,0.4,0.6,µm,rod-shaped,0.0,,negative,141090,43997,1,,2019-01-23 12:49:18
7206,1.2-2.2,1.2,2.2,µm,0.3-0.6,0.3,0.6,µm,rod-shaped,0.0,,negative,141091,43998,1,,2019-01-23 12:49:18
7207,,,,,,,,,coccus-shaped,0.0,,negative,141092,43998,1,,2019-01-23 12:49:18
7208,,,,,,,,,rod-shaped,,,,141092,43998,1,,2019-01-23 12:49:18
7209,0.9-1.5,0.9,1.5,µm,0.5-0.9,0.5,0.9,µm,,,,,141092,43998,1,,2019-01-23 12:49:18
7210,1.20-2.44,1.2,2.44,µm,0.47-0.78,0.47,0.78,µm,rod-shaped,0.0,,positive,141093,43999,1,,2019-01-23 12:49:18
7211,1.3-2.3,1.3,2.3,µm,0.6-0.9,0.6,0.9,µm,rod-shaped,0.0,,negative,141094,44000,1,,2019-01-23 12:49:18
7212,2-6,2.0,6.0,µm,0.5,0.5,0.5,µm,rod-shaped,,,,132359,44001,1,,2019-01-23 12:49:18
7213,,,,,,,,,,0.0,,,132359,44001,1,,2019-01-23 12:49:18
7214,,,,,,,,,,,,positive,132359,44001,1,,2019-01-23 12:49:18
7215,,,,,,,,,,0.0,,positive,131576,44002,1,,2019-01-23 12:49:18
7216,,,,,,,,,,0.0,,positive,131578,44002,1,,2019-01-23 12:49:18
7217,,,,,,,,,rod-shaped,1.0,polar,negative,132360,44003,1,,2019-01-23 12:49:18
7218,2.0-3.3,2.0,3.3,µm,0.9-1.1,0.9,1.1,µm,coccus-shaped,1.0,,negative,141095,44004,1,,2019-01-23 12:49:18
7219,,,,,,,,,,0.0,,positive,141096,44005,1,,2019-01-23 12:49:18
7220,1.2-1.3,1.2,1.3,µm,0.5-0.6,0.5,0.6,µm,rod-shaped,0.0,,negative,141097,44006,1,,2019-01-23 12:49:18
7221,4.5-6.5,4.5,6.5,µm,0.6-0.8,0.6,0.8,µm,rod-shaped,0.0,,negative,141098,44007,1,,2019-01-23 12:49:18
7222,1.8-2.0,1.8,2.0,µm,0.8-1.0,0.8,1.0,mm,rod-shaped,0.0,,negative,141099,44008,1,,2019-01-23 12:49:18
7223,1.5-1.8,1.5,1.8,µm,0.5-0.8,0.5,0.8,µm,rod-shaped,1.0,,negative,141100,44009,1,,2019-01-23 12:49:18
7224,1.4-1.8,1.4,1.8,µm,0.5-0.6,0.5,0.6,µm,rod-shaped,1.0,,negative,141101,44009,1,,2019-01-23 12:49:18
7225,1.0-1.8,1.0,1.8,µm,0.5-0.7,0.5,0.7,µm,rod-shaped,0.0,,negative,141103,44011,1,,2019-01-23 12:49:18
7226,,,,,,,,,,,,positive,141104,44012,1,,2019-01-23 12:49:18
7227,0.5-0.9,0.5,0.9,µm,0.17-0.22,0.17,0.22,µm,rod-shaped,0.0,,,141102,44010,1,,2019-01-23 12:49:18
7228,,,,,,,,,ovoid-shaped,0.0,,negative,141105,44013,1,,2019-01-23 12:49:18
7229,,,,,,,,,coccus-shaped,,,,141105,44013,1,,2019-01-23 12:49:18
7230,0.8-1.0,0.8,1.0,µm,,,,,,,,,141105,44013,1,,2019-01-23 12:49:18
7231,,,,,,,,,,0.0,,,141106,44014,1,,2019-01-23 12:49:18
7232,,,,,,,,,,,,positive,141107,44015,1,,2019-01-23 12:49:18
7233,,,,,,,,,,,,positive,141108,44016,1,,2019-01-23 12:49:18
7234,,,,,,,,,,0.0,,positive,141109,44017,1,,2019-01-23 12:49:18
7235,1.0-4.0,1.0,4.0,µm,0.3-0.5,0.3,0.5,µm,rod-shaped,0.0,,negative,141110,44018,1,,2019-01-23 12:49:18
7236,1.0-1..2,1.0,1.0,µm,0.6-0.7,0.6,0.7,µm,rod-shaped,0.0,,,141111,44019,1,,2019-01-23 12:49:18
7237,,,,,,,,,,,,negative,141111,44019,1,,2019-01-23 12:49:18
7238,2,2.0,2.0,µm,1,1.0,1.0,µm,rod-shaped,0.0,,negative,141112,44020,1,,2019-01-23 12:49:18
7239,,,,,,,,,rod-shaped,0.0,,negative,141113,44021,1,,2019-01-23 12:49:18
7240,,,,,,,,,coccus-shaped,,,,141113,44021,1,,2019-01-23 12:49:18
7241,,,,,,,,,rod-shaped,1.0,,positive,141114,44022,1,,2019-01-23 12:49:18
7242,0.8-2.0,0.8,2.0,µm,0.7-0.8,0.7,0.8,µm,rod-shaped,0.0,,negative,132416,44023,1,,2019-01-23 12:49:18
7243,0.63-1.08,0.63,1.08,µm,0.53-0.63,0.53,0.63,µm,rod-shaped,0.0,,negative,132418,44024,1,,2019-01-23 12:49:18
7244,0.8-1.0,0.8,1.0,µm,0.5,0.5,0.5,µm,rod-shaped,1.0,,negative,132415,44025,1,,2019-01-23 12:49:18
7245,1.0-1.5,1.0,1.5,µm,0.8-1.5,0.8,1.5,µm,coccus-shaped,0.0,,positive,141115,44026,1,,2019-01-23 12:49:18
7246,0.5-0.8,0.5,0.8,µm,0.5-0.8,0.5,0.8,µm,coccus-shaped,0.0,,positive,141116,44027,1,,2019-01-23 12:49:18
7247,2.0-9.0,2.0,9.0,µm,0.4-1.0,0.4,1.0,µm,rod-shaped,1.0,gliding,negative,141117,44028,1,,2019-01-23 12:49:18
7248,1.0-2.5,1.0,2.5,µm,0.5-0.6,0.5,0.6,µm,rod-shaped,1.0,gliding,negative,133146,44029,1,,2019-01-23 12:49:18
7249,1.1-1.5,1.1,1.5,µm,0.3-0.7,0.3,0.7,µm,pleomorphic-shaped,0.0,,negative,141118,44030,1,,2019-01-23 12:49:18
7250,4-6,4.0,6.0,µm,0.3,0.3,0.3,µm,rod-shaped,1.0,gliding,negative,141119,44031,1,,2019-01-23 12:49:18
7251,0.8-1.4,0.8,1.4,µm,0.4-0.8,0.4,0.8,µm,rod-shaped,1.0,,negative,141120,44032,1,,2019-01-23 12:49:18
7252,2,2.0,2.0,µm,1,1.0,1.0,µm,rod-shaped,,,negative,141121,44033,1,,2019-01-23 12:49:18
7253,1.5-3.0,1.5,3.0,µm,0.5-0.7,0.5,0.7,µm,rod-shaped,,,negative,141123,44033,1,,2019-01-23 12:49:18
7254,1.5-2.0,1.5,2.0,µm,1,1.0,1.0,µm,rod-shaped,,,negative,141122,44033,1,,2019-01-23 12:49:18
7255,1.5-2.5,1.5,2.5,µm,0.6-0.7,0.6,0.7,µm,rod-shaped,,,negative,141124,44033,1,,2019-01-23 12:49:18
7256,2,2.0,2.0,µm,1,1.0,1.0,µm,rod-shaped,,,negative,141125,44033,1,,2019-01-23 12:49:18
7257,0.8-1.7,0.8,1.7,µm,0.5-1.0,0.5,1.0,µm,rod-shaped,0.0,,negative,132412,44034,1,,2019-01-23 12:49:18
7258,1.0-2.0,1.0,2.0,µm,0.5-1.0,0.5,1.0,µm,ovoid-shaped,0.0,,negative,141126,44035,1,,2019-01-23 12:49:18
7259,1.2-1.8,1.2,1.8,µm,0.7-0.9,0.7,0.9,µm,rod-shaped,0.0,,negative,141127,44036,1,,2019-01-23 12:49:18
7260,1.0-1.2,1.0,1.2,µm,0.6-0.8,0.6,0.8,µm,,1.0,,positive,132393,44037,1,,2019-01-23 12:49:18
7261,2-3,2.0,3.0,µm,0.7,0.7,0.7,µm,rod-shaped,1.0,,negative,132365,44038,1,,2019-01-23 12:49:18
7262,,,,,,,,,,,,positive,141128,44039,1,,2019-01-23 12:49:18
7263,0.9-1.5,0.9,1.5,µm,0.4-0.7,0.4,0.7,µm,rod-shaped,1.0,polar,negative,132361,44040,1,,2019-01-23 12:49:18
7264,,,,,,,,,pleomorphic-shaped,,,,141129,44041,1,,2019-01-23 12:49:18
7265,1.3-3.0,1.3,3.0,µm,0.41-0.67,0.41,0.67,µm,rod-shaped,0.0,,negative,141130,44042,1,,2019-01-23 12:49:18
7266,1.1,1.1,1.1,µm,0.8,0.8,0.8,µm,rod-shaped,1.0,,negative,141131,44043,1,,2019-01-23 12:49:18
7267,0.8-1.4,0.8,1.4,µm,0.5-0.7,0.5,0.7,µm,rod-shaped,0.0,,negative,132350,44044,1,,2019-01-23 12:49:18
7268,1.0-1.3,1.0,1.3,µm,0.3-0.4,0.3,0.4,µm,rod-shaped,0.0,,positive,141132,44045,1,,2019-01-23 12:49:18
7269,2.7-2.9,2.7,2.9,µm,1.4-1.5,1.4,1.5,µm,ellipsoidal,1.0,polar,negative,132372,44046,1,,2019-01-23 12:49:18
7270,8.0-10.0,8.0,10.0,µm,0.8-1.0,0.8,1.0,µm,filament-shaped,1.0,gliding,negative,132355,44047,1,,2019-01-23 12:49:18
7271,0.5-1.0,0.5,1.0,µm,0.2-0.3,0.2,0.3,µm,rod-shaped,0.0,,negative,141133,44048,1,,2019-01-23 12:49:18
7272,,,,,,,,,rod-shaped,1.0,gliding,negative,141134,44049,1,,2019-01-23 12:49:18
7273,0.8-1.3,0.8,1.3,µm,0.8-1.3,0.8,1.3,µm,coccus-shaped,0.0,,negative,132964,44050,1,,2019-01-23 12:49:18
7274,,,,,,,,,rod-shaped,1.0,,negative,141135,44051,1,,2019-01-23 12:49:18
7275,5.0-10,5.0,10.0,µm,1.0-4.0,1.0,4.0,µm,rod-shaped,1.0,,variable,141136,44052,1,,2019-01-23 12:49:18
7276,1.2-2.3,1.2,2.3,µm,0.5-0.8,0.5,0.8,µm,curved-shaped,1.0,polar,negative,141137,44053,1,,2019-01-23 12:49:18
7277,3-6,3.0,6.0,µm,1,1.0,1.0,µm,rod-shaped,0.0,,positive,132362,44054,1,,2019-01-23 12:49:18
7278,1.5-3.0,1.5,3.0,µm,0.8-1.2,0.8,1.2,µm,rod-shaped,0.0,,positive,132356,44055,1,,2019-01-23 12:49:18
7279,1.0-1.5,1.0,1.5,µm,0.3-0.4,0.3,0.4,µm,rod-shaped,0.0,,negative,141138,44056,1,,2019-01-23 12:49:18
7280,1.5-3.0,1.5,3.0,µm,0.4-0.6,0.4,0.6,µm,rod-shaped,0.0,,negative,141139,44056,1,,2019-01-23 12:49:18
7281,1.3-2.6,1.3,2.6,µm,0.4,0.4,0.4,µm,rod-shaped,,,negative,141140,44057,1,,2019-01-23 12:49:18
7282,2.0-2.5,2.0,2.5,µm,0.8-1.2,0.8,1.2,µm,rod-shaped,1.0,polar,negative,141141,44058,1,,2019-01-23 12:49:18
7283,1.0-1.5,1.0,1.5,µm,0.2-0.5,0.2,0.5,µm,rod-shaped,1.0,,negative,141142,44059,1,,2019-01-23 12:49:18
7284,0.5-0.7,0.5,0.7,µm,0.5-0.7,0.5,0.7,µm,coccus-shaped,0.0,,negative,132342,44060,1,,2019-01-23 12:49:18
7285,,,,,,,,,,0.0,,,131575,44061,1,,2019-01-23 12:49:18
7286,1.0-1.2,1.0,1.2,µm,1.0-1.2,1.0,1.2,µm,coccus-shaped,0.0,,positive,141143,44062,1,,2019-01-23 12:49:18
7287,,,,,,,,,,,,positive,132343,44063,1,,2019-01-23 12:49:18
7288,1,1.0,1.0,µm,0.7,0.7,0.7,µm,rod-shaped,,,negative,141144,44064,1,,2019-01-23 12:49:18
7289,1.0-2.0,1.0,2.0,µm,0.6-0.7,0.6,0.7,µm,rod-shaped,1.0,,negative,132351,44065,1,,2019-01-23 12:49:18
7290,1.0-2.5,1.0,2.5,µm,0.5-0.7,0.5,0.7,µm,rod-shaped,1.0,,negative,132353,44065,1,,2019-01-23 12:49:18
7291,0.8-2.5,0.8,2.5,µm,0.3-0.5,0.3,0.5,µm,rod-shaped,0.0,,negative,141145,44066,1,,2019-01-23 12:49:18
7292,1.5-2.5,1.5,2.5,µm,0.6-1.2,0.6,1.2,µm,rod-shaped,0.0,,negative,141146,44067,1,,2019-01-23 12:49:18
7293,1.1-1.5,1.1,1.5,µm,0.7-1.0,0.7,1.0,µm,rod-shaped,1.0,polar,negative,141147,44068,1,,2019-01-23 12:49:18
7294,2-3,2.0,3.0,µm,0.7,0.7,0.7,µm,rod-shaped,1.0,,negative,141148,44069,1,,2019-01-23 12:49:18
7295,0.8-1.6,0.8,1.6,µm,0.3-0.5,0.3,0.5,µm,rod-shaped,0.0,,positive,141149,44070,1,,2019-01-23 12:49:18
7296,1.0-1.2,1.0,1.2,µm,0.8-1.0,0.8,1.0,µm,coccus-shaped,0.0,,positive,141150,44071,1,,2019-01-23 12:49:18
7297,1.8-2.5,1.8,2.5,µm,0.6,0.6,0.6,µm,rod-shaped,0.0,,positive,141151,44072,1,,2019-01-23 12:49:18
7298,,,,,,,,,rod-shaped,0.0,,positive,141152,44073,1,,2019-01-23 12:49:18
7299,2.7-5.8,2.7,5.8,µm,1.5-2.1,1.5,2.1,µm,rod-shaped,1.0,gliding,negative,141153,44074,1,,2019-01-23 12:49:18
7300,2.0-4.0,2.0,4.0,µm,0.3-0.5,0.3,0.5,µm,rod-shaped,0.0,,negative,141154,44075,1,,2019-01-23 12:49:18
7301,1.6-2.2,1.6,2.2,µm,0.7-1.0,0.7,1.0,µm,rod-shaped,1.0,polar,negative,141155,44076,1,,2019-01-23 12:49:18
7302,1.5-3,1.5,3.0,µm,0.5-1.2,0.5,1.2,µm,rod-shaped,1.0,,positive,141156,44077,1,,2019-01-23 12:49:18
7303,2.0-3.0,2.0,3.0,µm,0.8-1.0,0.8,1.0,µm,,0.0,,positive,141157,44078,1,,2019-01-23 12:49:18
7304,2.0-5.0,2.0,5.0,µm,0.9-1.4,0.9,1.4,µm,rod-shaped,0.0,peritrichous,positive,141158,44079,1,,2019-01-23 12:49:18
7305,1.3-1.7,1.3,1.7,µm,0.8-1.0,0.8,1.0,µm,rod-shaped,0.0,,negative,141159,44080,1,,2019-01-23 12:49:18
7306,1.5-2.0,1.5,2.0,µm,0.4-0.5,0.4,0.5,µm,rod-shaped,1.0,polar,negative,141160,44081,1,,2019-01-23 12:49:18
7307,0.6-3.0,0.6,3.0,µm,0.4-1.2,0.4,1.2,µm,rod-shaped,1.0,polar,negative,141161,44082,1,,2019-01-23 12:49:18
7308,1.0-1.2,1.0,1.2,µm,0.8-0.9,0.8,0.9,µm,rod-shaped,1.0,,negative,141162,44083,1,,2019-01-23 12:49:18
7309,0.8-1.0,0.8,1.0,µm,0.5-0.7,0.5,0.7,µm,rod-shaped,1.0,,negative,141163,44083,1,,2019-01-23 12:49:18
7310,1.8-2.1,1.8,2.1,µm,0.5-0.8,0.5,0.8,µm,rod-shaped,,,negative,141164,44084,1,,2019-01-23 12:49:18
7311,1.8-2.1,1.8,2.1,µm,0.5-0.8,0.5,0.8,µm,rod-shaped,,,negative,141165,44084,1,,2019-01-23 12:49:18
7312,,,,,,,,,rod-shaped,0.0,,negative,141166,44085,1,,2019-01-23 12:49:18
7313,1.1-6.5,1.1,6.5,µm,0.8-1.0,0.8,1.0,µm,rod-shaped,0.0,,negative,141167,44086,1,,2019-01-23 12:49:18
7314,0.4-1.1,0.4,1.1,µm,0.3-0.5,0.3,0.5,µm,rod-shaped,,,,2072,44087,1,,2019-01-23 12:49:18
7315,1.6-2.0,1.6,2.0,µm,0.6-0.8,0.6,0.8,µm,rod-shaped,1.0,,negative,141168,44088,1,,2019-01-23 12:49:18
7316,,,,,,,,,,,,positive,141169,44089,1,,2019-01-23 12:49:18
7317,,,,,,,,,rod-shaped,0.0,,negative,141170,44090,1,,2019-01-23 12:49:18
7318,0.2-3.5,0.2,3.5,µm,0.2-0.5,0.2,0.5,µm,rod-shaped,0.0,,negative,158523,65200,1,,2019-11-08 10:24:33
7319,,,,,,,,,coccus-shaped,,,,158523,65200,1,,2019-11-08 10:24:33
7320,,,,,,,,,ovoid-shaped,,,,158523,65200,1,,2019-11-08 10:24:33
7321,1.5-3.0,1.5,3.0,µm,0.4-0.5,0.4,0.5,µm,rod-shaped,0.0,,negative,158525,65201,1,,2019-11-08 10:24:33
7322,1.0-1.2,1.0,1.2,µm,0.3-0.4,0.3,0.4,µm,rod-shaped,0.0,,positive,158524,23028,1,,2019-11-08 10:24:33
7323,1.0-2.5,1.0,2.5,µm,0.5-1.0,0.5,1.0,µm,rod-shaped,0.0,,negative,158526,65202,1,,2019-11-08 10:24:33
7324,1.3-2.45,1.3,2.45,µm,0.22-0.48,0.22,0.48,µm,rod-shaped,1.0,"monotrichous, polar",negative,158527,65203,1,,2019-11-08 10:24:33
7325,2.0-4.0,2.0,4.0,µm,0.2-0.4,0.2,0.4,µm,rod-shaped,1.0,,negative,158528,65204,1,,2019-11-08 10:24:33
7326,2.36-2.76,2.36,2.76,µm,0.82-0.93,0.82,0.93,µm,rod-shaped,0.0,,negative,132963,65205,1,,2019-11-08 10:24:33
7327,2-3,2.0,3.0,µm,,,,,rod-shaped,0.0,,negative,158529,65206,1,,2019-11-08 10:24:33
7328,,,,,,,,,oval-shaped,,,,158529,65206,1,,2019-11-08 10:24:33
7329,1.0-1.3,1.0,1.3,µm,0.7-1.0,0.7,1.0,µm,coccus-shaped,0.0,,negative,158530,65207,1,,2019-11-08 10:24:33
7330,1.7-1.9,1.7,1.9,µm,0.9-1.1,0.9,1.1,µm,rod-shaped,0.0,,negative,158531,65208,1,,2019-11-08 10:24:33
7331,1.0-2.4,1.0,2.4,µm,0.4-0.6,0.4,0.6,µm,rod-shaped,0.0,,negative,156750,65209,1,,2019-11-08 10:24:33
7332,2,2.0,2.0,µm,1,1.0,1.0,µm,rod-shaped,1.0,,negative,132370,65210,1,,2019-11-08 10:24:33
7333,0.5-1,0.5,1.0,µm,,,,,coccus-shaped,0.0,,positive,156938,65211,1,,2019-11-08 10:24:33
7334,,,,,,,,,,,,positive,132341,65213,1,,2019-11-08 10:24:33
7335,0.5-2,0.5,2.0,µm,0.2-0.4,0.2,0.4,µm,rod-shaped,0.0,,negative,158202,65214,1,,2019-11-08 10:24:33
7336,1.2-6.0,1.2,6.0,µm,0.3-0.5,0.3,0.5,µm,rod-shaped,1.0,,negative,132366,65215,1,,2019-11-08 10:24:33
7337,1.4-4.6,1.4,4.6,µm,0.4-0.7,0.4,0.7,µm,rod-shaped,,,negative,132358,65216,1,,2019-11-08 10:24:33
7338,0.67-1.01,0.67,1.01,µm,0.31-0.39,0.31,0.39,µm,rod-shaped,1.0,polar,negative,158203,65217,1,,2019-11-08 10:24:33
7339,,,,,,,,,,,subpolar,,158203,65217,1,,2019-11-08 10:24:33
7340,1.5-3.0,1.5,3.0,µm,0.4-0.6,0.4,0.6,µm,rod-shaped,0.0,,negative,158533,65218,1,,2019-11-08 10:24:33
7341,1.6-3.9,1.6,3.9,µm,0.4-0.8,0.4,0.8,µm,rod-shaped,1.0,,variable,158307,65219,1,,2019-11-08 10:24:33
7342,0.6-3.0,0.6,3.0,µm,0.3-0.6,0.3,0.6,µm,rod-shaped,1.0,polar,negative,158534,65220,1,,2019-11-08 10:24:33
7343,1.2-2.3,1.2,2.3,µm,0.7-0.9,0.7,0.9,µm,vibrio-shaped,1.0,"monotrichous, polar",negative,158308,65221,1,,2019-11-08 10:24:33
7344,,,,,,,,,ovoid-shaped,0.0,,positive,158309,65222,1,,2019-11-08 10:24:33
7345,,,,,,,,,coccus-shaped,,,,158309,65222,1,,2019-11-08 10:24:33
7346,2.5-3.0,2.5,3.0,µm,0.2-0.3,0.2,0.3,µm,rod-shaped,1.0,gliding,negative,158535,65223,1,,2019-11-08 10:24:33
7347,,,,,,,,,coccus-shaped,0.0,,positive,158536,65224,1,,2019-11-08 10:24:33
7348,,,,,,,,,coccus-shaped,0.0,,positive,158537,65224,1,,2019-11-08 10:24:33
7349,2,2.0,2.0,µm,0.5,0.5,0.5,µm,rod-shaped,0.0,,positive,7391,65225,1,,2019-11-08 10:24:33
7350,2.6-4.3,2.6,4.3,µm,0.6-0.8,0.6,0.8,µm,rod-shaped,1.0,"monotrichous, polar",negative,158538,65226,1,,2019-11-08 10:24:33
7351,0.6-0.7,0.6,0.7,µm,,,,,coccus-shaped,0.0,,positive,158306,65227,1,,2019-11-08 10:24:33
7352,,,,,,,,,,0.0,,positive,8339,65228,1,,2019-11-08 10:24:33
7353,,,,,,,,,,0.0,,positive,8246,65228,1,,2019-11-08 10:24:33
7354,,,,,,,,,,1.0,,negative,158290,65229,1,,2019-11-08 10:24:33
7355,1.5-2.0,1.5,2.0,µm,0.7-0.9,0.7,0.9,µm,rod-shaped,0.0,,negative,158539,65230,1,,2019-11-08 10:24:33
7356,2-4,2.0,4.0,µm,1,1.0,1.0,µm,rod-shaped,1.0,"monotrichous, polar",negative,158540,65231,1,,2019-11-08 10:24:33
7357,1.5-3.5,1.5,3.5,µm,0.9,0.9,0.9,µm,rod-shaped,1.0,"monotrichous, polar",negative,158541,65231,1,,2019-11-08 10:24:33
7358,0.5-0.65,0.5,0.65,µm,0.4-0.55,0.4,0.55,µm,rod-shaped,0.0,,negative,158542,65590,1,,2019-11-08 10:24:33
7359,,,,,,,,,coccus-shaped,,,,158542,65590,1,,2019-11-08 10:24:33
7360,,,,,,,,,rod-shaped,1.0,,negative,158312,65232,1,,2019-11-08 10:24:33
7361,1-2,1.0,2.0,µm,0.3-0.4,0.3,0.4,µm,,0.0,,negative,158543,65233,1,,2019-11-08 10:24:33
7362,1.6-2,1.6,2.0,µm,0.9-1,0.9,1.0,µm,rod-shaped,0.0,,negative,158544,65234,1,,2019-11-08 10:24:33
7363,3.2-5.9,3.2,5.9,µm,1.1-1.3,1.1,1.3,µm,rod-shaped,0.0,,negative,158545,65235,1,,2019-11-08 10:24:33
7364,,,,,,,,,coccus-shaped,0.0,,positive,157075,65236,1,,2019-11-08 10:24:33
7365,2.2-3.1,2.2,3.1,µm,,,,,sphere-shaped,0.0,,negative,157132,65238,1,,2019-11-08 10:24:33
7366,1.5-2.1,1.5,2.1,µm,0.6-0.8,0.6,0.8,µm,rod-shaped,1.0,,negative,158305,65239,1,,2019-11-08 10:24:33
7367,1.5-2.0,1.5,2.0,µm,0.8-1.0,0.8,1.0,µm,rod-shaped,0.0,,negative,158546,65240,1,,2019-11-08 10:24:33
7368,,,,,,,,,coccus-shaped,,,,158546,65240,1,,2019-11-08 10:24:33
7369,2.0-5.0,2.0,5.0,µm,0.6-1.2,0.6,1.2,µm,rod-shaped,0.0,,negative,158547,65241,1,,2019-11-08 10:24:33
7370,1-3,1.0,3.0,µm,0.5-1,0.5,1.0,µm,rod-shaped,0.0,,negative,158548,65241,1,,2019-11-08 10:24:33
7371,1.8-2.1,1.8,2.1,µm,0.5-0.6,0.5,0.6,µm,rod-shaped,0.0,,negative,158549,65242,1,,2019-11-08 10:24:33
7372,,,,,,,,,,,,positive,158550,65243,1,,2019-11-08 10:24:33
7373,1.5-2.0,1.5,2.0,µm,0.3-0.4,0.3,0.4,µm,rod-shaped,1.0,peritrichous,positive,158295,65244,1,,2019-11-08 10:24:33
7374,1.5-3,1.5,3.0,µm,0.3-0.6,0.3,0.6,µm,rod-shaped,1.0,"monotrichous, polar",negative,158551,65245,1,,2019-11-08 10:24:33
7375,1.3-1.7,1.3,1.7,µm,0.3-0.5,0.3,0.5,µm,rod-shaped,1.0,gliding,negative,158552,65246,1,,2019-11-08 10:24:33
7376,2-8,2.0,8.0,µm,0.5-0.7,0.5,0.7,µm,rod-shaped,0.0,,negative,158553,65247,1,,2019-11-08 10:24:33
7377,0.6-0.9,0.6,0.9,µm,,,,,coccus-shaped,0.0,,negative,158554,65248,1,,2019-11-08 10:24:33
7378,,,,,,,,,rod-shaped,0.0,,negative,158555,65249,1,,2019-11-08 10:24:33
7379,0.8-1.8,0.8,1.8,µm,0.4-0.6,0.4,0.6,µm,rod-shaped,0.0,,negative,158556,65250,1,,2019-11-08 10:24:33
7380,0.8-1.5,0.8,1.5,µm,0.3-0.4,0.3,0.4,µm,rod-shaped,0.0,,negative,158557,65251,1,,2019-11-08 10:24:33
7381,0.5,0.5,0.5,µm,,,,,coccus-shaped,0.0,,positive,157127,65252,1,,2019-11-08 10:24:33
7382,,,,,,,,,,,,positive,158258,65253,1,,2019-11-08 10:24:33
7383,0.8-6,0.8,6.0,µm,0.2-0.5,0.2,0.5,µm,rod-shaped,0.0,,negative,158558,65254,1,,2019-11-08 10:24:33
7384,,,,,,,,,,1.0,,negative,158559,65255,1,,2019-11-08 10:24:33
7385,1-2.8,1.0,2.8,µm,0.6-0.8,0.6,0.8,µm,rod-shaped,0.0,,negative,158255,65256,1,,2019-11-08 10:24:33
7386,1.5-5,1.5,5.0,µm,0.5-0.6,0.5,0.6,µm,rod-shaped,0.0,,positive,158560,65257,1,,2019-11-08 10:24:33
7387,0.8-1.9,0.8,1.9,µm,0.3-0.6,0.3,0.6,µm,rod-shaped,0.0,,negative,158561,65258,1,,2019-11-08 10:24:33
7388,1.3-1.7,1.3,1.7,µm,0.5-0.6,0.5,0.6,µm,rod-shaped,0.0,,negative,158256,65259,1,,2019-11-08 10:24:33
7389,0.6-1,0.6,1.0,µm,0.4-0.5,0.4,0.5,µm,rod-shaped,1.0,,negative,157183,65261,1,,2019-11-08 10:24:33
7390,2-6.5,2.0,6.5,µm,0.4-0.7,0.4,0.7,µm,rod-shaped,0.0,,positive,158563,65262,1,,2019-11-08 10:24:33
7391,1-5,1.0,5.0,µm,0.6-1.1,0.6,1.1,µm,rod-shaped,0.0,,negative,158564,65263,1,,2019-11-08 10:24:33
7392,1.5,1.5,1.5,µm,0.4,0.4,0.4,µm,,,,negative,158565,65264,1,,2019-11-08 10:24:33
7393,1.1-1.4,1.1,1.4,µm,0.7-0.8,0.7,0.8,µm,rod-shaped,0.0,,positive,158257,65265,1,,2019-11-08 10:24:33
7394,,,,,,,,,ovoid-shaped,0.0,,negative,158566,65266,1,,2019-11-08 10:24:33
7395,3-4,3.0,4.0,µm,0.6-0.8,0.6,0.8,µm,rod-shaped,1.0,peritrichous,positive,158260,65267,1,,2019-11-08 10:24:33
7396,1.2-1.4,1.2,1.4,µm,0.5-0.6,0.5,0.6,µm,ovoid-shaped,0.0,,negative,158567,65268,1,,2019-11-08 10:24:33
7397,1.1-1.4,1.1,1.4,µm,0.3-0.4,0.3,0.4,µm,rod-shaped,0.0,,negative,158568,65269,1,,2019-11-08 10:24:33
7398,1-2,1.0,2.0,µm,0.6-0.8,0.6,0.8,µm,rod-shaped,1.0,,negative,158569,65591,1,,2019-11-08 10:24:33
7399,2.5-2.7,2.5,2.7,µm,0.9-1,0.9,1.0,µm,rod-shaped,1.0,"monotrichous, polar",positive,158570,65270,1,,2019-11-08 10:24:33
7400,,,,,,,,,rod-shaped,,,positive,139735,65271,1,,2019-11-08 10:24:33
7401,1.6,1.6,1.6,µm,1.2,1.2,1.2,µm,rod-shaped,0.0,,negative,158571,65272,1,,2019-11-08 10:24:33
7402,3-6,3.0,6.0,µm,0.5-1,0.5,1.0,µm,rod-shaped,0.0,,positive,158572,65273,1,,2019-11-08 10:24:33
7403,0.8,0.8,0.8,µm,,,,,coccus-shaped,0.0,,negative,158278,65274,1,,2019-11-08 10:24:33
7404,,,,,,,,,,0.0,,positive,158292,65275,1,,2019-11-08 10:24:33
7405,1.5-2.5,1.5,2.5,µm,0.8-1,0.8,1.0,µm,rod-shaped,1.0,"monotrichous, polar",negative,158573,65276,1,,2019-11-08 10:24:33
7406,0.8-1.7,0.8,1.7,µm,0.6-1,0.6,1.0,µm,rod-shaped,0.0,,positive,158266,65277,1,,2019-11-08 10:24:33
7407,0.6-1,0.6,1.0,µm,,,,,coccus-shaped,,,,158266,65277,1,,2019-11-08 10:24:33
7408,1.7-2.5,1.7,2.5,µm,0.6-0.8,0.6,0.8,µm,rod-shaped,1.0,peritrichous,positive,158293,65278,1,,2019-11-08 10:24:33
7409,4-4.5,4.0,4.5,µm,0.8-1,0.8,1.0,µm,rod-shaped,1.0,peritrichous,positive,158574,65279,1,,2019-11-08 10:24:33
7410,0.5-1,0.5,1.0,µm,0.3-0.5,0.3,0.5,µm,rod-shaped,,,,158281,65280,1,,2019-11-08 10:24:33
7411,0.5-0.7,0.5,0.7,µm,,,,,coccus-shaped,0.0,,negative,158575,65281,1,,2019-11-08 10:24:33
7412,,,,,,,,,rod-shaped,1.0,peritrichous,negative,158576,65282,1,,2019-11-08 10:24:33
7413,,,,,,,,,coccus-shaped,,,,158576,65282,1,,2019-11-08 10:24:33
7414,,,,,,,,,ovoid-shaped,,,,158576,65282,1,,2019-11-08 10:24:33
7415,1.5-2,1.5,2.0,µm,0.5-0.7,0.5,0.7,µm,rod-shaped,1.0,monopolar,negative,158577,65283,1,,2019-11-08 10:24:33
7416,1.9-2.1,1.9,2.1,µm,0.6-0.7,0.6,0.7,µm,rod-shaped,1.0,peritrichous,positive,158270,65284,1,,2019-11-08 10:24:33
7417,2-3.5,2.0,3.5,µm,0.5-0.7,0.5,0.7,µm,rod-shaped,1.0,polar,negative,158578,65285,1,,2019-11-08 10:24:33
7418,,,,,,,,,rod-shaped,,,negative,139753,65286,1,,2019-11-08 10:24:33
7419,0.5,0.5,0.5,µm,,,,,coccus-shaped,0.0,,positive,157063,65287,1,,2019-11-08 10:24:33
7420,1.9-2.7,1.9,2.7,µm,0.9-1.3,0.9,1.3,µm,coccus-shaped,0.0,,positive,158579,65288,1,,2019-11-08 10:24:33
7421,0.8-1,0.8,1.0,µm,0.2-0.3,0.2,0.3,µm,rod-shaped,0.0,,negative,158580,65289,1,,2019-11-08 10:24:33
7422,1.5-1.7,1.5,1.7,µm,0.6-0.8,0.6,0.8,µm,rod-shaped,0.0,,negative,158581,65290,1,,2019-11-08 10:24:33
7423,5-8,5.0,8.0,µm,1-1.5,1.0,1.5,µm,rod-shaped,0.0,,positive,158380,65291,1,,2019-11-08 10:24:33
7424,1-1.5,1.0,1.5,µm,0.2-0.5,0.2,0.5,µm,rod-shaped,0.0,,negative,158582,65292,1,,2019-11-08 10:24:33
7425,2.3-3.4,2.3,3.4,µm,0.6-0.8,0.6,0.8,µm,rod-shaped,0.0,,negative,158381,65293,1,,2019-11-08 10:24:33
7426,0.9-1.2,0.9,1.2,µm,0.6-0.7,0.6,0.7,µm,rod-shaped,1.0,amphitrichous,negative,158583,65294,1,,2019-11-08 10:24:33
7427,1-2,1.0,2.0,µm,0.8-1,0.8,1.0,µm,rod-shaped,1.0,"monotrichous, polar",negative,158584,65295,1,,2019-11-08 10:24:33
7428,,,,,,,,,,0.0,,positive,158323,65296,1,,2019-11-08 10:24:33
7429,4.2-10,4.2,10.0,µm,0.7-1.3,0.7,1.3,µm,,1.0,peritrichous,positive,158585,65297,1,,2019-11-08 10:24:33
7430,0.7-1.8,0.7,1.8,µm,0.4-0.6,0.4,0.6,µm,rod-shaped,0.0,,positive,158382,65298,1,,2019-11-08 10:24:33
7431,0.7-0.9,0.7,0.9,µm,0.4-0.5,0.4,0.5,µm,rod-shaped,0.0,,positive,158383,65299,1,,2019-11-08 10:24:33
7432,0.9-1.1,0.9,1.1,µm,0.4-0.5,0.4,0.5,µm,rod-shaped,0.0,,positive,158586,65299,1,,2019-11-08 10:24:33
7433,,,,,,,,,,,,positive,158319,65300,1,,2019-11-08 10:24:33
7434,0.8-10,0.8,10.0,µm,0.2-0.4,0.2,0.4,µm,rod-shaped,0.0,,negative,158587,65301,1,,2019-11-08 10:24:33
7435,1,1.0,1.0,µm,0.5,0.5,0.5,µm,rod-shaped,0.0,,positive,158588,65302,1,,2019-11-08 10:24:33
7436,0.9-1.3,0.9,1.3,µm,,,,,coccus-shaped,0.0,,negative,158589,65303,1,,2019-11-08 10:24:33
7437,1.1-2.4,1.1,2.4,µm,0.5-0.7,0.5,0.7,µm,rod-shaped,1.0,"monotrichous, polar",negative,158590,65304,1,,2019-11-08 10:24:33
7438,1.5-2.5,1.5,2.5,µm,0.5-1,0.5,1.0,µm,rod-shaped,0.0,,negative,158591,65305,1,,2019-11-08 10:24:33
7439,1.5-2.8,1.5,2.8,µm,0.5,0.5,0.5,µm,rod-shaped,0.0,,negative,158592,65592,1,,2019-11-08 10:24:33
7440,2.4-3,2.4,3.0,µm,0.8-1.2,0.8,1.2,µm,rod-shaped,0.0,,negative,158593,65306,1,,2019-11-08 10:24:33
7441,,,,,,,,,rod-shaped,0.0,,negative,158594,65307,1,,2019-11-08 10:24:33
7442,1.2-2.2,1.2,2.2,µm,0.4-0.5,0.4,0.5,µm,rod-shaped,1.0,gliding,negative,158595,65308,1,,2019-11-08 10:24:33
7443,0.2-0.8,0.2,0.8,µm,,,,,coccus-shaped,,,,158595,65308,1,,2019-11-08 10:24:33
7444,1.6-2.2,1.6,2.2,µm,0.6-0.8,0.6,0.8,µm,rod-shaped,1.0,,negative,158596,65309,1,,2019-11-08 10:24:33
7445,,,,,,,,,rod-shaped,1.0,"monotrichous, polar",negative,158384,65310,1,,2019-11-08 10:24:33
7446,,,,,,,,,rod-shaped,0.0,,negative,157757,65311,1,,2019-11-08 10:24:33
7447,,,,,,,,,,0.0,,positive,158386,65312,1,,2019-11-08 10:24:33
7448,,,,,,,,,,0.0,,positive,158385,65312,1,,2019-11-08 10:24:33
7449,0.8-1.3,0.8,1.3,µm,0.5-0.6,0.5,0.6,µm,rod-shaped,0.0,,negative,158597,65313,1,,2019-11-08 10:24:33
7450,0.8-1.5,0.8,1.5,µm,0.1-0.2,0.1,0.2,µm,rod-shaped,1.0,"monotrichous, polar",negative,158598,65314,1,,2019-11-08 10:24:33
7451,1.5-2.5,1.5,2.5,µm,0.6-1,0.6,1.0,µm,rod-shaped,0.0,,negative,158599,65315,1,,2019-11-08 10:24:33
7452,0.5-0.8,0.5,0.8,µm,,,,,ovoid-shaped,,,negative,158600,65316,1,,2019-11-08 10:24:33
7453,1-1.5,1.0,1.5,µm,0.4-0.6,0.4,0.6,µm,rod-shaped,,,,158600,65316,1,,2019-11-08 10:24:33
7454,1.8-2.8,1.8,2.8,µm,0.5-0.8,0.5,0.8,µm,rod-shaped,1.0,,variable,158601,65317,1,,2019-11-08 10:24:33
7455,,,,,,,,,rod-shaped,1.0,"monotrichous, polar",negative,158602,65318,1,,2019-11-08 10:24:33
7456,0.7-1.8,0.7,1.8,µm,0.45-0.68,0.45,0.68,µm,rod-shaped,0.0,,negative,158603,65319,1,,2019-11-08 10:24:33
7457,3-8,3.0,8.0,µm,0.7-1,0.7,1.0,µm,rod-shaped,1.0,polar,positive,158376,65320,1,,2019-11-08 10:24:33
7458,1-2.2,1.0,2.2,µm,0.5-1,0.5,1.0,µm,rod-shaped,1.0,,negative,158347,65321,1,,2019-11-08 10:24:33
7459,1.2,1.2,1.2,µm,0.7,0.7,0.7,µm,rod-shaped,1.0,polar,negative,158604,65322,1,,2019-11-08 10:24:33
7460,,,,,,,,,,,,positive,158315,65323,1,,2019-11-08 10:24:33
7461,1-2,1.0,2.0,µm,0.5-0.8,0.5,0.8,µm,rod-shaped,0.0,,negative,132586,65324,1,,2019-11-08 10:24:33
7462,1.2-2.2,1.2,2.2,µm,0.6-1.2,0.6,1.2,µm,rod-shaped,1.0,"monotrichous, polar",negative,158605,65325,1,,2019-11-08 10:24:33
7463,6-20,6.0,20.0,µm,0.1,0.1,0.1,µm,helical-shaped,1.0,,,158606,65326,1,,2019-11-08 10:24:33
7464,,,,,,,,,rod-shaped,,,negative,158607,65327,1,,2019-11-08 10:24:33
7465,,,,,,,,,rod-shaped,0.0,,positive,158608,65328,1,,2019-11-08 10:24:33
7466,7-11,7.0,11.0,µm,0.4-0.5,0.4,0.5,µm,rod-shaped,1.0,peritrichous,positive,158609,65329,1,,2019-11-08 10:24:33
7467,2.5-4,2.5,4.0,µm,0.3-0.5,0.3,0.5,µm,rod-shaped,1.0,peritrichous,positive,158610,65330,1,,2019-11-08 10:24:33
7468,1-1.8,1.0,1.8,µm,0.6-0.8,0.6,0.8,µm,rod-shaped,0.0,,negative,158611,65331,1,,2019-11-08 10:24:33
7469,,,,,,,,,rod-shaped,0.0,,positive,158387,65332,1,,2019-11-08 10:24:33
7470,,,,,,,,,,0.0,,positive,158325,65333,1,,2019-11-08 10:24:33
7471,0.8-1,0.8,1.0,µm,0.5-0.6,0.5,0.6,µm,rod-shaped,0.0,,negative,158612,65334,1,,2019-11-08 10:24:33
7472,1.6-1.7,1.6,1.7,µm,0.6-0.75,0.6,0.75,µm,rod-shaped,1.0,,negative,158613,65335,1,,2019-11-08 10:24:33
7473,1.9-2.1,1.9,2.1,µm,0.6-0.8,0.6,0.8,µm,rod-shaped,1.0,,negative,158614,65336,1,,2019-11-08 10:24:33
7474,1.5-2.5,1.5,2.5,µm,0.3-0.8,0.3,0.8,µm,rod-shaped,1.0,"monotrichous, polar",negative,158616,65338,1,,2019-11-08 10:24:33
7475,2.1-5.6,2.1,5.6,µm,0.8-1,0.8,1.0,µm,rod-shaped,0.0,,negative,158615,65337,1,,2019-11-08 10:24:33
7476,0.6-3,0.6,3.0,µm,0.2-0.8,0.2,0.8,µm,rod-shaped,0.0,,negative,158617,65339,1,,2019-11-08 10:24:33
7477,,,,,,,,,ovoid-shaped,,,,158617,65339,1,,2019-11-08 10:24:33
7478,1.5-4.1,1.5,4.1,µm,0.3-0.45,0.3,0.45,µm,rod-shaped,0.0,,positive,158390,65340,1,,2019-11-08 10:24:33
7479,1.8-2.2,1.8,2.2,µm,0.45-0.55,0.45,0.55,µm,rod-shaped,1.0,,negative,158618,65341,1,,2019-11-08 10:24:33
7480,2-3,2.0,3.0,µm,0.7-0.9,0.7,0.9,µm,rod-shaped,1.0,"monotrichous, polar",negative,158350,65342,1,,2019-11-08 10:24:33
7481,2-3.25,2.0,3.25,µm,1.1-1.5,1.1,1.5,µm,rod-shaped,1.0,gliding,negative,158619,65343,1,,2019-11-08 10:24:33
7482,1.8-2.2,1.8,2.2,µm,0.6-1,0.6,1.0,µm,rod-shaped,1.0,,negative,158620,65344,1,,2019-11-08 10:24:33
7483,1.3-2.2,1.3,2.2,µm,0.6-1,0.6,1.0,µm,rod-shaped,1.0,"monotrichous, polar",negative,158322,65345,1,,2019-11-08 10:24:33
7484,0.7-1,0.7,1.0,µm,0.3-0.5,0.3,0.5,µm,rod-shaped,0.0,,positive,158621,65346,1,,2019-11-08 10:24:33
7485,,,,,,,,,rod-shaped,0.0,,negative,158622,65347,1,,2019-11-08 10:24:33
7486,1.5-3,1.5,3.0,µm,0.4-0.6,0.4,0.6,µm,rod-shaped,0.0,,negative,158623,65348,1,,2019-11-08 10:24:33
7487,1.2-3.4,1.2,3.4,µm,0.3-0.4,0.3,0.4,µm,rod-shaped,1.0,gliding,negative,158624,65349,1,,2019-11-08 10:24:33
7488,1-1.2,1.0,1.2,µm,0.6-0.8,0.6,0.8,µm,rod-shaped,0.0,,positive,158625,65350,1,,2019-11-08 10:24:33
7489,0.2-0.3,0.2,0.3,µm,0.1-0.2,0.1,0.2,µm,rod-shaped,0.0,,negative,158626,65351,1,,2019-11-08 10:24:33
7490,,,,,,,,,,0.0,,positive,158627,65352,1,,2019-11-08 10:24:33
7491,,,,,,,,,,0.0,,positive,158628,65352,1,,2019-11-08 10:24:33
7492,2-5,2.0,5.0,µm,0.4-0.6,0.4,0.6,µm,rod-shaped,,,positive,158629,65353,1,,2019-11-08 10:24:33
7493,2-5,2.0,5.0,µm,0.4-0.6,0.4,0.6,µm,rod-shaped,,,positive,158630,65353,1,,2019-11-08 10:24:33
7494,1.5-1.9,1.5,1.9,µm,0.6-0.8,0.6,0.8,µm,rod-shaped,1.0,,negative,158631,65354,1,,2019-11-08 10:24:33
7495,,,,,,,,,rod-shaped,1.0,,positive,158391,65355,1,,2019-11-08 10:24:33
7496,,,,,,,,,,,,positive,158633,65356,1,,2019-11-08 10:24:33
7497,,,,,,,,,rod-shaped,0.0,,negative,158632,65357,1,,2019-11-08 10:24:33
7498,2-5,2.0,5.0,µm,0.6-0.7,0.6,0.7,µm,rod-shaped,1.0,peritrichous,positive,158353,65358,1,,2019-11-08 10:24:33
7499,0.7-1.5,0.7,1.5,µm,0.4-0.5,0.4,0.5,µm,rod-shaped,0.0,,negative,158634,65359,1,,2019-11-08 10:24:33
7500,0.9-1.3,0.9,1.3,µm,0.3-0.5,0.3,0.5,µm,rod-shaped,0.0,,negative,158635,65360,1,,2019-11-08 10:24:33
7501,1.7-4.5,1.7,4.5,µm,0.3-0.5,0.3,0.5,µm,rod-shaped,1.0,gliding,negative,158636,65361,1,,2019-11-08 10:24:33
7502,2.24-3.84,2.24,3.84,µm,0.8-0.89,0.8,0.89,µm,rod-shaped,0.0,,negative,158637,65362,1,,2019-11-08 10:24:33
7503,0.9-2.2,0.9,2.2,µm,0.6-1.2,0.6,1.2,µm,rod-shaped,0.0,,negative,158638,65363,1,,2019-11-08 10:24:33
7504,,,,,,,,,coccus-shaped,,,,158638,65363,1,,2019-11-08 10:24:33
7505,1.4-1.8,1.4,1.8,µm,0.4-0.5,0.4,0.5,µm,rod-shaped,,,negative,158639,65364,1,,2019-11-08 10:24:33
7506,,,,,,,,,,0.0,gliding,,158639,65364,1,,2019-11-08 10:24:33
7507,2.4-5,2.4,5.0,µm,0.9-1.6,0.9,1.6,µm,rod-shaped,0.0,,negative,158640,65365,1,,2019-11-08 10:24:33
7508,0.8-1.2,0.8,1.2,µm,0.4-0.5,0.4,0.5,µm,rod-shaped,1.0,"monotrichous, polar",negative,158641,65366,1,,2019-11-08 10:24:33
7509,0.8-1.1,0.8,1.1,µm,0.9-1,0.9,1.0,µm,ovoid-shaped,0.0,,positive,158642,65367,1,,2019-11-08 10:24:33
7510,,,,,,,,,,,,positive,158643,65368,1,,2019-11-08 10:24:33
7511,,,,,,,,,rod-shaped,1.0,subpolar,negative,158644,65593,1,,2019-11-08 10:24:33
7512,,,,,,,,,,0.0,,positive,158363,65369,1,,2019-11-08 10:24:33
7513,1-1.1,1.0,1.1,µm,0.4-0.5,0.4,0.5,µm,rod-shaped,0.0,,positive,158645,65370,1,,2019-11-08 10:24:33
7514,1-2,1.0,2.0,µm,0.3.0.6,0.3,0.3,µm,rod-shaped,1.0,gliding,negative,158646,65371,1,,2019-11-08 10:24:33
7515,1-4,1.0,4.0,µm,,,,,rod-shaped,1.0,peritrichous,negative,158647,65372,1,,2019-11-08 10:24:33
7516,2.2-3.8,2.2,3.8,µm,0.8-1.2,0.8,1.2,µm,rod-shaped,1.0,subpolar,positive,158648,65373,1,,2019-11-08 10:24:33
7517,1.2-1.6,1.2,1.6,µm,0.6-0.7,0.6,0.7,µm,rod-shaped,1.0,subpolar,negative,158649,65374,1,,2019-11-08 10:24:33
7518,2-2.5,2.0,2.5,µm,0.5-1,0.5,1.0,µm,rod-shaped,1.0,polar,negative,158354,65375,1,,2019-11-08 10:24:33
7519,1-1.6,1.0,1.6,µm,0.3-0.5,0.3,0.5,µm,rod-shaped,1.0,peritrichous,negative,158650,65376,1,,2019-11-08 10:24:33
7520,,,,,,,,,coccus-shaped,0.0,,positive,158397,65377,1,,2019-11-08 10:24:33
7521,0.9-1.6,0.9,1.6,µm,0.4-0.6,0.4,0.6,µm,rod-shaped,1.0,,positive,158651,65378,1,,2019-11-08 10:24:33
7522,1.7-2.8,1.7,2.8,µm,0.8-1,0.8,1.0,µm,rod-shaped,1.0,,negative,158652,65379,1,,2019-11-08 10:24:33
7523,2,2.0,2.0,µm,1,1.0,1.0,µm,rod-shaped,0.0,,negative,158653,65380,1,,2019-11-08 10:24:33
7524,0.8-7,0.8,7.0,µm,0.2-0.4,0.2,0.4,µm,rod-shaped,0.0,,negative,158654,65381,1,,2019-11-08 10:24:33
7525,1.2-2.8,1.2,2.8,µm,0.2-0.4,0.2,0.4,µm,rod-shaped,1.0,"monotrichous, polar",negative,158655,65382,1,,2019-11-08 10:24:33
7526,0.8-2.2,0.8,2.2,µm,,,,,coccus-shaped,,,,158656,65383,1,,2019-11-08 10:24:33
7527,1-1.8,1.0,1.8,µm,0.6-1,0.6,1.0,µm,rod-shaped,0.0,,negative,158657,65384,1,,2019-11-08 10:24:33
7528,0.4-10,0.4,10.0,µm,0.2-0.8,0.2,0.8,µm,rod-shaped,0.0,,negative,158658,65385,1,,2019-11-08 10:24:33
7529,,,,,,,,,ovoid-shaped,,,,158658,65385,1,,2019-11-08 10:24:33
7530,,,,,,,,,,,,positive,158659,65386,1,,2019-11-08 10:24:33
7531,0.98-1-22,0.98,22.0,µm,0.45-0.65,0.45,0.65,µm,rod-shaped,0.0,,negative,158660,65387,1,,2019-11-08 10:24:33
7532,1.2-3.6,1.2,3.6,µm,0.3-0.5,0.3,0.5,µm,rod-shaped,1.0,gliding,negative,158661,65388,1,,2019-11-08 10:24:33
7533,,,,,,,,,,,,positive,158662,65389,1,,2019-11-08 10:24:33
7534,1.3-2.1,1.3,2.1,µm,0.2-0.5,0.2,0.5,µm,other,0.0,,negative,158663,65390,1,,2019-11-08 10:24:33
7535,1.66-2.21,1.66,2.21,µm,,,,,coccus-shaped,,,positive,158664,65391,1,,2019-11-08 10:24:33
7536,0.9-1.6,0.9,1.6,µm,0.6-0.8,0.6,0.8,µm,rod-shaped,0.0,,positive,158413,65392,1,,2019-11-08 10:24:33
7537,0.9-2.3,0.9,2.3,µm,0.3-0.4,0.3,0.4,µm,rod-shaped,0.0,,positive,158411,65392,1,,2019-11-08 10:24:33
7538,0.8-1.6,0.8,1.6,µm,0.5-0.7,0.5,0.7,µm,rod-shaped,0.0,,positive,158412,65392,1,,2019-11-08 10:24:33
7539,1.8-2.2,1.8,2.2,µm,0.45-0.65,0.45,0.65,µm,rod-shaped,0.0,,negative,158665,65393,1,,2019-11-08 10:24:33
7540,,,,,,,,,,,,positive,158666,65394,1,,2019-11-08 10:24:33
7541,2.5-20.6,2.5,20.6,µm,0.3-0.7,0.3,0.7,µm,rod-shaped,0.0,,negative,158667,65395,1,,2019-11-08 10:24:33
7542,0.8-2.5,0.8,2.5,µm,0.5-1.5,0.5,1.5,µm,rod-shaped,1.0,peritrichous,negative,139784,65396,1,,2019-11-08 10:24:33
7543,,,,,,,,,ovoid-shaped,,,,139784,65396,1,,2019-11-08 10:24:33
7544,0.8-2.1,0.8,2.1,µm,0.3-0.6,0.3,0.6,µm,rod-shaped,,,,158668,65397,1,,2019-11-08 10:24:33
7545,2-5.5,2.0,5.5,µm,0.3-0.4,0.3,0.4,µm,rod-shaped,0.0,,negative,158669,65398,1,,2019-11-08 10:24:33
7546,,,,,,,,,,,,positive,158253,65399,1,,2019-11-08 10:24:33
7547,1.8-2.1,1.8,2.1,µm,0.5-0.7,0.5,0.7,µm,rod-shaped,1.0,,positive,158259,65400,1,,2019-11-08 10:24:33
7548,,,,,,,,,,,peritrichous,,158259,65400,1,,2019-11-08 10:24:33
7549,0.6-0.8,0.6,0.8,µm,0.3-0.4,0.3,0.4,µm,rod-shaped,0.0,,negative,158670,65401,1,,2019-11-08 10:24:33
7550,0.4-0.7,0.4,0.7,µm,0.2-0.3,0.2,0.3,µm,rod-shaped,0.0,,negative,158671,65401,1,,2019-11-08 10:24:33
7551,1.2-3.0,1.2,3.0,µm,0.4,0.4,0.4,µm,rod-shaped,0.0,,negative,158672,65402,1,,2019-11-08 10:24:33
7552,2.3-3.0,2.3,3.0,µm,0.5-1.0,0.5,1.0,µm,rod-shaped,1.0,,negative,158673,65403,1,,2019-11-08 10:24:33
7553,,,,,,,,,,0.0,,negative,158282,65404,1,,2019-11-08 10:24:33
7554,1.0-1.3,1.0,1.3,µm,,,,,coccus-shaped,1.0,,positive,158283,65405,1,,2019-11-08 10:24:33
7555,1.0-1.3,1.0,1.3,µm,,,,,coccus-shaped,1.0,,positive,158284,65405,1,,2019-11-08 10:24:33
7556,2.4-4.1,2.4,4.1,µm,0.9-1.0,0.9,1.0,µm,rod-shaped,1.0,,negative,158674,65406,1,,2019-11-08 10:24:33
7557,2.0-2.5,2.0,2.5,µm,0.3-0.5,0.3,0.5,µm,rod-shaped,0.0,,negative,158675,65407,1,,2019-11-08 10:24:33
7558,,,,,,,,,rod-shaped,1.0,polar,negative,158676,65408,1,,2019-11-08 10:24:33
7559,0.80-1.6,0.8,1.6,µm,0.55-0.75,0.55,0.75,µm,rod-shaped,0.0,,positive,158677,65409,1,,2019-11-08 10:24:33
7560,1.3-2.1,1.3,2.1,µm,0.6-0.9,0.6,0.9,µm,rod-shaped,1.0,,negative,158678,65410,1,,2019-11-08 10:24:33
7561,1.6-1.9,1.6,1.9,µm,1.2-1.4,1.2,1.4,µm,coccus-shaped,1.0,,negative,158679,65411,1,,2019-11-08 10:24:33
7562,1.7-2.4,1.7,2.4,µm,0.7-1.1,0.7,1.1,µm,rod-shaped,1.0,polar,negative,158275,65413,1,,2019-11-08 10:24:33
7563,1.4-2.9,1.4,2.9,µm,0.6-1.7,0.6,1.7,µm,rod-shaped,1.0,,negative,158279,65414,1,,2019-11-08 10:24:33
7564,2.3-3.3,2.3,3.3,µm,0.6-1.1,0.6,1.1,µm,,1.0,,negative,158680,65415,1,,2019-11-08 10:24:33
7565,,,,,,,,,rod-shaped,,,,158280,65416,1,,2019-11-08 10:24:33
7566,2.0-3.5,2.0,3.5,µm,0.5-0.8,0.5,0.8,µm,ovoid-shaped,1.0,polar,negative,158280,65416,1,,2019-11-08 10:24:33
7567,,,,,,,,,coccus-shaped,0.0,,negative,158681,65417,1,,2019-11-08 10:24:33
7568,,,,,,,,,rod-shaped,,,,158681,65417,1,,2019-11-08 10:24:33
7569,,,,,,,,,ovoid-shaped,,,,158681,65417,1,,2019-11-08 10:24:33
7570,0.4-1.6,0.4,1.6,µm,0.3-0.6,0.3,0.6,µm,,,,,158681,65417,1,,2019-11-08 10:24:33
7571,,,,,,,,,rod-shaped,1.0,,negative,158682,65418,1,,2019-11-08 10:24:33
7572,0.9-4.9,0.9,4.9,µm,0.3-0.6,0.3,0.6,µm,rod-shaped,0.0,,negative,158683,65419,1,,2019-11-08 10:24:33
7573,1.0-2.0,1.0,2.0,µm,0.2-0.4,0.2,0.4,µm,rod-shaped,0.0,,negative,158684,65420,1,,2019-11-08 10:24:33
7574,1.3-1.9,1.3,1.9,µm,0.3-0.5,0.3,0.5,µm,rod-shaped,0.0,,negative,158685,65421,1,,2019-11-08 10:24:33
7575,,,,,,,,,rod-shaped,,,negative,158686,65422,1,,2019-11-08 10:24:33
7576,1.9-4.2,1.9,4.2,µm,0.7-0.9,0.7,0.9,µm,rod-shaped,1.0,gliding,negative,158687,65423,1,,2019-11-08 10:24:33
7577,,,,,0.6-1.0,0.6,1.0,µm,coccus-shaped,1.0,,positive,158688,65424,1,,2019-11-08 10:24:33
7578,2.4,2.4,2.4,µm,0.8-1.5,0.8,1.5,µm,coccus-shaped,0.0,,positive,158388,65425,1,,2019-11-08 10:24:33
7579,1.1-2.5,1.1,2.5,µm,0.3-0.4,0.3,0.4,µm,rod-shaped,1.0,gliding,negative,158689,65426,1,,2019-11-08 10:24:33
7580,0.8-4.0,0.8,4.0,µm,0.2-0.5,0.2,0.5,µm,rod-shaped,1.0,gliding,negative,158690,65427,1,,2019-11-08 10:24:33
7581,1.6-3.2,1.6,3.2,µm,0.7-1.2,0.7,1.2,µm,rod-shaped,0.0,,negative,158691,65428,1,,2019-11-08 10:24:33
7582,,,,,,,,,pleomorphic-shaped,0.0,,negative,158348,65429,1,,2019-11-08 10:24:33
7583,,,,,,,,,rod-shaped,0.0,,negative,158349,65429,1,,2019-11-08 10:24:33
7584,1.0-1.2,1.0,1.2,µm,0.6-0.8,0.6,0.8,µm,rod-shaped,0.0,,negative,158692,65430,1,,2019-11-08 10:24:33
7585,0.8-1.2,0.8,1.2,µm,0.4-0.6,0.4,0.6,µm,rod-shaped,0.0,,negative,158693,65433,1,,2019-11-08 10:24:33
7586,1-2,1.0,2.0,µm,0.5,0.5,0.5,µm,rod-shaped,1.0,polar,negative,158694,65431,1,,2019-11-08 10:24:33
7587,,,,,,,,,rod-shaped,1.0,polar,positive,158389,65432,1,,2019-11-08 10:24:33
7588,2-3,2.0,3.0,µm,0.5-0.8,0.5,0.8,µm,,,,,158389,65432,1,,2019-11-08 10:24:33
7589,3.0-6.0,3.0,6.0,µm,0.5-0.7,0.5,0.7,µm,rod-shaped,1.0,peritrichous,positive,158695,65434,1,,2019-11-08 10:24:33
7590,,,,,0.8-1.2,0.8,1.2,µm,ovoid-shaped,1.0,,negative,158696,65435,1,,2019-11-08 10:24:33
7591,,,,,,,,,rod-shaped,0.0,,negative,158697,65436,1,,2019-11-08 10:24:33
7592,2.6-8.5,2.6,8.5,µm,0.9-1.1,0.9,1.1,µm,rod-shaped,1.0,gliding,negative,158698,65437,1,,2019-11-08 10:24:33
7593,2.0,2.0,2.0,µm,0.4,0.4,0.4,µm,rod-shaped,1.0,monotrichous,negative,158699,65438,1,,2019-11-08 10:24:33
7594,,,,,,,,,rod-shaped,,,,158700,65439,1,,2019-11-08 10:24:33
7595,5.0-15.0,5.0,15.0,µm,0.5-0.8,0.5,0.8,µm,,,,,158700,65439,1,,2019-11-08 10:24:33
7596,,,,,,,,,,,,negative,158700,65439,1,,2019-11-08 10:24:33
7597,2.5-4.0,2.5,4.0,µm,0.4-0.6,0.4,0.6,µm,rod-shaped,1.0,gliding,negative,158701,65440,1,,2019-11-08 10:24:33
7598,2-5,2.0,5.0,µm,1,1.0,1.0,µm,rod-shaped,0.0,,positive,158395,65441,1,,2019-11-08 10:24:33
7599,,,,,,,,,,0.0,,positive,158702,65442,1,,2019-11-08 10:24:33
7600,0.6-16,0.6,16.0,µm,0.4-0.5,0.4,0.5,µm,rod-shaped,,,,158703,65443,1,,2019-11-08 10:24:33
7601,,,,,,,,,,,,negative,158703,65443,1,,2019-11-08 10:24:33
7602,,,,,,,,,,0.0,,,158703,65443,1,,2019-11-08 10:24:33
7603,,,,,,,,,,,,positive,140448,65444,1,,2019-11-08 10:24:33
7604,2.6-3.5,2.6,3.5,µm,0.5,0.5,0.5,µm,rod-shaped,1.0,,positive,158068,65445,1,,2019-11-08 10:24:33
7605,,,,,,,,,,,,positive,158704,65446,1,,2019-11-08 10:24:33
7606,1.7-3.6,1.7,3.6,µm,0.6-0.8,0.6,0.8,µm,rod-shaped,1.0,gliding,negative,158705,65447,1,,2019-11-08 10:24:33
7607,,,,,0.2-0.4,0.2,0.4,µm,rod-shaped,0.0,,negative,158706,65448,1,,2019-11-08 10:24:33
7608,0.4-1.0,0.4,1.0,µm,0.4-0.6,0.4,0.6,µm,coccus-shaped,,,negative,158707,65449,1,,2019-11-08 10:24:33
7609,1.1-1.3,1.1,1.3,µm,0.3-0.4,0.3,0.4,µm,rod-shaped,1.0,polar,negative,158708,65450,1,,2019-11-08 10:24:33
7610,1-1.3,1.0,1.3,µm,0.4-0.6,0.4,0.6,µm,,,,,158709,65451,1,,2019-11-08 10:24:33
7611,,,,,,,,,,1.0,polar,negative,158709,65451,1,,2019-11-08 10:24:33
7612,,,,,,,,,rod-shaped,,,,158709,65451,1,,2019-11-08 10:24:33
7613,0.3-2.0,0.3,2.0,µm,,,,,rod-shaped,,polar,negative,158710,65452,1,,2019-11-08 10:24:33
7614,,,,,,,,,,,,positive,158711,65453,1,,2019-11-08 10:24:33
7615,0.8-1.6,0.8,1.6,µm,0.5-0.7,0.5,0.7,µm,rod-shaped,1.0,monopolar,positive,158712,65454,1,,2019-11-08 10:24:33
7616,0.5-6.0,0.5,6.0,µm,0.3-1.0,0.3,1.0,µm,rod-shaped,1.0,monopolar,negative,158713,65455,1,,2019-11-08 10:24:33
7617,1.0-1.5,1.0,1.5,µm,0.5-0.7,0.5,0.7,µm,rod-shaped,0.0,,positive,158714,65456,1,,2019-11-08 10:24:33
7618,0.3-1.6,0.3,1.6,µm,0.5-1.0,0.5,1.0,µm,rod-shaped,0.0,,negative,158715,65457,1,,2019-11-08 10:24:33
7619,0.5-10.0,0.5,10.0,µm,0.2-0.6,0.2,0.6,µm,rod-shaped,0.0,,negative,158355,65458,1,,2019-11-08 10:24:33
7620,0.8-1.2,0.8,1.2,µm,,,,,coccus-shaped,0.0,,negative,158716,65459,1,,2019-11-08 10:24:33
7621,0.8-1.2,0.8,1.2,µm,,,,,coccus-shaped,0.0,,negative,158352,65460,1,,2019-11-08 10:24:33
7622,,,,,,,,,rod-shaped,1.0,,negative,158717,65461,1,,2019-11-08 10:24:33
7623,1.0-2.0,1.0,2.0,µm,0.5-1,0.5,1.0,µm,rod-shaped,1.0,polar,,158718,65462,1,,2019-11-08 10:24:33
7624,,,,,,,,,,,,negative,158718,65462,1,,2019-11-08 10:24:33
7625,,,,,,,,,,,,positive,158719,65463,1,,2019-11-08 10:24:33
7626,1.5-2.0,1.5,2.0,µm,0.7-0.9,0.7,0.9,µm,rod-shaped,1.0,,negative,12966,65464,1,,2019-11-08 10:24:33
7627,2.0,2.0,2.0,µm,1.5,1.5,1.5,µm,rod-shaped,,,,158720,65465,1,,2019-11-08 10:24:33
7628,,,,,,,,,,0.0,,positive,158373,65467,1,,2019-11-08 10:24:33
7629,3-5,3.0,5.0,µm,0.5-1.0,0.5,1.0,µm,,1.0,,positive,158721,65468,1,,2019-11-08 10:24:33
7630,1-1.2,1.0,1.2,µm,,,,,,0.0,,positive,158722,65469,1,,2019-11-08 10:24:33
7631,1.5-1.6,1.5,1.6,µm,0.5-0.6,0.5,0.6,µm,rod-shaped,0.0,,negative,158723,65470,1,,2019-11-08 10:24:33
7632,,,,,,,,,rod-shaped,1.0,,positive,158724,65471,1,,2019-11-08 10:24:33
7633,2.5-3.3,2.5,3.3,µm,0.7-0.9,0.7,0.9,µm,rod-shaped,1.0,,positive,158725,65472,1,,2019-11-08 10:24:33
7634,1.0-1.5,1.0,1.5,µm,0.8-1.0,0.8,1.0,µm,rod-shaped,1.0,,positive,158403,65473,1,,2019-11-08 10:24:33
7635,0.8-1.0,0.8,1.0,µm,0.4-0.5,0.4,0.5,µm,rod-shaped,1.0,gliding,negative,158726,65474,1,,2019-11-08 10:24:33
7636,,,,,,,,,,0.0,,positive,158727,65475,1,,2019-11-08 10:24:33
7637,1-0.25,1.0,0.25,µm,,,,,rod-shaped,,,negative,157587,65477,1,,2019-11-08 10:24:33
7638,1-1.5,1.0,1.5,µm,,,,,rod-shaped,1.0,,negative,158728,65478,1,,2019-11-08 10:24:33
7639,1-2.5,1.0,2.5,µm,0.4-0.8,0.4,0.8,µm,rod-shaped,1.0,gliding,negative,158729,65479,1,,2019-11-08 10:24:33
7640,0.6-0.8,0.6,0.8,µm,0.4-0.5,0.4,0.5,µm,,,,positive,158730,65481,1,,2019-11-08 10:24:33
7641,3.0-4.8,3.0,4.8,µm,1-1.3,1.0,1.3,µm,rod-shaped,1.0,peritrichous,positive,158731,65594,1,,2019-11-08 10:24:33
7642,1.2-2.2,1.2,2.2,µm,0.6-1,0.6,1.0,µm,rod-shaped,0.0,,negative,158732,65482,1,,2019-11-08 10:24:33
7643,1.1-5.3,1.1,5.3,µm,0.2-0.6,0.2,0.6,µm,rod-shaped,0.0,,negative,158733,65483,1,,2019-11-08 10:24:33
7644,1.8-8.5,1.8,8.5,µm,0.6-0.8,0.6,0.8,µm,rod-shaped,,,positive,158351,65484,1,,2019-11-08 10:24:33
7645,1.5-2.1,1.5,2.1,µm,0.5-0.7,0.5,0.7,µm,rod-shaped,1.0,polar,negative,158734,65485,1,,2019-11-08 10:24:33
7646,1.9-3.1,1.9,3.1,µm,0.8-1.2,0.8,1.2,µm,rod-shaped,1.0,,negative,132060,65486,1,,2019-11-08 10:24:33
7647,2.5-3.7,2.5,3.7,µm,0.9-1.1,0.9,1.1,µm,rod-shaped,,,negative,158735,65486,1,,2019-11-08 10:24:33
7648,0.8-1.8,0.8,1.8,µm,0.6-1.2,0.6,1.2,µm,rod-shaped,1.0,gliding,negative,158736,65487,1,,2019-11-08 10:24:33
7649,,,,,,,,,rod-shaped,,,,158737,65488,1,,2019-11-08 10:24:33
7650,2.1-3.2,2.1,3.2,µm,0.7-1.2,0.7,1.2,µm,ovoid-shaped,0.0,,negative,158737,65488,1,,2019-11-08 10:24:33
7651,,,,,,,,,rod-shaped,,,negative,158738,65489,1,,2019-11-08 10:24:33
7652,1.6-2.3,1.6,2.3,µm,0.8-1.0,0.8,1.0,µm,rod-shaped,1.0,peritrichous,variable,158739,65490,1,,2019-11-08 10:24:33
7653,2.0-3.2,2.0,3.2,µm,0.5,0.5,0.5,µm,rod-shaped,0.0,,negative,158740,65491,1,,2019-11-08 10:24:33
7654,0.8-1.0,0.8,1.0,µm,0.5-0.7,0.5,0.7,µm,rod-shaped,1.0,,negative,158741,65492,1,,2019-11-08 10:24:33
7655,1.0-1.5,1.0,1.5,µm,0.3-0.5,0.3,0.5,µm,rod-shaped,0.0,,negative,158742,65493,1,,2019-11-08 10:24:33
7656,1.2-1.5,1.2,1.5,µm,0.3-0.5,0.3,0.5,µm,rod-shaped,0.0,,negative,158743,65493,1,,2019-11-08 10:24:33
7657,1.4-1.6,1.4,1.6,µm,0.2-0.3,0.2,0.3,µm,rod-shaped,1.0,gliding,negative,158744,65494,1,,2019-11-08 10:24:33
7658,1.7-2.0,1.7,2.0,µm,0.4-0.5,0.4,0.5,µm,rod-shaped,0.0,,negative,158745,65495,1,,2019-11-08 10:24:33
7659,1.1-2.1,1.1,2.1,µm,0.4-0.6,0.4,0.6,µm,rod-shaped,1.0,polar,negative,158276,65496,1,,2019-11-08 10:24:33
7660,4.2-4.8,4.2,4.8,µm,1.2-2.0,1.2,2.0,µm,rod-shaped,1.0,,negative,158746,65497,1,,2019-11-08 10:24:33
7661,0.6-3.5,0.6,3.5,µm,0.6-2.3,0.6,2.3,µm,pleomorphic-shaped,1.0,,negative,158747,65498,1,,2019-11-08 10:24:33
7662,,,,,,,,,coccus-shaped,,,positive,158748,65499,1,,2019-11-08 10:24:33
7663,,,,,,,,,rod-shaped,,,positive,158285,65500,1,,2019-11-08 10:24:33
7664,,,,,,,,,,0.0,,positive,158291,65501,1,,2019-11-08 10:24:33
7665,1.1-2.0,1.1,2.0,µm,0.5-0.7,0.5,0.7,µm,rod-shaped,1.0,peritrichous,negative,158749,65502,1,,2019-11-08 10:24:33
7666,1.5-2.0,1.5,2.0,µm,0.7-0.9,0.7,0.9,µm,rod-shaped,1.0,peritrichous,negative,158750,65502,1,,2019-11-08 10:24:33
7667,1.0-2.0,1.0,2.0,µm,0.5-1.0,0.5,1.0,µm,rod-shaped,1.0,peritrichous,negative,23013,65502,1,,2019-11-08 10:24:33
7668,1.2-1.5,1.2,1.5,µm,0.4-0.6,0.4,0.6,µm,rod-shaped,0.0,,negative,158751,65503,1,,2019-11-08 10:24:33
7669,0.4-2.0,0.4,2.0,µm,0.4-0.8,0.4,0.8,µm,rod-shaped,0.0,,negative,158752,65504,1,,2019-11-08 10:24:33
7670,,,,,,,,,coccus-shaped,,,,158752,65504,1,,2019-11-08 10:24:33
7671,,,,,,,,,ovoid-shaped,,,,158752,65504,1,,2019-11-08 10:24:33
7672,0.8-1.3,0.8,1.3,µm,0.4-0.7,0.4,0.7,µm,rod-shaped,,,negative,158753,65505,1,,2019-11-08 10:24:33
7673,0.4-3.0,0.4,3.0,µm,0.3-0.6,0.3,0.6,µm,rod-shaped,1.0,polar,negative,158754,65506,1,,2019-11-08 10:24:33
7674,0.5-1.0,0.5,1.0,µm,0.2-0.3,0.2,0.3,µm,rod-shaped,0.0,,negative,158755,65507,1,,2019-11-08 10:24:33
7675,1.3-2.0,1.3,2.0,µm,0.4-0.5,0.4,0.5,µm,rod-shaped,0.0,,negative,158756,65508,1,,2019-11-08 10:24:33
7676,1.6-2.2,1.6,2.2,µm,0.6-0.7,0.6,0.7,µm,rod-shaped,1.0,monopolar,negative,158757,65509,1,,2019-11-08 10:24:33
7677,1.4-1.6,1.4,1.6,µm,0.8-1.0,0.8,1.0,µm,rod-shaped,,,positive,158758,65510,1,,2019-11-08 10:24:33
7678,2.3-2.6,2.3,2.6,µm,0.9-1.2,0.9,1.2,µm,,,,negative,158759,65511,1,,2019-11-08 10:24:33
7679,1.3-2.5,1.3,2.5,µm,0.5-0.8,0.5,0.8,µm,rod-shaped,1.0,,positive,158760,65512,1,,2019-11-08 10:24:33
7680,1.75-3.6,1.75,3.6,µm,0.75,0.75,0.75,µm,rod-shaped,1.0,polar,negative,158761,65513,1,,2019-11-08 10:24:33
7681,,,,,,,,,,,,positive,158014,65514,1,,2019-11-08 10:24:33
7682,2.5-7,2.5,7.0,µm,0.5-0.8,0.5,0.8,µm,rod-shaped,1.0,,variable,158762,65515,1,,2019-11-08 10:24:33
7683,0.6,0.6,0.6,µm,0.3-0.4,0.3,0.4,µm,ovoid-shaped,0.0,,negative,158763,65516,1,,2019-11-08 10:24:33
7684,1.5-2,1.5,2.0,µm,0.3,0.3,0.3,µm,rod-shaped,1.0,monopolar,negative,158764,65517,1,,2019-11-08 10:24:33
7685,1.7-1.9,1.7,1.9,µm,0.3-0.6,0.3,0.6,µm,rod-shaped,0.0,,negative,158765,65518,1,,2019-11-08 10:24:33
7686,0.8-2.0,0.8,2.0,µm,,,,,coccus-shaped,0.0,,positive,158379,65519,1,,2019-11-08 10:24:33
7687,0.8-1.4,0.8,1.4,µm,,,,,coccus-shaped,0.0,,positive,158378,65519,1,,2019-11-08 10:24:33
7688,1.3-3.5,1.3,3.5,µm,0.6-1.8,0.6,1.8,µm,rod-shaped,1.0,monopolar,positive,158766,65520,1,,2019-11-08 10:24:33
7689,,,,,,,,,,0.0,,positive,158362,65521,1,,2019-11-08 10:24:33
7690,1-2,1.0,2.0,µm,0.35-0.5,0.35,0.5,µm,rod-shaped,,,positive,158767,65522,1,,2019-11-08 10:24:33
7691,1.8-2.6,1.8,2.6,µm,0.7,0.7,0.7,µm,rod-shaped,1.0,,positive,158768,65523,1,,2019-11-08 10:24:33
7692,0.8-1.2,0.8,1.2,µm,0.4-0.6,0.4,0.6,µm,rod-shaped,1.0,,positive,158769,65524,1,,2019-11-08 10:24:33
7693,,,,,,,,,,0.0,,positive,158770,65525,1,,2019-11-08 10:24:33
7694,,,,,,,,,,0.0,,positive,158771,65525,1,,2019-11-08 10:24:33
7695,1-2,1.0,2.0,µm,0.6-0.9,0.6,0.9,µm,rod-shaped,,,negative,158772,65526,1,,2019-11-08 10:24:33
7696,,,,,,,,,coccus-shaped,0.0,,negative,158773,65527,1,,2019-11-08 10:24:33
7697,2.0-1.7,2.0,1.7,µm,0.8-1.0,0.8,1.0,µm,rod-shaped,0.0,,negative,158774,65528,1,,2019-11-08 10:24:33
7698,,,,,,,,,,,,positive,158775,65529,1,,2019-11-08 10:24:33
7699,2.1-3.4,2.1,3.4,µm,1.7-1.8,1.7,1.8,µm,rod-shaped,1.0,,negative,158776,65530,1,,2019-11-08 10:24:33
7700,,,,,,,,,rod-shaped,0.0,,negative,158777,65531,1,,2019-11-08 10:24:33
7701,1-5,1.0,5.0,µm,0.2-0.3,0.2,0.3,µm,rod-shaped,0.0,,negative,158778,65532,1,,2019-11-08 10:24:33
7702,1.1-2.4,1.1,2.4,µm,0.5-1.0,0.5,1.0,µm,rod-shaped,,,negative,158779,65533,1,,2019-11-08 10:24:33
7703,2.5-3.2,2.5,3.2,µm,0.4-0.5,0.4,0.5,µm,rod-shaped,0.0,,negative,158780,65534,1,,2019-11-08 10:24:33
7704,2.0-3.0,2.0,3.0,µm,0.8-1.0,0.8,1.0,µm,rod-shaped,1.0,polar,negative,158781,65535,1,,2019-11-08 10:24:33
7705,0.75-1.5,0.75,1.5,µm,0.5-1.0,0.5,1.0,µm,rod-shaped,0.0,,positive,158782,65536,1,,2019-11-08 10:24:33
7706,1.2-1.7,1.2,1.7,µm,,,,,coccus-shaped,0.0,,positive,158783,65537,1,,2019-11-08 10:24:33
7707,2.0-2.5,2.0,2.5,µm,0.5-1.0,0.5,1.0,µm,rod-shaped,0.0,,negative,158784,65538,1,,2019-11-08 10:24:33
7708,0.3-0.5,0.3,0.5,µm,,,,,coccus-shaped,0.0,,negative,158785,65539,1,,2019-11-08 10:24:33
7709,0.6-0.9,0.6,0.9,µm,,,,,coccus-shaped,0.0,,positive,158396,65540,1,,2019-11-08 10:24:33
7710,2.5-3.2,2.5,3.2,µm,0.7-0.8,0.7,0.8,µm,rod-shaped,1.0,peritrichous,negative,158786,65541,1,,2019-11-08 10:24:33
7711,1.2-1.9,1.2,1.9,µm,0.3-0.4,0.3,0.4,µm,rod-shaped,1.0,,positive,158787,65542,1,,2019-11-08 10:24:33
7712,,,,,,,,,,,,positive,158364,65543,1,,2019-11-08 10:24:33
7713,1.2-3.0,1.2,3.0,µm,0.4-1,0.4,1.0,µm,rod-shaped,0.0,,negative,158788,65544,1,,2019-11-08 10:24:33
7714,1.1-2.0,1.1,2.0,µm,0.5-0.7,0.5,0.7,µm,rod-shaped,0.0,,positive,158789,65545,1,,2019-11-08 10:24:33
7715,0.6-0.8,0.6,0.8,µm,,,,,coccus-shaped,,,,158789,65545,1,,2019-11-08 10:24:33
7716,1.0-2.0,1.0,2.0,µm,0.5,0.5,0.5,µm,rod-shaped,,,positive,158267,65546,1,,2019-11-08 10:24:33
7717,,,,,,,,,rod-shaped,,,positive,158790,65547,1,,2019-11-08 10:24:33
7718,2.8,2.8,2.8,µm,0.5,0.5,0.5,µm,vibrio-shaped,1.0,,negative,158356,65548,1,,2019-11-08 10:24:33
7719,0.5-10.0,0.5,10.0,µm,0.2-0.6,0.2,0.6,µm,rod-shaped,0.0,,negative,158791,65549,1,,2019-11-08 10:24:33
7720,1.3,1.3,1.3,µm,0.57,0.57,0.57,µm,rod-shaped,0.0,,positive,158398,65550,1,,2019-11-08 10:24:33
7721,1.5-2.3,1.5,2.3,µm,0.5-0.6,0.5,0.6,µm,rod-shaped,1.0,gliding,negative,158792,65551,1,,2019-11-08 10:24:33
7722,0.6-1.2,0.6,1.2,µm,0.2,0.2,0.2,µm,rod-shaped,0.0,,positive,158793,65552,1,,2019-11-08 10:24:33
7723,,,,,,,,,coccus-shaped,0.0,,positive,158794,65553,1,,2019-11-08 10:24:33
7724,0.9,0.9,0.9,µm,0.4,0.4,0.4,µm,rod-shaped,0.0,,positive,158401,65555,1,,2019-11-08 10:24:33
7725,1,1.0,1.0,µm,0.3,0.3,0.3,µm,rod-shaped,0.0,,positive,158400,65555,1,,2019-11-08 10:24:33
7726,,,,,,,,,,0.0,,positive,158796,65556,1,,2019-11-08 10:24:33
7727,,,,,,,,,,,,positive,158797,65557,1,,2019-11-08 10:24:33
7728,,,,,,,,,rod-shaped,0.0,,negative,158798,65558,1,,2019-11-08 10:24:33
7729,1.0-1.5,1.0,1.5,µm,0.3-0.6,0.3,0.6,µm,rod-shaped,0.0,,negative,158799,65559,1,,2019-11-08 10:24:33
7730,1.1-1.7,1.1,1.7,µm,0.4-0.5,0.4,0.5,µm,rod-shaped,1.0,polar,negative,157768,65560,1,,2019-11-08 10:24:33
7731,1.0-1.5,1.0,1.5,µm,0.5-0.8,0.5,0.8,µm,rod-shaped,1.0,,negative,158800,65561,1,,2019-11-08 10:24:33
7732,0.5-1.5,0.5,1.5,µm,0.3-0.6,0.3,0.6,µm,rod-shaped,1.0,peritrichous,negative,158801,65562,1,,2019-11-08 10:24:33
7733,0.9-3.5,0.9,3.5,µm,0.5-0.9,0.5,0.9,µm,rod-shaped,1.0,,negative,158802,65563,1,,2019-11-08 10:24:33
7734,1-2,1.0,2.0,µm,0.3-0.7,0.3,0.7,µm,rod-shaped,1.0,,negative,158274,65564,1,,2019-11-08 10:24:33
7735,2.5-23.0,2.5,23.0,µm,0.2-0.3,0.2,0.3,µm,rod-shaped,1.0,gliding,negative,158803,65565,1,,2019-11-08 10:24:33
7736,1.8-2.2,1.8,2.2,µm,0.7-1.1,0.7,1.1,µm,rod-shaped,0.0,,negative,158804,65566,1,,2019-11-08 10:24:33
7737,1.76-3.04,1.76,3.04,µm,0.68-0.76,0.68,0.76,µm,rod-shaped,0.0,,negative,158805,65567,1,,2019-11-08 10:24:33
7738,0.8-1.8,0.8,1.8,µm,0.5-1.6,0.5,1.6,µm,coccus-shaped,,,negative,158806,65568,1,,2019-11-08 10:24:33
7739,1.5,1.5,1.5,µm,0.5,0.5,0.5,µm,rod-shaped,0.0,,positive,158404,65569,1,,2019-11-08 10:24:33
7740,1.1-1.8,1.1,1.8,µm,0.4-0.5,0.4,0.5,µm,rod-shaped,0.0,,negative,158807,65570,1,,2019-11-08 10:24:33
7741,2.0-2.8,2.0,2.8,µm,0.71-0.76,0.71,0.76,µm,rod-shaped,1.0,polar,negative,158808,65571,1,,2019-11-08 10:24:33
7742,1.2-1.6,1.2,1.6,µm,0.6-0.7,0.6,0.7,µm,rod-shaped,1.0,,negative,158809,65572,1,,2019-11-08 10:24:33
7743,2.5-3.0,2.5,3.0,µm,0.8-1.7,0.8,1.7,µm,rod-shaped,0.0,,negative,158810,65573,1,,2019-11-08 10:24:33
7744,,,,,,,,,coccus-shaped,0.0,,positive,158361,65574,1,,2019-11-08 10:24:33
7745,1.0-2.9,1.0,2.9,µm,0.4-0.7,0.4,0.7,µm,rod-shaped,1.0,polar,negative,158811,65575,1,,2019-11-08 10:24:33
7746,1.8-2,1.8,2.0,µm,0.6-0.7,0.6,0.7,µm,rod-shaped,1.0,polar,negative,158812,65576,1,,2019-11-08 10:24:33
7747,6.0-11.0,6.0,11.0,µm,0.5-1.0,0.5,1.0,µm,rod-shaped,0.0,,positive,158813,65577,1,,2019-11-08 10:24:33
7748,,,,,,,,,pleomorphic-shaped,1.0,,negative,158814,65578,1,,2019-11-08 10:24:33
7749,2.0-15.5,2.0,15.5,µm,0.1-0.4,0.1,0.4,µm,rod-shaped,0.0,,negative,158815,65579,1,,2019-11-08 10:24:33
7750,2.3-4.8,2.3,4.8,µm,0.8-1.1,0.8,1.1,µm,rod-shaped,1.0,,negative,158816,65580,1,,2019-11-08 10:24:33
7751,0.9-1.3,0.9,1.3,µm,,,,,coccus-shaped,,,,158817,65581,1,,2019-11-08 10:24:33
7752,1.5-3.3,1.5,3.3,µm,0.15-0.2,0.15,0.2,µm,rod-shaped,,,positive,158818,65582,1,,2019-11-08 10:24:33
7753,1.0-1.3,1.0,1.3,µm,0.4-0.5,0.4,0.5,µm,rod-shaped,0.0,,negative,158819,65583,1,,2019-11-08 10:24:33
7754,1.8-1.9,1.8,1.9,µm,0.8-1.0,0.8,1.0,µm,rod-shaped,0.0,,negative,158820,65584,1,,2019-11-08 10:24:33
7755,1.13,1.13,1.13,µm,0.38,0.38,0.38,µm,rod-shaped,,,negative,158821,65585,1,,2019-11-08 10:24:33
7756,0.8-1.0,0.8,1.0,µm,0.4-0.6,0.4,0.6,µm,rod-shaped,1.0,,positive,158822,65586,1,,2019-11-08 10:24:33
7757,2.4-3.6,2.4,3.6,µm,0.9-1.8,0.9,1.8,µm,rod-shaped,0.0,,negative,158823,65587,1,,2019-11-08 10:24:33
7758,1.0-2.1,1.0,2.1,µm,0.4-0.8,0.4,0.8,µm,rod-shaped,,,negative,158824,65588,1,,2019-11-08 10:24:33
7759,2.0-12.0,2.0,12.0,µm,0.6-1.2,0.6,1.2,µm,rod-shaped,1.0,subpolar,negative,158825,65589,1,,2019-11-08 10:24:33
7760,1.7-3,1.7,3.0,µm,0.5-0.8,0.5,0.8,µm,rod-shaped,0.0,,negative,159697,66562,1,,2020-11-10 06:44:57
7761,1.8-3,1.8,3.0,µm,0.3-0.7,0.3,0.7,µm,rod-shaped,1.0,"monotrichous, polar",negative,159698,66564,1,,2020-11-10 06:44:57
7762,2-3,2.0,3.0,µm,0.5-0.6,0.5,0.6,µm,spiral-shaped,1.0,,negative,159699,66560,1,,2020-11-10 06:44:57
7763,1.8-2.2,1.8,2.2,µm,0.7-0.9,0.7,0.9,µm,rod-shaped,0.0,,negative,159700,66563,1,,2020-11-10 06:44:57
7764,0.5-1,0.5,1.0,µm,,,,,coccus-shaped,1.0,,negative,159701,66565,1,,2020-11-10 06:44:57
7765,,,,,,,,,ovoid-shaped,1.0,,negative,159701,66565,1,,2020-11-10 06:44:57
7766,0.5-0.8,0.5,0.8,µm,0.3-0.7,0.3,0.7,µm,rod-shaped,1.0,,negative,159701,66565,1,,2020-11-10 06:44:57
7767,2-5,2.0,5.0,µm,,,,,spiral-shaped,1.0,,negative,159701,66565,1,,2020-11-10 06:44:57
7768,2-5,2.0,5.0,µm,,,,,curved-shaped,1.0,,negative,159701,66565,1,,2020-11-10 06:44:57
7769,,,,,,,,,rod-shaped,1.0,,negative,159702,66567,1,,2020-11-10 06:44:57
7770,2.4-20,2.4,20.0,µm,0.8-1.5,0.8,1.5,µm,rod-shaped,,,positive,157758,66569,1,,2020-11-10 06:44:57
7771,0.5-1,0.5,1.0,µm,,,,,coccus-shaped,0.0,,negative,159703,66550,1,,2020-11-10 06:44:57
7772,,,,,,,,,diplococcus-shaped,,,,159703,66550,1,,2020-11-10 06:44:57
7773,1.97-2.54,1.97,2.54,µm,0.4-0.77,0.4,0.77,µm,rod-shaped,0.0,,negative,159704,66551,1,,2020-11-10 06:44:57
7774,,,,,,,,,ovoid-shaped,,,,159704,66551,1,,2020-11-10 06:44:57
7775,1.1-1.4,1.1,1.4,µm,0.9-1,0.9,1.0,µm,rod-shaped,0.0,,negative,159705,66553,1,,2020-11-10 06:44:57
7776,5-10,5.0,10.0,µm,0.4-0.5,0.4,0.5,µm,filament-shaped,1.0,gliding,negative,159706,66554,1,,2020-11-10 06:44:57
7777,1.0-1.5,1.0,1.5,µm,0.5-0.7,0.5,0.7,µm,rod-shaped,1.0,gliding,negative,159706,66554,1,,2020-11-10 06:44:57
7778,1.7-2.6,1.7,2.6,µm,0.4-0.7,0.4,0.7,µm,rod-shaped,1.0,peritrichous,negative,159643,66589,1,,2020-11-10 06:44:57
7779,,,,,,,,,,,,positive,159707,66593,1,,2020-11-10 06:44:57
7780,3-4,3.0,4.0,µm,0.4-0.6,0.4,0.6,µm,rod-shaped,0.0,,negative,159708,66592,1,,2020-11-10 06:44:57
7781,0.5-1.5,0.5,1.5,µm,0.4-0.8,0.4,0.8,µm,rod-shaped,0.0,,negative,159709,66598,1,,2020-11-10 06:44:57
7782,1.4-2.8,1.4,2.8,µm,0.4-0.6,0.4,0.6,µm,rod-shaped,1.0,gliding,negative,159710,66602,1,,2020-11-10 06:44:57
7783,1.5-2,1.5,2.0,µm,0.8,0.8,0.8,µm,rod-shaped,0.0,,positive,159711,66590,1,,2020-11-10 06:44:57
7784,2.4-2.8,2.4,2.8,µm,0.4-0.6,0.4,0.6,µm,rod-shaped,1.0,,negative,159712,66559,1,,2020-11-10 06:44:57
7785,1.5-2.5,1.5,2.5,µm,0.4-0.6,0.4,0.6,µm,rod-shaped,1.0,,negative,159713,66549,1,,2020-11-10 06:44:57
7786,2.4-3.2,2.4,3.2,µm,0.9,0.9,0.9,µm,rod-shaped,1.0,polar,negative,159714,66600,1,,2020-11-10 06:44:57
7787,1.7-2,1.7,2.0,µm,0.8,0.8,0.8,µm,rod-shaped,1.0,,negative,159715,66606,1,,2020-11-10 06:44:57
7788,,,,,,,,,,0.0,,positive,159716,66608,1,,2020-11-10 06:44:57
7789,,,,,,,,,,,,positive,159717,66617,1,,2020-11-10 06:44:57
7790,,,,,,,,,,,,positive,159718,66618,1,,2020-11-10 06:44:57
7791,0.7-1.6,0.7,1.6,µm,0.4-0.5,0.4,0.5,µm,rod-shaped,1.0,peritrichous,negative,159719,66619,1,,2020-11-10 06:44:57
7792,1.6-1.9,1.6,1.9,µm,0.7-0.9,0.7,0.9,µm,rod-shaped,0.0,,negative,159720,66621,1,,2020-11-10 06:44:57
7793,1.43,1.43,1.43,µm,0.29,0.29,0.29,µm,rod-shaped,1.0,,negative,159721,66622,1,,2020-11-10 06:44:57
7794,0.5-2.4,0.5,2.4,µm,0.3-0.7,0.3,0.7,µm,rod-shaped,1.0,,,158405,66620,1,,2020-11-10 06:44:57
7795,0.5-1.2,0.5,1.2,µm,0.3-0.5,0.3,0.5,µm,rod-shaped,,,,158406,66620,1,,2020-11-10 06:44:57
7796,1.8-2.5,1.8,2.5,µm,0.3-0.6,0.3,0.6,µm,rod-shaped,1.0,,negative,159722,66623,1,,2020-11-10 06:44:57
7797,,,,,,,,,rod-shaped,0.0,,positive,159723,66588,1,,2020-11-10 06:44:57
7798,,,,,,,,,coccus-shaped,,,,159723,66588,1,,2020-11-10 06:44:57
7799,,,,,,,,,,,,positive,159724,66594,1,,2020-11-10 06:44:57
7800,2.4-5.7,2.4,5.7,µm,0.9-1,0.9,1.0,µm,rod-shaped,,,positive,159644,66625,1,,2020-11-10 06:44:57
7801,1.08-1.34,1.08,1.34,µm,0.29-0.44,0.29,0.44,µm,rod-shaped,1.0,,negative,157911,66632,1,,2020-11-10 06:44:57
7802,0.2-0.3,0.2,0.3,µm,0.1,0.1,0.1,µm,rod-shaped,1.0,,negative,159725,66633,1,,2020-11-10 06:44:57
7803,0.2-0.3,0.2,0.3,µm,0.1,0.1,0.1,µm,rod-shaped,1.0,,negative,159726,66633,1,,2020-11-10 06:44:57
7804,,,,,,,,,rod-shaped,1.0,"monotrichous, polar",negative,159646,66634,1,,2020-11-10 06:44:57
7805,2.2-6.4,2.2,6.4,µm,0.3-0.4,0.3,0.4,µm,spiral-shaped,1.0,"monotrichous, polar",negative,159727,66635,1,,2020-11-10 06:44:57
7806,1.5-3,1.5,3.0,µm,0.8-1.1,0.8,1.1,µm,rod-shaped,1.0,polar,negative,159728,66636,1,,2020-11-10 06:44:57
7807,2.2-12,2.2,12.0,µm,0.4-0.5,0.4,0.5,µm,rod-shaped,1.0,,negative,159729,66637,1,,2020-11-10 06:44:57
7808,1-9,1.0,9.0,µm,0.2-0.5,0.2,0.5,µm,rod-shaped,0.0,,negative,159730,66642,1,,2020-11-10 06:44:57
7809,1.2-2.2,1.2,2.2,µm,1.1-1.4,1.1,1.4,µm,rod-shaped,1.0,"monotrichous, polar",negative,159731,66641,1,,2020-11-10 06:44:57
7810,1.4-2.6,1.4,2.6,µm,0.4-0.6,0.4,0.6,µm,rod-shaped,1.0,,negative,159732,66640,1,,2020-11-10 06:44:57
7811,1.4-2.2,1.4,2.2,µm,0.9-1,0.9,1.0,µm,rod-shaped,1.0,"monotrichous, polar",negative,159733,66638,1,,2020-11-10 06:44:57
7812,,,,,,,,,,0.0,,positive,158369,66645,1,,2020-11-10 06:44:57
7813,1.6-2.1,1.6,2.1,µm,0.7-0.9,0.7,0.9,µm,rod-shaped,0.0,,negative,159734,66643,1,,2020-11-10 06:44:57
7814,0.76-2.47,0.76,2.47,µm,0.39-0.7,0.39,0.7,µm,rod-shaped,,,negative,159735,66644,1,,2020-11-10 06:44:57
7815,1.7-2.5,1.7,2.5,µm,0.5-0.7,0.5,0.7,µm,rod-shaped,1.0,peritrichous,positive,159736,66646,1,,2020-11-10 06:44:57
7816,,,,,,,,,,,,negative,159737,66654,1,,2020-11-10 06:44:57
7817,,,,,,,,,,,,positive,159738,66657,1,,2020-11-10 06:44:57
7818,,,,,,,,,rod-shaped,1.0,,positive,159739,66658,1,,2020-11-10 06:44:57
7819,2.1-3.3,2.1,3.3,µm,0.9-1,0.9,1.0,µm,rod-shaped,1.0,gliding,negative,159740,66659,1,,2020-11-10 06:44:57
7820,1.2-2.4,1.2,2.4,µm,0.9-1,0.9,1.0,µm,rod-shaped,1.0,gliding,negative,159741,66659,1,,2020-11-10 06:44:57
7821,1.5-3.4,1.5,3.4,µm,0.8-1,0.8,1.0,µm,rod-shaped,1.0,gliding,negative,159742,66659,1,,2020-11-10 06:44:57
7822,0.8-1.2,0.8,1.2,µm,0.5-0.9,0.5,0.9,µm,rod-shaped,0.0,,variable,159743,66660,1,,2020-11-10 06:44:57
7823,1.1-1.3,1.1,1.3,µm,0.5-0.7,0.5,0.7,µm,rod-shaped,0.0,,positive,159744,66662,1,,2020-11-10 06:44:57
7824,1.3-4.4,1.3,4.4,µm,0.8-1.7,0.8,1.7,µm,rod-shaped,0.0,,negative,159745,66663,1,,2020-11-10 06:44:57
7825,1.1-1.5,1.1,1.5,µm,0.6-0.8,0.6,0.8,µm,rod-shaped,1.0,polar,negative,159645,66661,1,,2020-11-10 06:44:57
7826,1.3-2.2,1.3,2.2,µm,0.2-0.5,0.2,0.5,µm,rod-shaped,1.0,,negative,159746,66666,1,,2020-11-10 06:44:57
7827,,,,,,,,,,0.0,,positive,158374,66669,1,,2020-11-10 06:44:57
7828,,,,,,,,,,,,positive,159747,66667,1,,2020-11-10 06:44:57
7829,3.5-5.5,3.5,5.5,µm,0.5-0.7,0.5,0.7,µm,rod-shaped,0.0,,positive,159748,66676,1,,2020-11-10 06:44:57
7830,1.6-3.5,1.6,3.5,µm,0.4-0.5,0.4,0.5,µm,rod-shaped,0.0,,negative,159749,66674,1,,2020-11-10 06:44:57
7831,2.2-4.8,2.2,4.8,µm,0.4-0.8,0.4,0.8,µm,rod-shaped,1.0,gliding,positive,159750,66678,1,,2020-11-10 06:44:57
7832,1.6-4.5,1.6,4.5,µm,0.3-0.5,0.3,0.5,µm,rod-shaped,1.0,gliding,positive,159751,66678,1,,2020-11-10 06:44:57
7833,1.3-2,1.3,2.0,µm,0.6-0.8,0.6,0.8,µm,rod-shaped,0.0,,negative,159752,66679,1,,2020-11-10 06:44:57
7834,,,,,,,,,,0.0,,positive,159649,66680,1,,2020-11-10 06:44:57
7835,,,,,,,,,,,,positive,159753,66683,1,,2020-11-10 06:44:57
7836,1.5-2,1.5,2.0,µm,0.5-1,0.5,1.0,µm,rod-shaped,0.0,,negative,159754,66682,1,,2020-11-10 06:44:57
7837,1-2.5,1.0,2.5,µm,0.3-0.5,0.3,0.5,µm,rod-shaped,,,negative,159755,66685,1,,2020-11-10 06:44:57
7838,0.6-2.2,0.6,2.2,µm,0.2-0.4,0.2,0.4,µm,rod-shaped,0.0,,negative,159756,66684,1,,2020-11-10 06:44:57
7839,1-5,1.0,5.0,µm,0.7,0.7,0.7,µm,rod-shaped,,,positive,158421,66688,1,,2020-11-10 06:44:57
7840,,,,,,,,,rod-shaped,,,negative,159757,66687,1,,2020-11-10 06:44:57
7841,2.25-2.75,2.25,2.75,µm,0.7-1.04,0.7,1.04,µm,rod-shaped,1.0,,positive,830,66691,1,,2020-11-10 06:44:57
7842,,,,,,,,,rod-shaped,,,negative,159758,66686,1,,2020-11-10 06:44:57
7843,,,,,,,,,,1.0,,negative,159759,66694,1,,2020-11-10 06:44:57
7844,,,,,,,,,coccus-shaped,0.0,,negative,159760,66692,1,,2020-11-10 06:44:57
7845,1-2,1.0,2.0,µm,0.3-0.7,0.3,0.7,µm,rod-shaped,1.0,"monotrichous, polar",negative,159761,66693,1,,2020-11-10 06:44:57
7846,1-1.7,1.0,1.7,µm,0.6-0.7,0.6,0.7,µm,rod-shaped,0.0,,negative,159762,66695,1,,2020-11-10 06:44:57
7847,3-4,3.0,4.0,µm,0.8-1.2,0.8,1.2,µm,rod-shaped,0.0,,negative,158419,66696,1,,2020-11-10 06:44:57
7848,1.6-1.7,1.6,1.7,µm,0.5-0.6,0.5,0.6,µm,rod-shaped,1.0,gliding,negative,159763,66699,1,,2020-11-10 06:44:57
7849,0.7-1,0.7,1.0,µm,0.3-0.5,0.3,0.5,µm,rod-shaped,0.0,,negative,159764,66697,1,,2020-11-10 06:44:57
7850,1-2.5,1.0,2.5,µm,0.2-0.4,0.2,0.4,µm,rod-shaped,0.0,,negative,159765,66761,1,,2020-11-10 06:44:57
7851,0.8-1.5,0.8,1.5,µm,,,,,,1.0,,negative,159766,66758,1,,2020-11-10 06:44:57
7852,2-4,2.0,4.0,µm,0.6,0.6,0.6,µm,rod-shaped,1.0,,negative,159767,66681,1,,2020-11-10 06:44:57
7853,0.9-1.3,0.9,1.3,µm,0.6-0.8,0.6,0.8,µm,rod-shaped,0.0,,positive,158436,66727,1,,2020-11-10 06:44:57
7854,1-2.5,1.0,2.5,µm,0.6-1,0.6,1.0,µm,spiral-shaped,,,negative,158434,66730,1,,2020-11-10 06:44:57
7855,,,,,,,,,vibrio-shaped,,,,158434,66730,1,,2020-11-10 06:44:57
7856,0.8-1.2,0.8,1.2,µm,0.3-0.4,0.3,0.4,µm,rod-shaped,1.0,,negative,159768,66731,1,,2020-11-10 06:44:57
7857,1.6-2.4,1.6,2.4,µm,0.4-0.85,0.4,0.85,µm,rod-shaped,,,negative,159769,66728,1,,2020-11-10 06:44:57
7858,1-2,1.0,2.0,µm,,,,,rod-shaped,0.0,,negative,273,66548,1,,2020-11-10 06:44:57
7859,,,,,,,,,rod-shaped,,,positive,158311,66749,1,,2020-11-10 06:44:57
7860,4-8,4.0,8.0,µm,0.7-1.2,0.7,1.2,µm,rod-shaped,0.0,,positive,158437,66748,1,,2020-11-10 06:44:57
7861,0.7-4,0.7,4.0,µm,,,,,rod-shaped,0.0,,positive,5429,66751,1,,2020-11-10 06:44:57
7862,0.4-1.8,0.4,1.8,µm,,,,,sphere-shaped,0.0,,negative,158357,66757,1,,2020-11-10 06:44:57
7863,,,,,,,,,rod-shaped,1.0,peritrichous,negative,159770,66766,1,,2020-11-10 06:44:57
7864,1.7-2.6,1.7,2.6,µm,0.5-0.8,0.5,0.8,µm,rod-shaped,1.0,peritrichous,positive,159771,66767,1,,2020-11-10 06:44:57
7865,,,,,,,,,,,polar,,159771,66767,1,,2020-11-10 06:44:57
7866,0.8-1.5,0.8,1.5,µm,0.4-0.6,0.4,0.6,µm,rod-shaped,1.0,,negative,159772,66768,1,,2020-11-10 06:44:57
7867,1,1.0,1.0,µm,1,1.0,1.0,µm,coccus-shaped,0.0,,negative,159773,66769,1,,2020-11-10 06:44:57
7868,,,,,,,,,ovoid-shaped,,,,159773,66769,1,,2020-11-10 06:44:57
7869,,,,,,,,,rod-shaped,0.0,,negative,158435,66770,1,,2020-11-10 06:44:57
7870,,,,,,,,,other,,,,158435,66770,1,,2020-11-10 06:44:57
7871,,,,,,,,,rod-shaped,,,positive,158438,66783,1,,2020-11-10 06:44:57
7872,,,,,,,,,coccus-shaped,,,,158438,66783,1,,2020-11-10 06:44:57
7873,,,,,,,,,coccus-shaped,0.0,,negative,159774,66784,1,,2020-11-10 06:44:57
7874,1.2-1.8,1.2,1.8,µm,0.8-1,0.8,1.0,µm,rod-shaped,1.0,"monotrichous, polar",negative,159775,66785,1,,2020-11-10 06:44:57
7875,1.7-2.1,1.7,2.1,µm,0.8,0.8,0.8,µm,rod-shaped,0.0,,negative,158441,66790,1,,2020-11-10 06:44:57
7876,,,,,,,,,coccus-shaped,,,,158441,66790,1,,2020-11-10 06:44:57
7877,1.7-2.1,1.7,2.1,µm,,,,,coccus-shaped,0.0,,negative,158440,66790,1,,2020-11-10 06:44:57
7878,2.5-8,2.5,8.0,µm,0.4-0.8,0.4,0.8,µm,rod-shaped,0.0,,positive,158360,66689,1,,2020-11-10 06:44:57
7879,1.4-3.3,1.4,3.3,µm,0.5-0.6,0.5,0.6,µm,rod-shaped,1.0,,variable,2567,66689,1,,2020-11-10 06:44:57
7880,1.5,1.5,1.5,µm,0.3,0.3,0.3,µm,rod-shaped,,,negative,157747,66765,1,,2020-11-10 06:44:57
7881,1.5-3.5,1.5,3.5,µm,0.7-0.9,0.7,0.9,µm,,1.0,,variable,159776,65490,1,,2020-11-10 06:44:57
7882,0.5-1.0,0.5,1.0,µm,,,,,coccus-shaped,0.0,,positive,158414,66574,1,,2020-11-10 06:44:57
7883,0.7-1.1,0.7,1.1,µm,,,,,coccus-shaped,,,negative,159777,66566,1,,2020-11-10 06:44:57
7884,,,,,,,,,,0.0,,positive,159778,66572,1,,2020-11-10 06:44:57
7885,0.7-1.1,0.7,1.1,µm,0.6-0.7,0.6,0.7,µm,rod-shaped,1.0,polar,negative,159779,66578,1,,2020-11-10 06:44:57
7886,2.0-2.5,2.0,2.5,µm,0.3-0.5,0.3,0.5,µm,rod-shaped,0.0,,negative,159780,66583,1,,2020-11-10 06:44:57
7887,1.1-2.4,1.1,2.4,µm,0.6-1.2,0.6,1.2,µm,rod-shaped,0.0,polar,negative,159781,66586,1,,2020-11-10 06:44:57
7888,1.1-1.4,1.1,1.4,µm,0.7-0.8,0.7,0.8,µm,rod-shaped,1.0,polar,negative,159782,66585,1,,2020-11-10 06:44:57
7889,1.0-1.2,1.0,1.2,µm,0.6-0.8,0.6,0.8,µm,rod-shaped,1.0,polar,negative,159783,66591,1,,2020-11-10 06:44:57
7890,0.8-1.4,0.8,1.4,µm,0.2-0.3,0.2,0.3,µm,rod-shaped,0.0,,negative,159784,66601,1,,2020-11-10 06:44:57
7891,,,,,,,,,rod-shaped,1.0,,positive,159785,66587,1,,2020-11-10 06:44:57
7892,1.5-2.5,1.5,2.5,mm,0.4-1.0,0.4,1.0,µm,rod-shaped,,,negative,159786,66581,1,,2020-11-10 06:44:57
7893,,,,,,,,,coccus-shaped,0.0,,negative,135100,66611,1,,2020-11-10 06:44:57
7894,0.9-1.2,0.9,1.2,µm,0.3-0.5,0.3,0.5,µm,rod-shaped,0.0,,negative,159787,66791,1,,2020-11-10 06:44:57
7895,,,,,,,,,filament-shaped,,,positive,159788,66711,1,,2020-11-10 06:44:57
7896,,,,,,,,,,0.0,,positive,159651,66710,1,,2020-11-10 06:44:57
7897,,,,,,,,,,0.0,,positive,159789,66712,1,,2020-11-10 06:44:57
7898,,,,,,,,,,1.0,gliding,negative,159790,66713,1,,2020-11-10 06:44:57
7899,,,,,,,,,,,,positive,159791,66715,1,,2020-11-10 06:44:57
7900,1.0-2.0,1.0,2.0,µm,0.6-1.0,0.6,1.0,µm,rod-shaped,0.0,,positive,139755,66717,1,,2020-11-10 06:44:57
7901,1.0-2.0,1.0,2.0,µm,0.2-0.5,0.2,0.5,µm,rod-shaped,0.0,,negative,159792,66706,1,,2020-11-10 06:44:57
7902,,,,,,,,,,,,positive,158430,66722,1,,2020-11-10 06:44:57
7903,1.5-2.5,1.5,2.5,µm,0.3-0.4,0.3,0.4,µm,rod-shaped,,,negative,159793,66719,1,,2020-11-10 06:44:57
7904,0.9-1.2,0.9,1.2,µm,0.4-0.5,0.4,0.5,µm,rod-shaped,0.0,,negative,159794,66721,1,,2020-11-10 06:44:57
7905,0.5-2.0,0.5,2.0,µm,0.5-1.0,0.5,1.0,µm,rod-shaped,0.0,,negative,157756,66724,1,,2020-11-10 06:44:57
7906,2.2-3.0,2.2,3.0,µm,0.3-0.4,0.3,0.4,µm,rod-shaped,1.0,polar,positive,159795,66723,1,,2020-11-10 06:44:57
7907,1.1-1.3,1.1,1.3,µm,0.5-0.6,0.5,0.6,µm,rod-shaped,0.0,,positive,159796,66735,1,,2020-11-10 06:44:57
7908,1.5-5.0,1.5,5.0,µm,0.5,0.5,0.5,µm,rod-shaped,0.0,,positive,159797,66734,1,,2020-11-10 06:44:57
7909,,,,,,,,,,,,negative,159798,66741,1,,2020-11-10 06:44:57
7910,,,,,,,,,,0.0,,,158425,66742,1,,2020-11-10 06:44:57
7911,0.7-1.5,0.7,1.5,µm,,,,,coccus-shaped,,,positive,159799,66743,1,,2020-11-10 06:44:57
7912,2.9-4.7,2.9,4.7,µm,0.7-1.2,0.7,1.2,µm,rod-shaped,0.0,,negative,159800,66744,1,,2020-11-10 06:44:57
7913,2.6-4.7,2.6,4.7,µm,0.7-1.2,0.7,1.2,µm,rod-shaped,0.0,,negative,159801,66744,1,,2020-11-10 06:44:57
7914,3.7-7.7,3.7,7.7,µm,0.8-1.3,0.8,1.3,µm,rod-shaped,0.0,,negative,159802,66744,1,,2020-11-10 06:44:57
7915,0.4-10.0,0.4,10.0,µm,0.4-0.8,0.4,0.8,µm,rod-shaped,,,negative,159803,66745,1,,2020-11-10 06:44:57
7916,1,1.0,1.0,µm,0.7,0.7,0.7,µm,oval-shaped,0.0,,positive,158424,66746,1,,2020-11-10 06:44:57
7917,1.14-1.38,1.14,1.38,µm,0.96-1.30,0.96,1.3,µm,oval-shaped,0.0,,positive,159804,66750,1,,2020-11-10 06:44:57
7918,2.0-9.0,2.0,9.0,µm,0.7-1.2,0.7,1.2,µm,rod-shaped,,,positive,159805,66752,1,,2020-11-10 06:44:57
7919,0.5-0.68,0.5,0.68,µm,0.34-0.38,0.34,0.38,µm,coccus-shaped,0.0,,positive,158433,66772,1,,2020-11-10 06:44:57
7920,1-1.45,1.0,1.45,µm,0.4-0.5,0.4,0.5,µm,rod-shaped,0.0,,negative,159806,66771,1,,2020-11-10 06:44:57
7921,1.2,1.2,1.2,µm,0.4-0.44,0.4,0.44,µm,rod-shaped,1.0,gliding,negative,159807,66771,1,,2020-11-10 06:44:57
7922,0.43-0.48,0.43,0.48,µm,0.47-1.6,0.47,1.6,µm,rod-shaped,0.0,"monotrichous, polar",negative,159808,66771,1,,2020-11-10 06:44:57
7923,3.8-8.9,3.8,8.9,µm,0.7-0.8,0.7,0.8,µm,rod-shaped,0.0,,negative,159809,66771,1,,2020-11-10 06:44:57
7924,0.8-1.0,0.8,1.0,µm,0.2-0.3,0.2,0.3,µm,rod-shaped,1.0,gliding,negative,159810,66774,1,,2020-11-10 06:44:57
7925,1.1-2.0,1.1,2.0,µm,0.5-0.6,0.5,0.6,µm,rod-shaped,0.0,,negative,159811,66775,1,,2020-11-10 06:44:57
7926,1.0-2.5,1.0,2.5,µm,0.3-0.5,0.3,0.5,µm,rod-shaped,0.0,,negative,159812,66776,1,,2020-11-10 06:44:57
7927,,,,,,,,,,,,positive,159813,66778,1,,2020-11-10 06:44:57
7928,1.0-2.7,1.0,2.7,µm,0.1-0.3,0.1,0.3,µm,rod-shaped,1.0,peritrichous,positive,159814,66777,1,,2020-11-10 06:44:57
7929,1.0-2.5,1.0,2.5,µm,0.6-1.2,0.6,1.2,µm,rod-shaped,0.0,,positive,158314,66779,1,,2020-11-10 06:44:57
7930,,,,,,,,,rod-shaped,1.0,monopolar,negative,159815,66780,1,,2020-11-10 06:44:57
7931,1-3,1.0,3.0,µm,0.3-0.7,0.3,0.7,µm,rod-shaped,0.0,,negative,159816,66781,1,,2020-11-10 06:44:57
7932,0.8-1.7,0.8,1.7,µm,0.5-0.8,0.5,0.8,µm,oval-shaped,0.0,,negative,159817,66782,1,,2020-11-10 06:44:57
7933,1.1-1.7,1.1,1.7,µm,0.4-0.7,0.4,0.7,µm,rod-shaped,1.0,subpolar,negative,159818,66787,1,,2020-11-10 06:44:57
7934,2.8,2.8,2.8,µm,1.6,1.6,1.6,µm,rod-shaped,0.0,,negative,159819,66786,1,,2020-11-10 06:44:57
7935,0.8-1.0,0.8,1.0,µm,0.4-0.5,0.4,0.5,µm,rod-shaped,0.0,,positive,158442,66788,1,,2020-11-10 06:44:57
7936,1.2,1.2,1.2,µm,0.46,0.46,0.46,µm,rod-shaped,0.0,,negative,159655,66789,1,,2020-11-10 06:44:57
7937,0.8-1.6,0.8,1.6,µm,,,,,coccus-shaped,0.0,,negative,159820,66759,1,,2020-11-10 06:44:57
7938,1-2,1.0,2.0,µm,0.5-0.8,0.5,0.8,µm,rod-shaped,1.0,polar,negative,159821,66762,1,,2020-11-10 06:44:57
7939,1.7-1.9,1.7,1.9,µm,0.9-1.2,0.9,1.2,µm,rod-shaped,0.0,,negative,159822,66763,1,,2020-11-10 06:44:57
7940,,,,,,,,,rod-shaped,,,,159823,66764,1,,2020-11-10 06:44:57
7941,,,,,,,,,,0.0,,positive,159824,66670,1,,2020-11-10 06:44:57
7942,0.8-1.3,0.8,1.3,µm,0.5-0.7,0.5,0.7,µm,coccus-shaped,0.0,,negative,159825,66671,1,,2020-11-10 06:44:57
7943,,,,,,,,,,,,positive,158370,66675,1,,2020-11-10 06:44:57
7944,2-5,2.0,5.0,µm,0.5-0.6,0.5,0.6,µm,rod-shaped,1.0,peritrichous,positive,159826,66673,1,,2020-11-10 06:44:57
7945,2-5,2.0,5.0,µm,0.5-0.6,0.5,0.6,µm,rod-shaped,1.0,peritrichous,positive,159827,66673,1,,2020-11-10 06:44:57
7946,1.5-5.0,1.5,5.0,µm,0.5-1.0,0.5,1.0,µm,rod-shaped,0.0,,positive,158416,66677,1,,2020-11-10 06:44:57
7947,,,,,,,,,,,,positive,159648,66648,1,,2020-11-10 06:44:57
7948,0.6-1.0,0.6,1.0,µm,0.3-0.5,0.3,0.5,µm,rod-shaped,0.0,,negative,159828,66656,1,,2020-11-10 06:44:57
7949,1.4-1.8,1.4,1.8,µm,0.9,0.9,0.9,µm,rod-shaped,0.0,,negative,159829,66664,1,,2020-11-10 06:44:57
7950,3.0-6.0,3.0,6.0,µm,0.6-0.7,0.6,0.7,µm,rod-shaped,1.0,,negative,159830,66665,1,,2020-11-10 06:44:57
7951,2.0-2.2,2.0,2.2,µm,0.4-0.5,0.4,0.5,µm,rod-shaped,1.0,,negative,159831,66672,1,,2020-11-10 06:44:57
7952,1.7-2.7,1.7,2.7,µm,0.7-0.8,0.7,0.8,µm,rod-shaped,0.0,,positive,159832,66698,1,,2020-11-10 06:44:57
7953,0.6-1.1,0.6,1.1,µm,0.2-0.5,0.2,0.5,µm,rod-shaped,0.0,,negative,159833,66702,1,,2020-11-10 06:44:57
7954,,,,,,,,,rod-shaped,0.0,,positive,158422,66701,1,,2020-11-10 06:44:57
7955,1.0-2.2,1.0,2.2,µm,0.6-0.7,0.6,0.7,µm,ovoid-shaped,1.0,"monotrichous, polar",negative,159834,66703,1,,2020-11-10 06:44:57
7956,1.2-1.3,1.2,1.3,µm,0.6-0.7,0.6,0.7,µm,rod-shaped,,,positive,158420,66705,1,,2020-11-10 06:44:57
7957,1.3-1.9,1.3,1.9,µm,,,,,coccus-shaped,,,negative,158324,66704,1,,2020-11-10 06:44:57
7958,,,,,,,,,ovoid-shaped,,,,158324,66704,1,,2020-11-10 06:44:57
7959,1.0-1.5,1.0,1.5,µm,,,,,ovoid-shaped,0.0,,negative,159835,66707,1,,2020-11-10 06:44:57
7960,,,,,,,,,coccus-shaped,,,positive,158429,66709,1,,2020-11-10 06:44:57
7961,0.8-1.8,0.8,1.8,µm,,,,,coccus-shaped,0.0,,negative,158428,66708,1,,2020-11-10 06:44:57
7962,1.1-1.25,1.1,1.25,µm,0.5-0.8,0.5,0.8,µm,,0.0,,positive,159836,66714,1,,2020-11-10 06:44:57
7963,1.7-1.9,1.7,1.9,µm,0.4-0.6,0.4,0.6,µm,rod-shaped,1.0,polar,negative,159837,66716,1,,2020-11-10 06:44:57
7964,2.5-5,2.5,5.0,µm,0.4-0.6,0.4,0.6,µm,rod-shaped,,,positive,159838,66718,1,,2020-11-10 06:44:57
7965,,,,,,,,,,1.0,,,159838,66718,1,,2020-11-10 06:44:57
7966,0.9-1.1,0.9,1.1,µm,,,,,coccus-shaped,0.0,,positive,159637,66720,1,,2020-11-10 06:44:57
7967,2.3-2.9,2.3,2.9,µm,0.5-0.6,0.5,0.6,µm,rod-shaped,1.0,,negative,159839,66725,1,,2020-11-10 06:44:57
7968,2.7-16.3,2.7,16.3,µm,1.1-2.1,1.1,2.1,µm,rod-shaped,1.0,,positive,158358,66726,1,,2020-11-10 06:44:57
7969,1.0-2.4,1.0,2.4,µm,0.3-0.6,0.3,0.6,µm,rod-shaped,0.0,,positive,158426,66732,1,,2020-11-10 06:44:57
7970,1.0-2.0,1.0,2.0,µm,0.5-1.0,0.5,1.0,µm,rod-shaped,0.0,,negative,159840,66729,1,,2020-11-10 06:44:57
7971,0.4-1.6,0.4,1.6,µm,0.4-0.6,0.4,0.6,µm,rod-shaped,1.0,,positive,159841,66733,1,,2020-11-10 06:44:57
7972,3.0-8.0,3.0,8.0,µm,0.2-0.4,0.2,0.4,µm,rod-shaped,1.0,,negative,159842,66736,1,,2020-11-10 06:44:57
7973,3.5-6.0,3.5,6.0,µm,0.2-0.4,0.2,0.4,µm,rod-shaped,,,negative,159843,66737,1,,2020-11-10 06:44:57
7974,,,,,,,,,,1.0,,,159843,66737,1,,2020-11-10 06:44:57
7975,2.2-2.3,2.2,2.3,µm,0.7-0.8,0.7,0.8,µm,rod-shaped,0.0,,positive,159642,66738,1,,2020-11-10 06:44:57
7976,1.3-2.2,1.3,2.2,µm,0.6-1.2,0.6,1.2,µm,rod-shaped,1.0,polar,negative,159844,66739,1,,2020-11-10 06:44:57
7977,1.0-4.0,1.0,4.0,µm,0.3-0.6,0.3,0.6,µm,rod-shaped,0.0,,negative,159845,66740,1,,2020-11-10 06:44:57
7978,1.9-2.4,1.9,2.4,µm,0.8-0.9,0.8,0.9,µm,rod-shaped,1.0,peritrichous,negative,159846,66747,1,,2020-11-10 06:44:57
7979,3.3-7.2,3.3,7.2,µm,0.8-1.3,0.8,1.3,µm,rod-shaped,0.0,,negative,12131,66744,1,,2020-11-10 06:44:57
7980,2.3-7.3,2.3,7.3,µm,0.8-1.2,0.8,1.2,µm,rod-shaped,0.0,,negative,159847,66744,1,,2020-11-10 06:44:57
7981,4.0-7.0,4.0,7.0,µm,0.7-1.2,0.7,1.2,µm,rod-shaped,0.0,,negative,12217,66744,1,,2020-11-10 06:44:57
7982,1.9-4.5,1.9,4.5,µm,0.7-1.1,0.7,1.1,µm,rod-shaped,0.0,,negative,159848,66744,1,,2020-11-10 06:44:57
7983,0.9-2.0,0.9,2.0,µm,0.4-0.6,0.4,0.6,µm,rod-shaped,1.0,,negative,159849,66753,1,,2020-11-10 06:44:57
7984,2.1-5.1,2.1,5.1,µm,0.8-0.9,0.8,0.9,µm,rod-shaped,1.0,,negative,159850,66754,1,,2020-11-10 06:44:57
7985,,,,,,,,,rod-shaped,0.0,,negative,159851,66755,1,,2020-11-10 06:44:57
7986,,,,,,,,,,0.0,,positive,158423,66756,1,,2020-11-10 06:44:57
7987,1.3-1.4,1.3,1.4,µm,0.8-1.0,0.8,1.0,µm,rod-shaped,0.0,,negative,159853,66573,1,,2020-11-10 06:44:57
7988,1.3-2.7,1.3,2.7,µm,0.4-0.7,0.4,0.7,µm,rod-shaped,0.0,,negative,158304,66552,1,,2020-11-10 06:44:57
7989,2.0-3.0,2.0,3.0,µm,0.7-1.0,0.7,1.0,µm,rod-shaped,1.0,,positive,159854,66556,1,,2020-11-10 06:44:57
7990,1.0-1.5,1.0,1.5,µm,0.3-0.5,0.3,0.5,µm,rod-shaped,0.0,,negative,159855,66557,1,,2020-11-10 06:44:57
7991,1.3-1.5,1.3,1.5,µm,0.6-0.8,0.6,0.8,µm,rod-shaped,0.0,,negative,159856,66558,1,,2020-11-10 06:44:57
7992,1.0-2.0,1.0,2.0,µm,0.5,0.5,0.5,µm,rod-shaped,0.0,,positive,159857,66561,1,,2020-11-10 06:44:57
7993,0.6-1.4,0.6,1.4,µm,0.4,0.4,0.4,µm,rod-shaped,0.0,,negative,132090,66571,1,,2020-11-10 06:44:57
7994,1.3-2.2,1.3,2.2,µm,0.2-0.4,0.2,0.4,µm,rod-shaped,0.0,,negative,159858,66570,1,,2020-11-10 06:44:57
7995,1.8-4.6,1.8,4.6,µm,0.2-0.3,0.2,0.3,µm,rod-shaped,0.0,,negative,159859,66575,1,,2020-11-10 06:44:57
7996,0.4-0.5,0.4,0.5,µm,,,,,coccus-shaped,1.0,,,158342,66576,1,,2020-11-10 06:44:57
7997,1.3-4.4,1.3,4.4,µm,0.4-0.6,0.4,0.6,µm,rod-shaped,,,negative,159860,66577,1,,2020-11-10 06:44:57
7998,1.2-1.9,1.2,1.9,µm,0.3-0.4,0.3,0.4,µm,rod-shaped,0.0,,positive,159861,66579,1,,2020-11-10 06:44:57
7999,1.3-2.8,1.3,2.8,µm,0.7-1.2,0.7,1.2,µm,rod-shaped,0.0,,negative,159862,66580,1,,2020-11-10 06:44:57
8000,1.6-1.8,1.6,1.8,µm,0.4-0.6,0.4,0.6,µm,rod-shaped,1.0,polar,negative,159863,66584,1,,2020-11-10 06:44:57
8001,,,,,,,,,rod-shaped,0.0,,positive,159864,66596,1,,2020-11-10 06:44:57
8002,,,,,,,,,,,,positive,158368,66599,1,,2020-11-10 06:44:57
8003,2.7-3.9,2.7,3.9,µm,0.4-0.5,0.4,0.5,µm,rod-shaped,1.0,gliding,negative,159865,66595,1,,2020-11-10 06:44:57
8004,2.0-2.7,2.0,2.7,µm,1.0-1.4,1.0,1.4,µm,rod-shaped,1.0,,negative,159866,66603,1,,2020-11-10 06:44:57
8005,1.8-2.4,1.8,2.4,µm,0.6-0.8,0.6,0.8,µm,rod-shaped,0.0,,negative,158408,66604,1,,2020-11-10 06:44:57
8006,,,,,,,,,rod-shaped,0.0,,negative,159867,66605,1,,2020-11-10 06:44:57
8007,,,,,,,,,coccus-shaped,0.0,,positive,159868,66607,1,,2020-11-10 06:44:57
8008,1.3-1.8,1.3,1.8,µm,0.6-0.9,0.6,0.9,µm,rod-shaped,0.0,,negative,159869,66613,1,,2020-11-10 06:44:57
8009,1.0-1.6,1.0,1.6,µm,0.4-0.8,0.4,0.8,µm,rod-shaped,1.0,"monotrichous, polar",negative,159870,66613,1,,2020-11-10 06:44:57
8010,1.3-2.5,1.3,2.5,µm,0.2-0.4,0.2,0.4,µm,rod-shaped,0.0,,negative,159871,66612,1,,2020-11-10 06:44:57
8011,2.5-2.8,2.5,2.8,µm,1.2-1.5,1.2,1.5,µm,rod-shaped,0.0,,negative,159872,66614,1,,2020-11-10 06:44:57
8012,0.7-1.9,0.7,1.9,µm,0.1-0.4,0.1,0.4,µm,rod-shaped,1.0,"monotrichous, polar",negative,159873,66616,1,,2020-11-10 06:44:57
8013,1.8-2.5,1.8,2.5,µm,0.6-0.7,0.6,0.7,µm,rod-shaped,1.0,"monotrichous, polar",negative,159874,66615,1,,2020-11-10 06:44:57
8014,2.0-2.5,2.0,2.5,µm,0.9,0.9,0.9,µm,rod-shaped,1.0,,negative,159875,66624,1,,2020-11-10 06:44:57
8015,2.0-2.7,2.0,2.7,µm,0.5-0.6,0.5,0.6,µm,rod-shaped,1.0,,positive,158407,66629,1,,2020-11-10 06:44:57
8016,,,,,,,,,rod-shaped,0.0,,negative,159876,66627,1,,2020-11-10 06:44:57
8017,1.9-2.7,1.9,2.7,µm,0.5-0.75,0.5,0.75,µm,rod-shaped,1.0,polar,negative,159877,66628,1,,2020-11-10 06:44:57
8018,2.01-2.05,2.01,2.05,µm,1.22-1.31,1.22,1.31,µm,rod-shaped,0.0,,positive,159878,66631,1,,2020-11-10 06:44:57
8019,1.0-2.5,1.0,2.5,µm,,,,,coccus-shaped,,,,159878,66631,1,,2020-11-10 06:44:57
8020,1.3-3.3,1.3,3.3,µm,0.5-0.7,0.5,0.7,µm,rod-shaped,1.0,,negative,159879,66630,1,,2020-11-10 06:44:57
8021,0.9,0.9,0.9,µm,,,,,coccus-shaped,0.0,,positive,159880,66639,1,,2020-11-10 06:44:57
8022,1.5-2.8,1.5,2.8,µm,0.5-1.0,0.5,1.0,µm,rod-shaped,1.0,"monotrichous, polar",negative,159881,66555,1,,2020-11-10 06:44:57
8023,1-1.6,1.0,1.6,µm,0.5-0.6,0.5,0.6,µm,rod-shaped,0.0,,negative,159882,66610,1,,2020-11-10 06:44:57
8024,,,,,,,,,rod-shaped,1.0,"monotrichous, polar",negative,159883,66609,1,,2020-11-10 06:44:57
8025,1.2-3.2,1.2,3.2,µm,0.3-0.4,0.3,0.4,µm,rod-shaped,,,negative,159884,66568,1,,2020-11-10 06:44:57
8026,1.3-2.8,1.3,2.8,µm,0.3-1.0,0.3,1.0,µm,rod-shaped,0.0,,positive,159885,66626,1,,2020-11-10 06:44:57
8027,,,,,,,,,,,,positive,158372,66647,1,,2020-11-10 06:44:57
8028,1.5-4.0,1.5,4.0,µm,0.4,0.4,0.4,µm,rod-shaped,0.0,,positive,159886,66649,1,,2020-11-10 06:44:57
8029,2.5-3,2.5,3.0,µm,0.4-0.5,0.4,0.5,µm,rod-shaped,0.0,,positive,159887,66650,1,,2020-11-10 06:44:57
8030,1.0-3.5,1.0,3.5,µm,0.3-0.5,0.3,0.5,µm,rod-shaped,0.0,,positive,158415,66651,1,,2020-11-10 06:44:57
8031,0.8-1.5,0.8,1.5,µm,0.2-0.3,0.2,0.3,µm,rod-shaped,1.0,,negative,159888,66652,1,,2020-11-10 06:44:57
8032,,,,,,,,,,,,positive,159889,66653,1,,2020-11-10 06:44:57
8033,1.7-2.8,1.7,2.8,µm,0.5-0.8,0.5,0.8,µm,curved-shaped,1.0,"monotrichous, polar",negative,159890,66655,1,,2020-11-10 06:44:57
11257,,,,,,,,,,1.0,,,158583,68368,0,kit_api_20E,2021-12-16 08:15:16
11256,,,,,,,,,,0.0,,,153681,68368,0,kit_api_20E,2021-12-16 08:14:49
11255,,,,,,,,,,0.0,,,149394,68368,0,kit_api_20E,2021-12-16 08:14:01
11254,,,,,,,,,,1.0,,,5245,68368,0,kit_api_20E,2021-12-16 08:10:54
11253,,,,,,,,,rod-shaped,,,,157668,68367,0,kit_api_20A,2021-12-16 08:09:04
11252,,,,,,,,,,,,positive,157668,68367,0,kit_api_20A,2021-12-16 08:09:04
11251,,,,,,,,,rod-shaped,,,,157667,68367,0,kit_api_20A,2021-12-16 08:09:04
11250,,,,,,,,,,,,positive,157667,68367,0,kit_api_20A,2021-12-16 08:09:04
11249,,,,,,,,,,,,positive,157666,68367,0,kit_api_20A,2021-12-16 08:09:04
11248,,,,,,,,,,,,negative,157664,68367,0,kit_api_20A,2021-12-16 08:09:04
11247,,,,,,,,,,,,negative,157663,68367,0,kit_api_20A,2021-12-16 08:09:03
11246,,,,,,,,,,,,negative,157662,68367,0,kit_api_20A,2021-12-16 08:09:03
11245,,,,,,,,,rod-shaped,,,,131522,68367,0,kit_api_20A,2021-12-16 08:09:02
11244,,,,,,,,,,,,positive,131522,68367,0,kit_api_20A,2021-12-16 08:09:02
11243,,,,,,,,,rod-shaped,,,,131521,68367,0,kit_api_20A,2021-12-16 08:09:02
11242,,,,,,,,,,,,positive,131521,68367,0,kit_api_20A,2021-12-16 08:09:02
11241,,,,,,,,,rod-shaped,,,,131520,68367,0,kit_api_20A,2021-12-16 08:09:02
11240,,,,,,,,,,,,positive,131520,68367,0,kit_api_20A,2021-12-16 08:09:02
11239,,,,,,,,,rod-shaped,,,,131519,68367,0,kit_api_20A,2021-12-16 08:09:02
11238,,,,,,,,,,,,positive,131519,68367,0,kit_api_20A,2021-12-16 08:09:02
11237,,,,,,,,,rod-shaped,,,,131515,68367,0,kit_api_20A,2021-12-16 08:09:02
11236,,,,,,,,,rod-shaped,,,,131167,68367,0,kit_api_20A,2021-12-16 08:09:02
11235,,,,,,,,,rod-shaped,,,,130930,68367,0,kit_api_20A,2021-12-16 08:09:01
11234,,,,,,,,,,,,positive,130930,68367,0,kit_api_20A,2021-12-16 08:09:01
11233,,,,,,,,,rod-shaped,,,,130928,68367,0,kit_api_20A,2021-12-16 08:09:01
11232,,,,,,,,,,,,positive,130928,68367,0,kit_api_20A,2021-12-16 08:09:01
11231,,,,,,,,,rod-shaped,,,,130924,68367,0,kit_api_20A,2021-12-16 08:09:01
11230,,,,,,,,,,,,positive,130924,68367,0,kit_api_20A,2021-12-16 08:09:01
11229,,,,,,,,,rod-shaped,,,,23855,68367,0,kit_api_20A,2021-12-16 08:08:59
11228,,,,,,,,,,,,positive,23855,68367,0,kit_api_20A,2021-12-16 08:08:59
11227,,,,,,,,,rod-shaped,,,,23854,68367,0,kit_api_20A,2021-12-16 08:08:59
11226,,,,,,,,,,,,positive,23854,68367,0,kit_api_20A,2021-12-16 08:08:59
11225,,,,,,,,,rod-shaped,,,,23853,68367,0,kit_api_20A,2021-12-16 08:08:59
11224,,,,,,,,,,,,positive,23853,68367,0,kit_api_20A,2021-12-16 08:08:59
11223,,,,,,,,,rod-shaped,,,,22963,68367,0,kit_api_20A,2021-12-16 08:08:59
11222,,,,,,,,,,,,positive,22963,68367,0,kit_api_20A,2021-12-16 08:08:59
11221,,,,,,,,,rod-shaped,,,,18083,68367,0,kit_api_20A,2021-12-16 08:08:58
11220,,,,,,,,,,,,negative,18083,68367,0,kit_api_20A,2021-12-16 08:08:58
11219,,,,,,,,,rod-shaped,,,,17827,68367,0,kit_api_20A,2021-12-16 08:08:58
11218,,,,,,,,,,,,negative,17827,68367,0,kit_api_20A,2021-12-16 08:08:58
11217,,,,,,,,,coccus-shaped,,,,17172,68367,0,kit_api_20A,2021-12-16 08:08:57
11216,,,,,,,,,rod-shaped,,,,17166,68367,0,kit_api_20A,2021-12-16 08:08:57
11215,,,,,,,,,,,,negative,17166,68367,0,kit_api_20A,2021-12-16 08:08:57
11214,,,,,,,,,rod-shaped,,,,17156,68367,0,kit_api_20A,2021-12-16 08:08:56
11213,,,,,,,,,,,,negative,17156,68367,0,kit_api_20A,2021-12-16 08:08:56
11212,,,,,,,,,rod-shaped,,,,17129,68367,0,kit_api_20A,2021-12-16 08:08:55
11211,,,,,,,,,,,,negative,17129,68367,0,kit_api_20A,2021-12-16 08:08:55
11210,,,,,,,,,rod-shaped,,,,12566,68367,0,kit_api_20A,2021-12-16 08:08:54
11209,,,,,,,,,,,,negative,12566,68367,0,kit_api_20A,2021-12-16 08:08:54
11208,,,,,,,,,rod-shaped,,,,12565,68367,0,kit_api_20A,2021-12-16 08:08:54
11207,,,,,,,,,,,,negative,12565,68367,0,kit_api_20A,2021-12-16 08:08:54
11206,,,,,,,,,rod-shaped,,,,12563,68367,0,kit_api_20A,2021-12-16 08:08:54
11205,,,,,,,,,,,,negative,12563,68367,0,kit_api_20A,2021-12-16 08:08:54
11204,,,,,,,,,rod-shaped,,,,12562,68367,0,kit_api_20A,2021-12-16 08:08:54
11203,,,,,,,,,,,,negative,12562,68367,0,kit_api_20A,2021-12-16 08:08:54
11202,,,,,,,,,rod-shaped,,,,12540,68367,0,kit_api_20A,2021-12-16 08:08:53
11201,,,,,,,,,,,,negative,12540,68367,0,kit_api_20A,2021-12-16 08:08:53
11200,,,,,,,,,rod-shaped,,,,12517,68367,0,kit_api_20A,2021-12-16 08:08:52
11199,,,,,,,,,,,,negative,12517,68367,0,kit_api_20A,2021-12-16 08:08:52
11198,,,,,,,,,rod-shaped,,,,12505,68367,0,kit_api_20A,2021-12-16 08:08:51
11197,,,,,,,,,,,,negative,12505,68367,0,kit_api_20A,2021-12-16 08:08:51
11196,,,,,,,,,rod-shaped,,,,5763,68367,0,kit_api_20A,2021-12-16 08:08:50
11195,,,,,,,,,,,,negative,5763,68367,0,kit_api_20A,2021-12-16 08:08:50
11194,,,,,,,,,,,,positive,3075,68367,0,kit_api_20A,2021-12-16 08:08:50
11193,,,,,,,,,rod-shaped,,,,2710,68367,0,kit_api_20A,2021-12-16 08:08:49
11192,,,,,,,,,rod-shaped,,,,2584,68367,0,kit_api_20A,2021-12-16 08:08:49
11191,,,,,,,,,,,,positive,2584,68367,0,kit_api_20A,2021-12-16 08:08:49
11190,,,,,,,,,rod-shaped,,,,2583,68367,0,kit_api_20A,2021-12-16 08:08:49
11189,,,,,,,,,,,,positive,2583,68367,0,kit_api_20A,2021-12-16 08:08:49
11188,,,,,,,,,rod-shaped,,,,2582,68367,0,kit_api_20A,2021-12-16 08:08:48
11187,,,,,,,,,,,,positive,2582,68367,0,kit_api_20A,2021-12-16 08:08:48
11186,,,,,,,,,rod-shaped,,,,1626,68367,0,kit_api_20A,2021-12-16 08:08:47
11185,,,,,,,,,,,,negative,1626,68367,0,kit_api_20A,2021-12-16 08:08:47
11184,,,,,,,,,rod-shaped,,,,1617,68367,0,kit_api_20A,2021-12-16 08:08:46
11183,,,,,,,,,,,,negative,1617,68367,0,kit_api_20A,2021-12-16 08:08:46
11182,,,,,,,,,rod-shaped,,,,1604,68367,0,kit_api_20A,2021-12-16 08:08:46
11181,,,,,,,,,,,,negative,1604,68367,0,kit_api_20A,2021-12-16 08:08:46
8113,,,,,,,,,rod-shaped,,,,133578,67771,1,,2021-12-07 10:10:15
8114,,,,,,,,,rod-shaped,1.0,,,158766,67771,1,,2021-12-07 10:10:15
8115,,,,,,,,,rod-shaped,0.0,,,23196,67771,1,,2021-12-07 10:10:15
8116,,,,,,,,,rod-shaped,1.0,gliding,,140550,67771,1,,2021-12-07 10:10:15
8117,,,,,,,,,rod-shaped,0.0,,,140707,67771,1,,2021-12-07 10:10:15
8118,,,,,,,,,rod-shaped,0.0,,,133460,67771,1,,2021-12-07 10:10:15
8119,,,,,,,,,rod-shaped,0.0,,,133527,67771,1,,2021-12-07 10:10:15
8120,,,,,,,,,rod-shaped,0.0,,,133596,67771,1,,2021-12-07 10:10:15
8121,,,,,,,,,rod-shaped,0.0,,,133595,67771,1,,2021-12-07 10:10:15
8122,,,,,,,,,rod-shaped,1.0,,,140968,67771,1,,2021-12-07 10:10:15
8123,,,,,,,,,rod-shaped,1.0,peritrichous,,2829,67771,1,,2021-12-07 10:10:15
8124,,,,,,,,,rod-shaped,1.0,,,566,67771,1,,2021-12-07 10:10:15
8125,,,,,,,,,rod-shaped,1.0,,,24280,67771,1,,2021-12-07 10:10:15
8126,,,,,,,,,rod-shaped,1.0,,,23757,67771,1,,2021-12-07 10:10:15
8127,,,,,,,,,rod-shaped,1.0,peritrichous,,1491,67771,1,,2021-12-07 10:10:15
8128,,,,,,,,,rod-shaped,1.0,peritrichous,,549,67771,1,,2021-12-07 10:10:15
8129,,,,,,,,,rod-shaped,1.0,"monotrichous, polar",,1496,67771,1,,2021-12-07 10:10:15
8130,,,,,,,,,rod-shaped,1.0,peritrichous,,1495,67771,1,,2021-12-07 10:10:15
8131,,,,,,,,,rod-shaped,1.0,peritrichous,,130204,67771,1,,2021-12-07 10:10:15
8132,,,,,,,,,rod-shaped,1.0,,,23762,67771,1,,2021-12-07 10:10:15
8133,,,,,,,,,rod-shaped,0.0,,,1406,67771,1,,2021-12-07 10:10:15
8134,,,,,,,,,rod-shaped,1.0,peritrichous,,2846,67771,1,,2021-12-07 10:10:15
8135,,,,,,,,,rod-shaped,1.0,peritrichous,,133583,67771,1,,2021-12-07 10:10:15
8136,,,,,,,,,rod-shaped,1.0,peritrichous,,166544,67771,1,,2021-12-07 10:10:15
8137,,,,,,,,,rod-shaped,1.0,peritrichous,,140768,67771,1,,2021-12-07 10:10:15
8138,,,,,,,,,rod-shaped,1.0,peritrichous,,158731,67771,1,,2021-12-07 10:10:15
8139,,,,,,,,,rod-shaped,1.0,"monotrichous, polar",,24293,67771,1,,2021-12-07 10:10:15
8140,,,,,,,,,rod-shaped,1.0,lophotrichous,,23709,67771,1,,2021-12-07 10:10:15
8141,,,,,,,,,rod-shaped,1.0,,,158768,67771,1,,2021-12-07 10:10:15
8142,,,,,,,,,rod-shaped,1.0,,,140524,67771,1,,2021-12-07 10:10:15
8143,,,,,,,,,rod-shaped,1.0,,,23758,67771,1,,2021-12-07 10:10:15
8144,,,,,,,,,rod-shaped,1.0,,,158769,67771,1,,2021-12-07 10:10:15
8145,,,,,,,,,rod-shaped,1.0,,,159846,67771,1,,2021-12-07 10:10:15
8146,,,,,,,,,rod-shaped,1.0,,,158068,67771,1,,2021-12-07 10:10:15
8147,,,,,,,,,rod-shaped,1.0,,,133620,67771,1,,2021-12-07 10:10:15
8148,,,,,,,,,rod-shaped,0.0,,,1249,67771,1,,2021-12-07 10:10:15
8149,,,,,,,,,rod-shaped,0.0,,,1253,67771,1,,2021-12-07 10:10:15
8150,,,,,,,,,rod-shaped,0.0,,,1269,67771,1,,2021-12-07 10:10:15
8151,,,,,,,,,rod-shaped,,,,158629,67771,1,,2021-12-07 10:10:15
8152,,,,,,,,,rod-shaped,,,,158630,67771,1,,2021-12-07 10:10:15
8153,,,,,,,,,rod-shaped,,,,140901,67771,1,,2021-12-07 10:10:15
8154,,,,,,,,,rod-shaped,,,,158572,67771,1,,2021-12-07 10:10:15
8155,,,,,,,,,rod-shaped,,,,134001,67771,1,,2021-12-07 10:10:15
8156,,,,,,,,,rod-shaped,1.0,peritrichous,,139432,67771,1,,2021-12-07 10:10:15
8157,,,,,,,,,rod-shaped,1.0,,,158610,67771,1,,2021-12-07 10:10:15
8158,,,,,,,,,rod-shaped,1.0,,,140556,67771,1,,2021-12-07 10:10:15
8159,,,,,,,,,rod-shaped,1.0,,,23765,67771,1,,2021-12-07 10:10:15
8160,,,,,,,,,rod-shaped,1.0,,,1223,67771,1,,2021-12-07 10:10:15
8161,,,,,,,,,rod-shaped,0.0,,,140829,67771,1,,2021-12-07 10:10:15
8162,,,,,,,,,rod-shaped,1.0,peritrichous,,1513,67771,1,,2021-12-07 10:10:15
8163,,,,,,,,,rod-shaped,1.0,peritrichous,,1322,67771,1,,2021-12-07 10:10:15
8164,,,,,,,,,rod-shaped,1.0,peritrichous,,2868,67771,1,,2021-12-07 10:10:15
8165,,,,,,,,,rod-shaped,1.0,peritrichous,,130206,67771,1,,2021-12-07 10:10:15
8166,,,,,,,,,rod-shaped,1.0,peritrichous,,11456,67771,1,,2021-12-07 10:10:15
8167,,,,,,,,,rod-shaped,1.0,peritrichous,,1228,67771,1,,2021-12-07 10:10:15
8168,,,,,,,,,rod-shaped,1.0,peritrichous,,1378,67771,1,,2021-12-07 10:10:15
8169,,,,,,,,,rod-shaped,1.0,peritrichous,,1302,67771,1,,2021-12-07 10:10:15
8170,,,,,,,,,rod-shaped,1.0,peritrichous,,11453,67771,1,,2021-12-07 10:10:15
8171,,,,,,,,,rod-shaped,1.0,peritrichous,,23756,67771,1,,2021-12-07 10:10:15
8172,,,,,,,,,rod-shaped,1.0,peritrichous,,134917,67771,1,,2021-12-07 10:10:15
8173,,,,,,,,,rod-shaped,1.0,peritrichous,,140900,67771,1,,2021-12-07 10:10:15
8174,,,,,,,,,rod-shaped,1.0,peritrichous,,22928,67771,1,,2021-12-07 10:10:15
8175,,,,,,,,,rod-shaped,1.0,peritrichous,,1356,67771,1,,2021-12-07 10:10:15
8176,,,,,,,,,rod-shaped,1.0,peritrichous,,130200,67771,1,,2021-12-07 10:10:15
8177,,,,,,,,,rod-shaped,1.0,peritrichous,,11636,67771,1,,2021-12-07 10:10:15
8178,,,,,,,,,rod-shaped,1.0,peritrichous,,11637,67771,1,,2021-12-07 10:10:15
8179,,,,,,,,,rod-shaped,1.0,peritrichous,,1388,67771,1,,2021-12-07 10:10:15
8180,,,,,,,,,rod-shaped,,peritrichous,,1282,67771,1,,2021-12-07 10:10:15
8181,,,,,,,,,rod-shaped,1.0,"monotrichous, polar",,11994,67771,1,,2021-12-07 10:10:15
8182,,,,,,,,,rod-shaped,1.0,,,1304,67771,1,,2021-12-07 10:10:15
8183,,,,,,,,,rod-shaped,1.0,,,24282,67771,1,,2021-12-07 10:10:15
8184,,,,,,,,,rod-shaped,1.0,,,134009,67771,1,,2021-12-07 10:10:15
8185,,,,,,,,,rod-shaped,1.0,,,130150,67771,1,,2021-12-07 10:10:15
8186,,,,,,,,,rod-shaped,1.0,,,23739,67771,1,,2021-12-07 10:10:15
8187,,,,,,,,,rod-shaped,1.0,,,1305,67771,1,,2021-12-07 10:10:15
8188,,,,,,,,,rod-shaped,1.0,,,11452,67771,1,,2021-12-07 10:10:15
8189,,,,,,,,,rod-shaped,1.0,,,1540,67771,1,,2021-12-07 10:10:15
8190,,,,,,,,,rod-shaped,1.0,,,23740,67771,1,,2021-12-07 10:10:15
8191,,,,,,,,,rod-shaped,1.0,,,1301,67771,1,,2021-12-07 10:10:15
8192,,,,,,,,,rod-shaped,1.0,,,158407,67771,1,,2021-12-07 10:10:15
8193,,,,,,,,,rod-shaped,1.0,,,11439,67771,1,,2021-12-07 10:10:15
8194,,,,,,,,,rod-shaped,0.0,,,1573,67771,1,,2021-12-07 10:10:15
8195,,,,,,,,,rod-shaped,0.0,,,159743,67771,1,,2021-12-07 10:10:15
8196,,,,,,,,,rod-shaped,0.0,,,1519,67771,1,,2021-12-07 10:10:15
8197,,,,,,,,,rod-shaped,0.0,,,1518,67771,1,,2021-12-07 10:10:15
8198,,,,,,,,,rod-shaped,,,,133204,67771,1,,2021-12-07 10:10:15
8199,,,,,,,,,rod-shaped,,,,11633,67771,1,,2021-12-07 10:10:15
8200,,,,,,,,,pleomorphic-shaped,0.0,,,1765,67771,1,,2021-12-07 10:10:15
8201,,,,,,,,,curved-shaped,1.0,"monotrichous, polar",,6103,67771,1,,2021-12-07 10:10:15
8202,,,,,,,,,rod-shaped,1.0,peritrichous,,2524,67771,1,,2021-12-07 10:10:15
8203,,,,,,,,,rod-shaped,1.0,"monotrichous, polar",,134071,67771,1,,2021-12-07 10:10:15
8204,,,,,,,,,rod-shaped,1.0,,,133851,67771,1,,2021-12-07 10:10:15
8205,,,,,,,,,rod-shaped,1.0,,,24128,67771,1,,2021-12-07 10:10:15
8206,,,,,,,,,rod-shaped,0.0,,,18083,67771,1,,2021-12-07 10:10:15
8207,,,,,,,,,rod-shaped,0.0,,,6588,67771,1,,2021-12-07 10:10:15
8208,,,,,,,,,rod-shaped,,,,146,67771,1,,2021-12-07 10:10:15
8209,,,,,,,,,rod-shaped,,,,181,67771,1,,2021-12-07 10:10:15
8210,,,,,,,,,rod-shaped,0.0,,,189,67771,1,,2021-12-07 10:10:15
8211,,,,,,,,,rod-shaped,0.0,,,2520,67771,1,,2021-12-07 10:10:15
8212,,,,,,,,,pleomorphic-shaped,0.0,,,130544,67771,1,,2021-12-07 10:10:15
8213,,,,,,,,,rod-shaped,0.0,,,132987,67771,1,,2021-12-07 10:10:15
8214,,,,,,,,,ovoid-shaped,0.0,,,134264,67771,1,,2021-12-07 10:10:15
8215,,,,,,,,,ovoid-shaped,0.0,,,5352,67771,1,,2021-12-07 10:10:15
8216,,,,,,,,,coccus-shaped,0.0,,,17830,67771,1,,2021-12-07 10:10:15
8217,,,,,,,,,rod-shaped,,,,140599,67771,1,,2021-12-07 10:10:15
8218,,,,,,,,,rod-shaped,,,,141043,67771,1,,2021-12-07 10:10:15
8219,,,,,,,,,rod-shaped,,,,133261,67771,1,,2021-12-07 10:10:15
8220,,,,,,,,,ovoid-shaped,,,,132638,67771,1,,2021-12-07 10:10:15
8221,,,,,,,,,rod-shaped,1.0,,,24115,67771,1,,2021-12-07 10:10:15
8222,,,,,,,,,coccus-shaped,1.0,"monotrichous, polar",,1370,67771,1,,2021-12-07 10:10:15
8223,,,,,,,,,sphere-shaped,0.0,,,6837,67771,1,,2021-12-07 10:10:15
8224,,,,,,,,,coccus-shaped,1.0,,,11965,67771,1,,2021-12-07 10:10:15
8225,,,,,,,,,coccus-shaped,1.0,,,1371,67771,1,,2021-12-07 10:10:15
8226,,,,,,,,,coccus-shaped,1.0,,,134246,67771,1,,2021-12-07 10:10:15
8227,,,,,,,,,coccus-shaped,0.0,,,14431,67771,1,,2021-12-07 10:10:15
8228,,,,,,,,,coccus-shaped,0.0,,,23889,67771,1,,2021-12-07 10:10:15
8229,,,,,,,,,coccus-shaped,0.0,,,3900,67771,1,,2021-12-07 10:10:15
8230,,,,,,,,,coccus-shaped,0.0,,,23827,67771,1,,2021-12-07 10:10:15
8231,,,,,,,,,coccus-shaped,0.0,,,134248,67771,1,,2021-12-07 10:10:15
8232,,,,,,,,,coccus-shaped,0.0,,,134247,67771,1,,2021-12-07 10:10:15
8233,,,,,,,,,coccus-shaped,0.0,,,5335,67771,1,,2021-12-07 10:10:15
8234,,,,,,,,,coccus-shaped,0.0,,,6395,67771,1,,2021-12-07 10:10:15
8235,,,,,,,,,coccus-shaped,0.0,,,133628,67771,1,,2021-12-07 10:10:15
8236,,,,,,,,,coccus-shaped,0.0,,,130836,67771,1,,2021-12-07 10:10:15
8237,,,,,,,,,coccus-shaped,0.0,,,14740,67771,1,,2021-12-07 10:10:15
8238,,,,,,,,,coccus-shaped,0.0,,,14722,67771,1,,2021-12-07 10:10:15
8239,,,,,,,,,coccus-shaped,,,,99,67771,1,,2021-12-07 10:10:15
8240,,,,,,,,,rod-shaped,,,,133387,67771,1,,2021-12-07 10:10:15
8241,,,,,,,,,rod-shaped,,,,134271,67771,1,,2021-12-07 10:10:15
8242,,,,,,,,,rod-shaped,,,,134270,67771,1,,2021-12-07 10:10:15
8243,,,,,,,,,,1.0,,,132393,67771,1,,2021-12-07 10:10:15
8244,,,,,,,,,coccus-shaped,0.0,,,5417,67771,1,,2021-12-07 10:10:15
8245,,,,,,,,,coccus-shaped,0.0,,,133794,67771,1,,2021-12-07 10:10:15
8246,,,,,,,,,coccus-shaped,0.0,,,5258,67771,1,,2021-12-07 10:10:15
8247,,,,,,,,,coccus-shaped,,,,155008,67771,1,,2021-12-07 10:10:15
8248,,,,,,,,,coccus-shaped,,,,18001,67771,1,,2021-12-07 10:10:15
8249,,,,,,,,,coccus-shaped,,,,24765,67771,1,,2021-12-07 10:10:15
8250,,,,,,,,,coccus-shaped,,,,23453,67771,1,,2021-12-07 10:10:15
8251,,,,,,,,,coccus-shaped,,,,18005,67771,1,,2021-12-07 10:10:15
8252,,,,,,,,,coccus-shaped,,,,18003,67771,1,,2021-12-07 10:10:15
8253,,,,,,,,,rod-shaped,1.0,peritrichous,,5453,67771,1,,2021-12-07 10:10:15
8254,,,,,,,,,rod-shaped,1.0,peritrichous,,132386,67771,1,,2021-12-07 10:10:15
8255,,,,,,,,,rod-shaped,1.0,gliding,,133331,67771,1,,2021-12-07 10:10:15
8256,,,,,,,,,rod-shaped,1.0,,,134057,67771,1,,2021-12-07 10:10:15
8257,,,,,,,,,rod-shaped,1.0,,,24116,67771,1,,2021-12-07 10:10:15
8258,,,,,,,,,rod-shaped,0.0,,,133248,67771,1,,2021-12-07 10:10:15
8259,,,,,,,,,rod-shaped,0.0,,,135033,67771,1,,2021-12-07 10:10:15
8260,,,,,,,,,rod-shaped,0.0,,,5547,67771,1,,2021-12-07 10:10:15
8261,,,,,,,,,rod-shaped,0.0,,,133149,67771,1,,2021-12-07 10:10:15
8262,,,,,,,,,rod-shaped,0.0,,,3810,67771,1,,2021-12-07 10:10:15
8263,,,,,,,,,rod-shaped,0.0,,,24134,67771,1,,2021-12-07 10:10:15
8264,,,,,,,,,rod-shaped,0.0,,,140956,67771,1,,2021-12-07 10:10:15
8265,,,,,,,,,rod-shaped,0.0,,,158883,67771,1,,2021-12-07 10:10:15
8266,,,,,,,,,rod-shaped,0.0,,,6662,67771,1,,2021-12-07 10:10:15
8267,,,,,,,,,rod-shaped,0.0,,,134203,67771,1,,2021-12-07 10:10:15
8268,,,,,,,,,rod-shaped,0.0,,,187,67771,1,,2021-12-07 10:10:15
8269,,,,,,,,,rod-shaped,0.0,,,134037,67771,1,,2021-12-07 10:10:15
8270,,,,,,,,,rod-shaped,0.0,,,133441,67771,1,,2021-12-07 10:10:15
8271,,,,,,,,,rod-shaped,0.0,,,159797,67771,1,,2021-12-07 10:10:15
8272,,,,,,,,,rod-shaped,0.0,,,6354,67771,1,,2021-12-07 10:10:15
8273,,,,,,,,,rod-shaped,0.0,,,24129,67771,1,,2021-12-07 10:10:15
8274,,,,,,,,,rod-shaped,0.0,,,140711,67771,1,,2021-12-07 10:10:15
8275,,,,,,,,,rod-shaped,0.0,,,133691,67771,1,,2021-12-07 10:10:15
8276,,,,,,,,,rod-shaped,0.0,,,137380,67771,1,,2021-12-07 10:10:15
8277,,,,,,,,,rod-shaped,0.0,,,134376,67771,1,,2021-12-07 10:10:15
8278,,,,,,,,,rod-shaped,0.0,,,133391,67771,1,,2021-12-07 10:10:15
8279,,,,,,,,,rod-shaped,,,,157758,67771,1,,2021-12-07 10:10:15
8280,,,,,,,,,rod-shaped,,,,140531,67771,1,,2021-12-07 10:10:15
8281,,,,,,,,,rod-shaped,,,,140955,67771,1,,2021-12-07 10:10:15
8282,,,,,,,,,rod-shaped,,,,133200,67771,1,,2021-12-07 10:10:15
8283,,,,,,,,,rod-shaped,,,,5592,67771,1,,2021-12-07 10:10:15
8284,,,,,,,,,,1.0,"monotrichous, polar",,4167,67771,1,,2021-12-07 10:10:15
8285,,,,,,,,,,,gliding,,133960,67771,1,,2021-12-07 10:10:15
8286,,,,,,,,,,1.0,,,159440,67771,1,,2021-12-07 10:10:15
8287,,,,,,,,,,1.0,,,24792,67771,1,,2021-12-07 10:10:15
8288,,,,,,,,,,1.0,,,3075,67771,1,,2021-12-07 10:10:15
8289,,,,,,,,,,0.0,,,137383,67771,1,,2021-12-07 10:10:15
8290,,,,,,,,,,0.0,,,134252,67771,1,,2021-12-07 10:10:15
8291,,,,,,,,,,0.0,,,133751,67771,1,,2021-12-07 10:10:15
8292,,,,,,,,,,0.0,,,159054,67771,1,,2021-12-07 10:10:15
8293,,,,,,,,,,0.0,,,130745,67771,1,,2021-12-07 10:10:15
8294,,,,,,,,,,0.0,,,158250,67771,1,,2021-12-07 10:10:15
8295,,,,,,,,,,0.0,,,158251,67771,1,,2021-12-07 10:10:15
8296,,,,,,,,,,0.0,,,24769,67771,1,,2021-12-07 10:10:15
8297,,,,,,,,,,0.0,,,3073,67771,1,,2021-12-07 10:10:15
8299,,,,,,,,,rod-shaped,0.0,,,133390,67771,1,,2021-12-07 10:10:15
8300,,,,,,,,,rod-shaped,1.0,peritrichous,,18108,67771,1,,2021-12-07 10:10:15
8301,,,,,,,,,rod-shaped,,peritrichous,,2523,67771,1,,2021-12-07 10:10:15
8302,,,,,,,,,rod-shaped,1.0,gliding,,134302,67771,1,,2021-12-07 10:10:15
8303,,,,,,,,,rod-shaped,1.0,gliding,,5570,67771,1,,2021-12-07 10:10:15
8304,,,,,,,,,rod-shaped,1.0,gliding,,133503,67771,1,,2021-12-07 10:10:15
8305,,,,,,,,,rod-shaped,1.0,gliding,,24013,67771,1,,2021-12-07 10:10:15
8306,,,,,,,,,rod-shaped,,gliding,,5567,67771,1,,2021-12-07 10:10:15
8307,,,,,,,,,rod-shaped,,,,133729,67771,1,,2021-12-07 10:10:15
8308,,,,,,,,,rod-shaped,,,,133724,67771,1,,2021-12-07 10:10:15
8309,,,,,,,,,rod-shaped,1.0,,,130825,67771,1,,2021-12-07 10:10:15
8310,,,,,,,,,rod-shaped,1.0,,,158358,67771,1,,2021-12-07 10:10:15
8311,,,,,,,,,rod-shaped,0.0,,,6489,67771,1,,2021-12-07 10:10:15
8312,,,,,,,,,rod-shaped,0.0,,,193,67771,1,,2021-12-07 10:10:15
8313,,,,,,,,,rod-shaped,0.0,,,143604,67771,1,,2021-12-07 10:10:15
8314,,,,,,,,,rod-shaped,0.0,,,3062,67771,1,,2021-12-07 10:10:15
8315,,,,,,,,,rod-shaped,0.0,,,133577,67771,1,,2021-12-07 10:10:15
8316,,,,,,,,,rod-shaped,0.0,,,6705,67771,1,,2021-12-07 10:10:15
8317,,,,,,,,,rod-shaped,0.0,,,6700,67771,1,,2021-12-07 10:10:15
8318,,,,,,,,,rod-shaped,0.0,,,1739,67771,1,,2021-12-07 10:10:15
8319,,,,,,,,,rod-shaped,0.0,,,134065,67771,1,,2021-12-07 10:10:15
8320,,,,,,,,,rod-shaped,0.0,,,159887,67771,1,,2021-12-07 10:10:15
8321,,,,,,,,,rod-shaped,0.0,,,24139,67771,1,,2021-12-07 10:10:15
8322,,,,,,,,,rod-shaped,0.0,,,6604,67771,1,,2021-12-07 10:10:15
8323,,,,,,,,,rod-shaped,0.0,,,24133,67771,1,,2021-12-07 10:10:15
8324,,,,,,,,,rod-shaped,0.0,,,24138,67771,1,,2021-12-07 10:10:15
8325,,,,,,,,,rod-shaped,0.0,,,6627,67771,1,,2021-12-07 10:10:15
8326,,,,,,,,,rod-shaped,0.0,,,159882,67771,1,,2021-12-07 10:10:15
8327,,,,,,,,,rod-shaped,0.0,,,133629,67771,1,,2021-12-07 10:10:15
8328,,,,,,,,,rod-shaped,0.0,,,1631,67771,1,,2021-12-07 10:10:15
8329,,,,,,,,,rod-shaped,0.0,,,133069,67771,1,,2021-12-07 10:10:15
8330,,,,,,,,,rod-shaped,0.0,,,24140,67771,1,,2021-12-07 10:10:15
8331,,,,,,,,,rod-shaped,0.0,,,141151,67771,1,,2021-12-07 10:10:15
8332,,,,,,,,,rod-shaped,0.0,,,1604,67771,1,,2021-12-07 10:10:15
8333,,,,,,,,,rod-shaped,0.0,,,131387,67771,1,,2021-12-07 10:10:15
8334,,,,,,,,,rod-shaped,0.0,,,132618,67771,1,,2021-12-07 10:10:15
8335,,,,,,,,,rod-shaped,0.0,,,133862,67771,1,,2021-12-07 10:10:15
8336,,,,,,,,,rod-shaped,0.0,,,140515,67771,1,,2021-12-07 10:10:15
8337,,,,,,,,,rod-shaped,0.0,,,133143,67771,1,,2021-12-07 10:10:15
8338,,,,,,,,,rod-shaped,0.0,,,5681,67771,1,,2021-12-07 10:10:15
8339,,,,,,,,,rod-shaped,0.0,,,5723,67771,1,,2021-12-07 10:10:15
8340,,,,,,,,,rod-shaped,0.0,,,3886,67771,1,,2021-12-07 10:10:15
8341,,,,,,,,,rod-shaped,0.0,,,140591,67771,1,,2021-12-07 10:10:15
8342,,,,,,,,,rod-shaped,0.0,,,3882,67771,1,,2021-12-07 10:10:15
8343,,,,,,,,,rod-shaped,0.0,,,3881,67771,1,,2021-12-07 10:10:15
8344,,,,,,,,,rod-shaped,0.0,,,5580,67771,1,,2021-12-07 10:10:15
8345,,,,,,,,,rod-shaped,0.0,,,134222,67771,1,,2021-12-07 10:10:15
8346,,,,,,,,,rod-shaped,0.0,,,5728,67771,1,,2021-12-07 10:10:15
8347,,,,,,,,,rod-shaped,0.0,,,133965,67771,1,,2021-12-07 10:10:15
8348,,,,,,,,,rod-shaped,0.0,,,5740,67771,1,,2021-12-07 10:10:15
8349,,,,,,,,,rod-shaped,0.0,,,134323,67771,1,,2021-12-07 10:10:15
8350,,,,,,,,,rod-shaped,0.0,,,5668,67771,1,,2021-12-07 10:10:15
8351,,,,,,,,,rod-shaped,0.0,,,5677,67771,1,,2021-12-07 10:10:15
8352,,,,,,,,,rod-shaped,0.0,,,140514,67771,1,,2021-12-07 10:10:15
8353,,,,,,,,,rod-shaped,0.0,,,154125,67771,1,,2021-12-07 10:10:15
8354,,,,,,,,,rod-shaped,0.0,,,24050,67771,1,,2021-12-07 10:10:15
8355,,,,,,,,,rod-shaped,0.0,,,133808,67771,1,,2021-12-07 10:10:15
8356,,,,,,,,,rod-shaped,0.0,,,23884,67771,1,,2021-12-07 10:10:15
8357,,,,,,,,,rod-shaped,0.0,,,133826,67771,1,,2021-12-07 10:10:15
8358,,,,,,,,,rod-shaped,0.0,,,8143,67771,1,,2021-12-07 10:10:15
8359,,,,,,,,,rod-shaped,0.0,,,133251,67771,1,,2021-12-07 10:10:15
8360,,,,,,,,,rod-shaped,0.0,,,5505,67771,1,,2021-12-07 10:10:15
8361,,,,,,,,,rod-shaped,0.0,,,24721,67771,1,,2021-12-07 10:10:15
8362,,,,,,,,,rod-shaped,0.0,,,130977,67771,1,,2021-12-07 10:10:15
8363,,,,,,,,,rod-shaped,0.0,,,131449,67771,1,,2021-12-07 10:10:15
8364,,,,,,,,,rod-shaped,0.0,,,3064,67771,1,,2021-12-07 10:10:15
8365,,,,,,,,,rod-shaped,,,,192,67771,1,,2021-12-07 10:10:15
8366,,,,,,,,,rod-shaped,,,,14030,67771,1,,2021-12-07 10:10:15
8367,,,,,,,,,rod-shaped,,,,158818,67771,1,,2021-12-07 10:10:15
8368,,,,,,,,,rod-shaped,,,,134185,67771,1,,2021-12-07 10:10:15
8369,,,,,,,,,rod-shaped,,,,14100,67771,1,,2021-12-07 10:10:15
8370,,,,,,,,,rod-shaped,,,,5669,67771,1,,2021-12-07 10:10:15
8371,,,,,,,,,rod-shaped,,,,5683,67771,1,,2021-12-07 10:10:15
8372,,,,,,,,,rod-shaped,,,,130332,67771,1,,2021-12-07 10:10:15
8373,,,,,,,,,rod-shaped,1.0,peritrichous,,14404,67771,1,,2021-12-07 10:10:15
8374,,,,,,,,,rod-shaped,1.0,,,6375,67771,1,,2021-12-07 10:10:15
8375,,,,,,,,,rod-shaped,1.0,,,17205,67771,1,,2021-12-07 10:10:15
8376,,,,,,,,,rod-shaped,1.0,,,11438,67771,1,,2021-12-07 10:10:15
8377,,,,,,,,,rod-shaped,0.0,,,23793,67771,1,,2021-12-07 10:10:15
8378,,,,,,,,,filament-shaped,0.0,,,140666,67771,1,,2021-12-07 10:10:15
8379,,,,,,,,,filament-shaped,,,,136911,67771,1,,2021-12-07 10:10:15
8380,,,,,,,,,coccus-shaped,0.0,,,17986,67771,1,,2021-12-07 10:10:15
8381,,,,,,,,,rod-shaped,1.0,peritrichous,,23759,67771,1,,2021-12-07 10:10:15
8382,,,,,,,,,rod-shaped,1.0,peritrichous,,159814,67771,1,,2021-12-07 10:10:15
8383,,,,,,,,,rod-shaped,1.0,,,140045,67771,1,,2021-12-07 10:10:15
8384,,,,,,,,,rod-shaped,1.0,,,140140,67771,1,,2021-12-07 10:10:15
8385,,,,,,,,,rod-shaped,1.0,,,11615,67771,1,,2021-12-07 10:10:15
8386,,,,,,,,,rod-shaped,0.0,,,133094,67771,1,,2021-12-07 10:10:15
8387,,,,,,,,,rod-shaped,0.0,,,134082,67771,1,,2021-12-07 10:10:15
8388,,,,,,,,,rod-shaped,0.0,,,134079,67771,1,,2021-12-07 10:10:15
8389,,,,,,,,,rod-shaped,0.0,,,134080,67771,1,,2021-12-07 10:10:15
8390,,,,,,,,,rod-shaped,0.0,,,134081,67771,1,,2021-12-07 10:10:15
8391,,,,,,,,,rod-shaped,0.0,,,134083,67771,1,,2021-12-07 10:10:15
8392,,,,,,,,,rod-shaped,,,,159838,67771,1,,2021-12-07 10:10:15
8393,,,,,,,,,,1.0,peritrichous,,24294,67771,1,,2021-12-07 10:10:15
8394,,,,,,,,,,1.0,,,11668,67771,1,,2021-12-07 10:10:15
8395,,,,,,,,,,0.0,,,24130,67771,1,,2021-12-07 10:10:15
8396,,,,,,,,,,0.0,,,158642,67771,1,,2021-12-07 10:10:15
8397,,,,,,,,,,0.0,,,140321,67771,1,,2021-12-07 10:10:15
8402,,,,,,,,,rod-shaped,1.0,peritrichous,,134691,67771,1,,2021-12-07 10:10:15
8403,,,,,,,,,rod-shaped,1.0,peritrichous,,1409,67771,1,,2021-12-07 10:10:15
8404,,,,,,,,,rod-shaped,1.0,,,546,67771,1,,2021-12-07 10:10:15
8405,,,,,,,,,rod-shaped,1.0,,,23666,67771,1,,2021-12-07 10:10:15
8406,,,,,,,,,rod-shaped,1.0,,,158585,67771,1,,2021-12-07 10:10:15
8407,,,,,,,,,rod-shaped,1.0,peritrichous,,133371,67771,1,,2021-12-07 10:10:15
8408,,,,,,,,,rod-shaped,1.0,peritrichous,,18107,67771,1,,2021-12-07 10:10:15
8409,,,,,,,,,rod-shaped,1.0,peritrichous,,140843,67771,1,,2021-12-07 10:10:15
8410,,,,,,,,,rod-shaped,1.0,peritrichous,,11650,67771,1,,2021-12-07 10:10:15
8411,,,,,,,,,rod-shaped,1.0,peritrichous,,11644,67771,1,,2021-12-07 10:10:15
8412,,,,,,,,,rod-shaped,,peritrichous,,1376,67771,1,,2021-12-07 10:10:15
8413,,,,,,,,,rod-shaped,1.0,"monotrichous, polar",,1270,67771,1,,2021-12-07 10:10:15
8414,,,,,,,,,rod-shaped,1.0,"monotrichous, polar",,1286,67771,1,,2021-12-07 10:10:15
8415,,,,,,,,,rod-shaped,1.0,amphitrichous,,1464,67771,1,,2021-12-07 10:10:15
8416,,,,,,,,,rod-shaped,1.0,,,1244,67771,1,,2021-12-07 10:10:15
8417,,,,,,,,,rod-shaped,1.0,,,11646,67771,1,,2021-12-07 10:10:15
8418,,,,,,,,,rod-shaped,1.0,,,24121,67771,1,,2021-12-07 10:10:15
8419,,,,,,,,,rod-shaped,1.0,,,2765,67771,1,,2021-12-07 10:10:15
8420,,,,,,,,,rod-shaped,1.0,,,548,67771,1,,2021-12-07 10:10:15
8421,,,,,,,,,rod-shaped,1.0,,,11457,67771,1,,2021-12-07 10:10:15
8422,,,,,,,,,rod-shaped,1.0,,,1279,67771,1,,2021-12-07 10:10:15
8423,,,,,,,,,rod-shaped,1.0,,,11643,67771,1,,2021-12-07 10:10:15
8424,,,,,,,,,rod-shaped,1.0,,,130524,67771,1,,2021-12-07 10:10:15
8425,,,,,,,,,rod-shaped,1.0,,,1299,67771,1,,2021-12-07 10:10:15
8426,,,,,,,,,rod-shaped,1.0,,,11639,67771,1,,2021-12-07 10:10:15
8427,,,,,,,,,rod-shaped,1.0,,,1483,67771,1,,2021-12-07 10:10:15
8428,,,,,,,,,rod-shaped,0.0,,,1247,67771,1,,2021-12-07 10:10:15
8429,,,,,,,,,rod-shaped,0.0,,,24772,67771,1,,2021-12-07 10:10:15
8430,,,,,,,,,rod-shaped,0.0,,,132424,67771,1,,2021-12-07 10:10:15
8431,,,,,,,,,rod-shaped,0.0,,,1558,67771,1,,2021-12-07 10:10:15
8432,,,,,,,,,rod-shaped,0.0,,,130359,67771,1,,2021-12-07 10:10:15
8433,,,,,,,,,rod-shaped,0.0,,,11449,67771,1,,2021-12-07 10:10:15
8434,,,,,,,,,rod-shaped,0.0,,,24283,67771,1,,2021-12-07 10:10:15
8435,,,,,,,,,rod-shaped,0.0,,,11603,67771,1,,2021-12-07 10:10:15
8436,,,,,,,,,rod-shaped,,,,2855,67771,1,,2021-12-07 10:10:15
8437,,,,,,,,,rod-shaped,,,,140789,67771,1,,2021-12-07 10:10:15
8438,,,,,,,,,rod-shaped,,,,23862,67771,1,,2021-12-07 10:10:15
8439,,,,,,,,,rod-shaped,,,,3822,67771,1,,2021-12-07 10:10:15
8440,,,,,,,,,rod-shaped,0.0,,,133785,67771,1,,2021-12-07 10:10:15
8441,,,,,,,,,spiral-shaped,1.0,polar,,133722,67771,1,,2021-12-07 10:10:15
8442,,,,,,,,,spiral-shaped,1.0,"monotrichous, polar",,133507,67771,1,,2021-12-07 10:10:15
8443,,,,,,,,,spiral-shaped,1.0,amphitrichous,,133978,67771,1,,2021-12-07 10:10:15
8444,,,,,,,,,spiral-shaped,,,,13956,67771,1,,2021-12-07 10:10:15
8445,,,,,,,,,spiral-shaped,,,,13948,67771,1,,2021-12-07 10:10:15
8446,,,,,,,,,rod-shaped,,gliding,,159410,67771,1,,2021-12-07 10:10:15
8447,,,,,,,,,rod-shaped,,,,24742,67771,1,,2021-12-07 10:10:15
8448,,,,,,,,,rod-shaped,0.0,,,23440,67771,1,,2021-12-07 10:10:15
8449,,,,,,,,,rod-shaped,1.0,peritrichous,,18064,67771,1,,2021-12-07 10:10:15
8450,,,,,,,,,rod-shaped,1.0,peritrichous,,158647,67771,1,,2021-12-07 10:10:15
8451,,,,,,,,,rod-shaped,1.0,,,2857,67771,1,,2021-12-07 10:10:15
8452,,,,,,,,,rod-shaped,1.0,,,133061,67771,1,,2021-12-07 10:10:15
8453,,,,,,,,,rod-shaped,,,,133066,67771,1,,2021-12-07 10:10:15
8454,,,,,,,,,rod-shaped,,,,18081,67771,1,,2021-12-07 10:10:15
8455,,,,,,,,,rod-shaped,,,,24142,67771,1,,2021-12-07 10:10:15
8456,,,,,,,,,filament-shaped,0.0,,,133003,67771,1,,2021-12-07 10:10:15
8457,,,,,,,,,filament-shaped,0.0,,,24802,67771,1,,2021-12-07 10:10:15
8458,,,,,,,,,filament-shaped,,,,131528,67771,1,,2021-12-07 10:10:15
8459,,,,,,,,,filament-shaped,,,,24729,67771,1,,2021-12-07 10:10:15
8460,,,,,,,,,rod-shaped,,gliding,,14049,67771,1,,2021-12-07 10:10:15
8461,,,,,,,,,rod-shaped,1.0,,,1346,67771,1,,2021-12-07 10:10:15
8462,,,,,,,,,rod-shaped,1.0,,,140620,67771,1,,2021-12-07 10:10:15
8463,,,,,,,,,rod-shaped,0.0,,,133766,67771,1,,2021-12-07 10:10:15
8464,,,,,,,,,rod-shaped,0.0,,,133197,67771,1,,2021-12-07 10:10:15
8465,,,,,,,,,rod-shaped,,,,131525,67771,1,,2021-12-07 10:10:15
8466,,,,,,,,,rod-shaped,,,,23860,67771,1,,2021-12-07 10:10:15
8467,,,,,,,,,pleomorphic-shaped,1.0,"monotrichous, polar",,2139,67771,1,,2021-12-07 10:10:15
8468,,,,,,,,,rod-shaped,0.0,,,133244,67771,1,,2021-12-07 10:10:15
8469,,,,,,,,,rod-shaped,0.0,,,11755,67771,1,,2021-12-07 10:10:15
8470,,,,,,,,,rod-shaped,0.0,,,133245,67771,1,,2021-12-07 10:10:15
8471,,,,,,,,,rod-shaped,0.0,,,133781,67771,1,,2021-12-07 10:10:15
8472,,,,,,,,,rod-shaped,1.0,peritrichous,,1551,67771,1,,2021-12-07 10:10:15
8473,,,,,,,,,rod-shaped,1.0,gliding,,141066,67771,1,,2021-12-07 10:10:15
8474,,,,,,,,,rod-shaped,,,,158706,67771,1,,2021-12-07 10:10:15
8475,,,,,,,,,rod-shaped,,,,158681,67771,1,,2021-12-07 10:10:15
8476,,,,,,,,,rod-shaped,1.0,,,156652,67771,1,,2021-12-07 10:10:15
8477,,,,,,,,,rod-shaped,0.0,,,141011,67771,1,,2021-12-07 10:10:15
8478,,,,,,,,,rod-shaped,0.0,,,140706,67771,1,,2021-12-07 10:10:15
8479,,,,,,,,,rod-shaped,0.0,,,133483,67771,1,,2021-12-07 10:10:15
8480,,,,,,,,,rod-shaped,0.0,,,140553,67771,1,,2021-12-07 10:10:15
8481,,,,,,,,,rod-shaped,0.0,,,158791,67771,1,,2021-12-07 10:10:15
8482,,,,,,,,,ovoid-shaped,0.0,,,23187,67771,1,,2021-12-07 10:10:15
8483,,,,,,,,,rod-shaped,1.0,,,133915,67771,1,,2021-12-07 10:10:15
8484,,,,,,,,,sphere-shaped,0.0,,,134295,67771,1,,2021-12-07 10:10:15
8485,,,,,,,,,coccus-shaped,1.0,,,158688,67771,1,,2021-12-07 10:10:15
8486,,,,,,,,,coccus-shaped,1.0,,,132924,67771,1,,2021-12-07 10:10:15
8487,,,,,,,,,coccus-shaped,1.0,,,134280,67771,1,,2021-12-07 10:10:15
8488,,,,,,,,,coccus-shaped,0.0,,,14437,67771,1,,2021-12-07 10:10:15
8489,,,,,,,,,coccus-shaped,0.0,,,14438,67771,1,,2021-12-07 10:10:15
8490,,,,,,,,,coccus-shaped,0.0,,,14413,67771,1,,2021-12-07 10:10:15
8491,,,,,,,,,coccus-shaped,0.0,,,134312,67771,1,,2021-12-07 10:10:15
8492,,,,,,,,,coccus-shaped,0.0,,,130276,67771,1,,2021-12-07 10:10:15
8493,,,,,,,,,coccus-shaped,0.0,,,17651,67771,1,,2021-12-07 10:10:15
8494,,,,,,,,,coccus-shaped,0.0,,,23071,67771,1,,2021-12-07 10:10:15
8495,,,,,,,,,coccus-shaped,0.0,,,133993,67771,1,,2021-12-07 10:10:15
8496,,,,,,,,,coccus-shaped,0.0,,,6855,67771,1,,2021-12-07 10:10:15
8497,,,,,,,,,coccus-shaped,,,,3043,67771,1,,2021-12-07 10:10:15
8498,,,,,,,,,coccus-shaped,,,,17975,67771,1,,2021-12-07 10:10:15
8499,,,,,,,,,coccus-shaped,,,,14794,67771,1,,2021-12-07 10:10:15
8500,,,,,,,,,coccus-shaped,,,,17972,67771,1,,2021-12-07 10:10:15
8501,,,,,,,,,coccus-shaped,,,,14734,67771,1,,2021-12-07 10:10:15
8502,,,,,,,,,rod-shaped,1.0,peritrichous,,18110,67771,1,,2021-12-07 10:10:15
8503,,,,,,,,,rod-shaped,1.0,"monotrichous, polar",,18111,67771,1,,2021-12-07 10:10:15
8504,,,,,,,,,rod-shaped,1.0,"monotrichous, polar",,24327,67771,1,,2021-12-07 10:10:15
8505,,,,,,,,,rod-shaped,0.0,,,11960,67771,1,,2021-12-07 10:10:15
8506,,,,,,,,,rod-shaped,,,,133809,67771,1,,2021-12-07 10:10:15
8507,,,,,,,,,rod-shaped,,,,11971,67771,1,,2021-12-07 10:10:15
8508,,,,,,,,,coccus-shaped,0.0,,,14417,67771,1,,2021-12-07 10:10:15
8509,,,,,,,,,coccus-shaped,0.0,,,141051,67771,1,,2021-12-07 10:10:15
8510,,,,,,,,,coccus-shaped,0.0,,,14430,67771,1,,2021-12-07 10:10:15
8511,,,,,,,,,coccus-shaped,0.0,,,140716,67771,1,,2021-12-07 10:10:15
8512,,,,,,,,,coccus-shaped,,,,17976,67771,1,,2021-12-07 10:10:15
8513,,,,,,,,,coccus-shaped,,,,133151,67771,1,,2021-12-07 10:10:15
8514,,,,,,,,,coccus-shaped,,,,18004,67771,1,,2021-12-07 10:10:15
8515,,,,,,,,,rod-shaped,1.0,polar,,133648,67771,1,,2021-12-07 10:10:15
8516,,,,,,,,,rod-shaped,1.0,peritrichous,,140459,67771,1,,2021-12-07 10:10:15
8517,,,,,,,,,rod-shaped,1.0,peritrichous,,1365,67771,1,,2021-12-07 10:10:15
8518,,,,,,,,,rod-shaped,1.0,peritrichous,,2842,67771,1,,2021-12-07 10:10:15
8519,,,,,,,,,rod-shaped,1.0,peritrichous,,11561,67771,1,,2021-12-07 10:10:15
8520,,,,,,,,,rod-shaped,1.0,peritrichous,,158786,67771,1,,2021-12-07 10:10:15
8521,,,,,,,,,rod-shaped,1.0,peritrichous,,1484,67771,1,,2021-12-07 10:10:15
8522,,,,,,,,,rod-shaped,1.0,peritrichous,,158695,67771,1,,2021-12-07 10:10:15
8523,,,,,,,,,rod-shaped,1.0,peritrichous,,137369,67771,1,,2021-12-07 10:10:15
8524,,,,,,,,,rod-shaped,1.0,peritrichous,,11638,67771,1,,2021-12-07 10:10:15
8525,,,,,,,,,rod-shaped,1.0,peritrichous,,141013,67771,1,,2021-12-07 10:10:15
8526,,,,,,,,,rod-shaped,1.0,"monotrichous, polar",,133804,67771,1,,2021-12-07 10:10:15
8527,,,,,,,,,rod-shaped,1.0,"monotrichous, polar",,133803,67771,1,,2021-12-07 10:10:15
8528,,,,,,,,,rod-shaped,1.0,"monotrichous, polar",,6191,67771,1,,2021-12-07 10:10:15
8529,,,,,,,,,rod-shaped,1.0,"monotrichous, polar",,133492,67771,1,,2021-12-07 10:10:15
8530,,,,,,,,,rod-shaped,1.0,"monotrichous, polar",,132384,67771,1,,2021-12-07 10:10:15
8531,,,,,,,,,rod-shaped,1.0,gliding,,5480,67771,1,,2021-12-07 10:10:15
8532,,,,,,,,,rod-shaped,1.0,gliding,,133730,67771,1,,2021-12-07 10:10:15
8533,,,,,,,,,rod-shaped,1.0,gliding,,158636,67771,1,,2021-12-07 10:10:15
8534,,,,,,,,,rod-shaped,1.0,gliding,,5719,67771,1,,2021-12-07 10:10:15
8535,,,,,,,,,rod-shaped,1.0,gliding,,5717,67771,1,,2021-12-07 10:10:15
8536,,,,,,,,,rod-shaped,1.0,gliding,,140759,67771,1,,2021-12-07 10:10:15
8537,,,,,,,,,rod-shaped,1.0,gliding,,5590,67771,1,,2021-12-07 10:10:15
8538,,,,,,,,,rod-shaped,1.0,gliding,,133987,67771,1,,2021-12-07 10:10:15
8539,,,,,,,,,rod-shaped,1.0,gliding,,134060,67771,1,,2021-12-07 10:10:15
8540,,,,,,,,,rod-shaped,1.0,gliding,,140617,67771,1,,2021-12-07 10:10:15
8541,,,,,,,,,rod-shaped,1.0,gliding,,140562,67771,1,,2021-12-07 10:10:15
8542,,,,,,,,,rod-shaped,1.0,gliding,,159831,67771,1,,2021-12-07 10:10:15
8543,,,,,,,,,rod-shaped,1.0,gliding,,133725,67771,1,,2021-12-07 10:10:15
8544,,,,,,,,,rod-shaped,1.0,gliding,,158690,67771,1,,2021-12-07 10:10:15
8545,,,,,,,,,rod-shaped,1.0,gliding,,5594,67771,1,,2021-12-07 10:10:15
8546,,,,,,,,,rod-shaped,1.0,gliding,,140384,67771,1,,2021-12-07 10:10:15
8547,,,,,,,,,rod-shaped,1.0,gliding,,133672,67771,1,,2021-12-07 10:10:15
8548,,,,,,,,,rod-shaped,1.0,gliding,,133842,67771,1,,2021-12-07 10:10:15
8549,,,,,,,,,rod-shaped,1.0,gliding,,158674,67771,1,,2021-12-07 10:10:15
8550,,,,,,,,,rod-shaped,1.0,gliding,,134195,67771,1,,2021-12-07 10:10:15
8551,,,,,,,,,rod-shaped,1.0,gliding,,158803,67771,1,,2021-12-07 10:10:15
8552,,,,,,,,,rod-shaped,1.0,gliding,,140563,67771,1,,2021-12-07 10:10:15
8553,,,,,,,,,rod-shaped,1.0,gliding,,133006,67771,1,,2021-12-07 10:10:15
8554,,,,,,,,,rod-shaped,1.0,gliding,,133188,67771,1,,2021-12-07 10:10:15
8555,,,,,,,,,rod-shaped,1.0,gliding,,158661,67771,1,,2021-12-07 10:10:15
8556,,,,,,,,,rod-shaped,1.0,gliding,,140502,67771,1,,2021-12-07 10:10:15
8557,,,,,,,,,rod-shaped,1.0,gliding,,132973,67771,1,,2021-12-07 10:10:15
8558,,,,,,,,,rod-shaped,0.0,,,131475,67771,1,,2021-12-07 10:10:15
8559,,,,,,,,,rod-shaped,0.0,,,140944,67771,1,,2021-12-07 10:10:15
8560,,,,,,,,,rod-shaped,0.0,,,158626,67771,1,,2021-12-07 10:10:15
8561,,,,,,,,,rod-shaped,,,,133198,67771,1,,2021-12-07 10:10:15
8562,,,,,,,,,rod-shaped,,,,140792,67771,1,,2021-12-07 10:10:15
8563,,,,,,,,,rod-shaped,,,,140551,67771,1,,2021-12-07 10:10:15
8564,,,,,,,,,rod-shaped,,,,140749,67771,1,,2021-12-07 10:10:15
8565,,,,,,,,,rod-shaped,,,,158564,67771,1,,2021-12-07 10:10:15
8566,,,,,,,,,rod-shaped,,,,133711,67771,1,,2021-12-07 10:10:15
8567,,,,,,,,,rod-shaped,1.0,,,140475,67771,1,,2021-12-07 10:10:15
8568,,,,,,,,,rod-shaped,1.0,,,133546,67771,1,,2021-12-07 10:10:15
8569,,,,,,,,,rod-shaped,1.0,,,140625,67771,1,,2021-12-07 10:10:15
8570,,,,,,,,,rod-shaped,1.0,,,140474,67771,1,,2021-12-07 10:10:15
8571,,,,,,,,,rod-shaped,1.0,,,141064,67771,1,,2021-12-07 10:10:15
8572,,,,,,,,,rod-shaped,1.0,,,159854,67771,1,,2021-12-07 10:10:15
8573,,,,,,,,,rod-shaped,1.0,,,140676,67771,1,,2021-12-07 10:10:15
8574,,,,,,,,,rod-shaped,1.0,,,11608,67771,1,,2021-12-07 10:10:15
8575,,,,,,,,,rod-shaped,1.0,,,133800,67771,1,,2021-12-07 10:10:15
8576,,,,,,,,,rod-shaped,0.0,,,158525,67771,1,,2021-12-07 10:10:15
8577,,,,,,,,,rod-shaped,0.0,,,133673,67771,1,,2021-12-07 10:10:15
8578,,,,,,,,,rod-shaped,0.0,,,133890,67771,1,,2021-12-07 10:10:15
8579,,,,,,,,,rod-shaped,0.0,,,1246,67771,1,,2021-12-07 10:10:15
8580,,,,,,,,,rod-shaped,0.0,,,158799,67771,1,,2021-12-07 10:10:15
8581,,,,,,,,,rod-shaped,0.0,,,140229,67771,1,,2021-12-07 10:10:15
8582,,,,,,,,,rod-shaped,0.0,,,133514,67771,1,,2021-12-07 10:10:15
8583,,,,,,,,,rod-shaped,0.0,,,134327,67771,1,,2021-12-07 10:10:15
8584,,,,,,,,,rod-shaped,0.0,,,5739,67771,1,,2021-12-07 10:10:15
8585,,,,,,,,,rod-shaped,0.0,,,17747,67771,1,,2021-12-07 10:10:15
8586,,,,,,,,,rod-shaped,0.0,,,134331,67771,1,,2021-12-07 10:10:15
8587,,,,,,,,,rod-shaped,0.0,,,134330,67771,1,,2021-12-07 10:10:15
8588,,,,,,,,,rod-shaped,0.0,,,158815,67771,1,,2021-12-07 10:10:15
8589,,,,,,,,,rod-shaped,0.0,,,17746,67771,1,,2021-12-07 10:10:15
8590,,,,,,,,,rod-shaped,0.0,,,134041,67771,1,,2021-12-07 10:10:15
8591,,,,,,,,,rod-shaped,0.0,,,158637,67771,1,,2021-12-07 10:10:15
8592,,,,,,,,,rod-shaped,0.0,,,140560,67771,1,,2021-12-07 10:10:15
8593,,,,,,,,,rod-shaped,0.0,,,133199,67771,1,,2021-12-07 10:10:15
8594,,,,,,,,,rod-shaped,0.0,,,140888,67771,1,,2021-12-07 10:10:15
8595,,,,,,,,,rod-shaped,0.0,,,140526,67771,1,,2021-12-07 10:10:15
8596,,,,,,,,,rod-shaped,0.0,,,134020,67771,1,,2021-12-07 10:10:15
8597,,,,,,,,,rod-shaped,0.0,,,134021,67771,1,,2021-12-07 10:10:15
8598,,,,,,,,,rod-shaped,0.0,,,5595,67771,1,,2021-12-07 10:10:15
8599,,,,,,,,,rod-shaped,0.0,,,158544,67771,1,,2021-12-07 10:10:15
8600,,,,,,,,,rod-shaped,0.0,,,131501,67771,1,,2021-12-07 10:10:15
8601,,,,,,,,,rod-shaped,0.0,,,133837,67771,1,,2021-12-07 10:10:15
8602,,,,,,,,,rod-shaped,0.0,,,158654,67771,1,,2021-12-07 10:10:15
8603,,,,,,,,,rod-shaped,0.0,,,133829,67771,1,,2021-12-07 10:10:15
8604,,,,,,,,,rod-shaped,0.0,,,140941,67771,1,,2021-12-07 10:10:15
8605,,,,,,,,,rod-shaped,0.0,,,140614,67771,1,,2021-12-07 10:10:15
8606,,,,,,,,,rod-shaped,0.0,,,140561,67771,1,,2021-12-07 10:10:15
8607,,,,,,,,,rod-shaped,0.0,,,134328,67771,1,,2021-12-07 10:10:15
8608,,,,,,,,,rod-shaped,0.0,,,133122,67771,1,,2021-12-07 10:10:15
8609,,,,,,,,,rod-shaped,0.0,,,140922,67771,1,,2021-12-07 10:10:15
8610,,,,,,,,,rod-shaped,0.0,,,158615,67771,1,,2021-12-07 10:10:15
8611,,,,,,,,,rod-shaped,0.0,,,158732,67771,1,,2021-12-07 10:10:15
8612,,,,,,,,,rod-shaped,0.0,,,134049,67771,1,,2021-12-07 10:10:15
8613,,,,,,,,,rod-shaped,0.0,,,158592,67771,1,,2021-12-07 10:10:15
8614,,,,,,,,,rod-shaped,0.0,,,158784,67771,1,,2021-12-07 10:10:15
8615,,,,,,,,,rod-shaped,0.0,,,133687,67771,1,,2021-12-07 10:10:15
8616,,,,,,,,,rod-shaped,0.0,,,133992,67771,1,,2021-12-07 10:10:15
8617,,,,,,,,,rod-shaped,0.0,,,134329,67771,1,,2021-12-07 10:10:15
8618,,,,,,,,,rod-shaped,0.0,,,140957,67771,1,,2021-12-07 10:10:15
8619,,,,,,,,,rod-shaped,0.0,,,133389,67771,1,,2021-12-07 10:10:15
8620,,,,,,,,,rod-shaped,0.0,,,140681,67771,1,,2021-12-07 10:10:15
8621,,,,,,,,,rod-shaped,0.0,,,158805,67771,1,,2021-12-07 10:10:15
8622,,,,,,,,,rod-shaped,0.0,,,133621,67771,1,,2021-12-07 10:10:15
8623,,,,,,,,,rod-shaped,0.0,,,134309,67771,1,,2021-12-07 10:10:15
8624,,,,,,,,,rod-shaped,0.0,,,158743,67771,1,,2021-12-07 10:10:15
8625,,,,,,,,,rod-shaped,0.0,,,158742,67771,1,,2021-12-07 10:10:15
8626,,,,,,,,,rod-shaped,0.0,,,17707,67771,1,,2021-12-07 10:10:15
8627,,,,,,,,,rod-shaped,0.0,,,141086,67771,1,,2021-12-07 10:10:15
8628,,,,,,,,,rod-shaped,0.0,,,156646,67771,1,,2021-12-07 10:10:15
8629,,,,,,,,,rod-shaped,0.0,,,133258,67771,1,,2021-12-07 10:10:15
8630,,,,,,,,,rod-shaped,0.0,,,140832,67771,1,,2021-12-07 10:10:15
8631,,,,,,,,,rod-shaped,0.0,,,23819,67771,1,,2021-12-07 10:10:15
8632,,,,,,,,,rod-shaped,0.0,,,158741,67771,1,,2021-12-07 10:10:15
8633,,,,,,,,,rod-shaped,0.0,,,5429,67771,1,,2021-12-07 10:10:15
8634,,,,,,,,,rod-shaped,0.0,,,158684,67771,1,,2021-12-07 10:10:15
8635,,,,,,,,,rod-shaped,0.0,,,134305,67771,1,,2021-12-07 10:10:15
8636,,,,,,,,,rod-shaped,0.0,,,17700,67771,1,,2021-12-07 10:10:15
8637,,,,,,,,,rod-shaped,0.0,,,17699,67771,1,,2021-12-07 10:10:15
8638,,,,,,,,,rod-shaped,0.0,,,17698,67771,1,,2021-12-07 10:10:15
8639,,,,,,,,,rod-shaped,0.0,,,133916,67771,1,,2021-12-07 10:10:15
8640,,,,,,,,,rod-shaped,0.0,,,158529,67771,1,,2021-12-07 10:10:15
8641,,,,,,,,,rod-shaped,0.0,,,156611,67771,1,,2021-12-07 10:10:15
8642,,,,,,,,,rod-shaped,0.0,,,13752,67771,1,,2021-12-07 10:10:15
8643,,,,,,,,,rod-shaped,0.0,,,159871,67771,1,,2021-12-07 10:10:15
8644,,,,,,,,,rod-shaped,0.0,,,158597,67771,1,,2021-12-07 10:10:15
8645,,,,,,,,,rod-shaped,0.0,,,3779,67771,1,,2021-12-07 10:10:15
8646,,,,,,,,,rod-shaped,0.0,,,133813,67771,1,,2021-12-07 10:10:15
8647,,,,,,,,,rod-shaped,0.0,,,158556,67771,1,,2021-12-07 10:10:15
8648,,,,,,,,,rod-shaped,0.0,,,159796,67771,1,,2021-12-07 10:10:15
8649,,,,,,,,,rod-shaped,0.0,,,11621,67771,1,,2021-12-07 10:10:15
8650,,,,,,,,,rod-shaped,0.0,,,133249,67771,1,,2021-12-07 10:10:15
8651,,,,,,,,,rod-shaped,0.0,,,140897,67771,1,,2021-12-07 10:10:15
8652,,,,,,,,,rod-shaped,0.0,,,133196,67771,1,,2021-12-07 10:10:15
8653,,,,,,,,,rod-shaped,0.0,,,132172,67771,1,,2021-12-07 10:10:15
8654,,,,,,,,,rod-shaped,0.0,,,23880,67771,1,,2021-12-07 10:10:15
8655,,,,,,,,,rod-shaped,0.0,,,140942,67771,1,,2021-12-07 10:10:15
8656,,,,,,,,,rod-shaped,0.0,,,140047,67771,1,,2021-12-07 10:10:15
8657,,,,,,,,,rod-shaped,,,,131516,67771,1,,2021-12-07 10:10:15
8658,,,,,,,,,rod-shaped,,,,140958,67771,1,,2021-12-07 10:10:15
8659,,,,,,,,,rod-shaped,,,,24640,67771,1,,2021-12-07 10:10:15
8660,,,,,,,,,rod-shaped,,,,140714,67771,1,,2021-12-07 10:10:15
8661,,,,,,,,,rod-shaped,,,,133257,67771,1,,2021-12-07 10:10:15
8662,,,,,,,,,rod-shaped,,,,134026,67771,1,,2021-12-07 10:10:15
8663,,,,,,,,,rod-shaped,,,,12500,67771,1,,2021-12-07 10:10:15
8664,,,,,,,,,rod-shaped,,,,130248,67771,1,,2021-12-07 10:10:15
8665,,,,,,,,,rod-shaped,,,,159692,67771,1,,2021-12-07 10:10:15
8666,,,,,,,,,rod-shaped,,,,2518,67771,1,,2021-12-07 10:10:15
8667,,,,,,,,,rod-shaped,,,,133059,67771,1,,2021-12-07 10:10:15
8668,,,,,,,,,rod-shaped,,,,159644,67771,1,,2021-12-07 10:10:15
8669,,,,,,,,,rod-shaped,,,,159203,67771,1,,2021-12-07 10:10:15
8670,,,,,,,,,rod-shaped,,,,18022,67771,1,,2021-12-07 10:10:15
8671,,,,,,,,,rod-shaped,,,,140820,67771,1,,2021-12-07 10:10:15
8672,,,,,,,,,rod-shaped,,,,140924,67771,1,,2021-12-07 10:10:15
8673,,,,,,,,,,1.0,"monotrichous, polar",,4171,67771,1,,2021-12-07 10:10:15
8674,,,,,,,,,,1.0,"monotrichous, polar",,140546,67771,1,,2021-12-07 10:10:15
8675,,,,,,,,,,1.0,"monotrichous, polar",,23850,67771,1,,2021-12-07 10:10:15
8676,,,,,,,,,,1.0,gliding,,133600,67771,1,,2021-12-07 10:10:15
8677,,,,,,,,,,1.0,gliding,,5650,67771,1,,2021-12-07 10:10:15
8678,,,,,,,,,,1.0,gliding,,5588,67771,1,,2021-12-07 10:10:15
8679,,,,,,,,,,0.0,,,158716,67771,1,,2021-12-07 10:10:15
8680,,,,,,,,,,1.0,,,14026,67771,1,,2021-12-07 10:10:15
8681,,,,,,,,,,1.0,,,140412,67771,1,,2021-12-07 10:10:15
8682,,,,,,,,,,1.0,,,133035,67771,1,,2021-12-07 10:10:15
8683,,,,,,,,,,1.0,,,133913,67771,1,,2021-12-07 10:10:15
8684,,,,,,,,,,1.0,,,140097,67771,1,,2021-12-07 10:10:15
8685,,,,,,,,,,1.0,,,140775,67771,1,,2021-12-07 10:10:15
8686,,,,,,,,,,1.0,,,134353,67771,1,,2021-12-07 10:10:15
8687,,,,,,,,,,1.0,,,141088,67771,1,,2021-12-07 10:10:15
8688,,,,,,,,,,0.0,,,23783,67771,1,,2021-12-07 10:10:15
8689,,,,,,,,,,0.0,,,23784,67771,1,,2021-12-07 10:10:15
8690,,,,,,,,,,0.0,,,23781,67771,1,,2021-12-07 10:10:15
8691,,,,,,,,,,0.0,,,23782,67771,1,,2021-12-07 10:10:15
8692,,,,,,,,,,0.0,,,134003,67771,1,,2021-12-07 10:10:15
8693,,,,,,,,,,0.0,,,133367,67771,1,,2021-12-07 10:10:15
8694,,,,,,,,,,0.0,,,133399,67771,1,,2021-12-07 10:10:15
8695,,,,,,,,,,0.0,,,11505,67771,1,,2021-12-07 10:10:15
8696,,,,,,,,,,0.0,,,5885,67771,1,,2021-12-07 10:10:15
8697,,,,,,,,,,0.0,,,17178,67771,1,,2021-12-07 10:10:15
8698,,,,,,,,,,0.0,,,133713,67771,1,,2021-12-07 10:10:15
8699,,,,,,,,,,0.0,,,159580,67771,1,,2021-12-07 10:10:15
8700,,,,,,,,,,0.0,,,140525,67771,1,,2021-12-07 10:10:15
8701,,,,,,,,,,0.0,,,17785,67771,1,,2021-12-07 10:10:15
8702,,,,,,,,,,0.0,,,23199,67771,1,,2021-12-07 10:10:15
8703,,,,,,,,,,0.0,,,12564,67771,1,,2021-12-07 10:10:15
8704,,,,,,,,,,0.0,,,24343,67771,1,,2021-12-07 10:10:15
8705,,,,,,,,,,0.0,,,11707,67771,1,,2021-12-07 10:10:15
8719,,,,,,,,,rod-shaped,1.0,peritrichous,,1239,67771,1,,2021-12-07 10:10:15
8720,,,,,,,,,rod-shaped,1.0,"monotrichous, polar",,158541,67771,1,,2021-12-07 10:10:15
8721,,,,,,,,,rod-shaped,1.0,"monotrichous, polar",,140725,67771,1,,2021-12-07 10:10:15
8722,,,,,,,,,rod-shaped,1.0,"monotrichous, polar",,140726,67771,1,,2021-12-07 10:10:15
8723,,,,,,,,,rod-shaped,1.0,gliding,,158744,67771,1,,2021-12-07 10:10:15
8724,,,,,,,,,rod-shaped,1.0,gliding,,24049,67771,1,,2021-12-07 10:10:15
8725,,,,,,,,,rod-shaped,0.0,,,159845,67771,1,,2021-12-07 10:10:15
8726,,,,,,,,,rod-shaped,,,,133373,67771,1,,2021-12-07 10:10:15
8727,,,,,,,,,rod-shaped,1.0,,,140521,67771,1,,2021-12-07 10:10:15
8728,,,,,,,,,rod-shaped,1.0,,,156203,67771,1,,2021-12-07 10:10:15
8729,,,,,,,,,rod-shaped,1.0,,,6187,67771,1,,2021-12-07 10:10:15
8730,,,,,,,,,rod-shaped,0.0,,,158907,67771,1,,2021-12-07 10:10:15
8731,,,,,,,,,rod-shaped,0.0,,,133310,67771,1,,2021-12-07 10:10:15
8732,,,,,,,,,rod-shaped,0.0,,,17212,67771,1,,2021-12-07 10:10:15
8733,,,,,,,,,rod-shaped,0.0,,,159706,67771,1,,2021-12-07 10:10:15
8734,,,,,,,,,rod-shaped,0.0,,,133333,67771,1,,2021-12-07 10:10:15
8735,,,,,,,,,rod-shaped,0.0,,,133364,67771,1,,2021-12-07 10:10:15
8736,,,,,,,,,rod-shaped,0.0,,,133396,67771,1,,2021-12-07 10:10:15
8737,,,,,,,,,rod-shaped,0.0,,,133707,67771,1,,2021-12-07 10:10:15
8738,,,,,,,,,rod-shaped,0.0,,,158723,67771,1,,2021-12-07 10:10:15
8739,,,,,,,,,rod-shaped,0.0,,,134286,67771,1,,2021-12-07 10:10:15
8740,,,,,,,,,rod-shaped,0.0,,,134287,67771,1,,2021-12-07 10:10:15
8741,,,,,,,,,rod-shaped,,,,131527,67771,1,,2021-12-07 10:10:15
8742,,,,,,,,,rod-shaped,,,,133929,67771,1,,2021-12-07 10:10:15
8743,,,,,,,,,rod-shaped,,,,11632,67771,1,,2021-12-07 10:10:15
8744,,,,,,,,,rod-shaped,1.0,subpolar,,141114,67771,1,,2021-12-07 10:10:15
8745,,,,,,,,,rod-shaped,1.0,subpolar,,140934,67771,1,,2021-12-07 10:10:15
8746,,,,,,,,,rod-shaped,1.0,subpolar,,1377,67771,1,,2021-12-07 10:10:15
8747,,,,,,,,,rod-shaped,1.0,subpolar,,6772,67771,1,,2021-12-07 10:10:15
8748,,,,,,,,,rod-shaped,1.0,peritrichous,,158574,67771,1,,2021-12-07 10:10:15
8749,,,,,,,,,rod-shaped,1.0,peritrichous,,140850,67771,1,,2021-12-07 10:10:15
8750,,,,,,,,,rod-shaped,1.0,peritrichous,,2850,67771,1,,2021-12-07 10:10:15
8751,,,,,,,,,rod-shaped,1.0,peritrichous,,24292,67771,1,,2021-12-07 10:10:15
8752,,,,,,,,,rod-shaped,1.0,peritrichous,,1295,67771,1,,2021-12-07 10:10:15
8753,,,,,,,,,rod-shaped,1.0,peritrichous,,24718,67771,1,,2021-12-07 10:10:15
8754,,,,,,,,,rod-shaped,1.0,peritrichous,,1366,67771,1,,2021-12-07 10:10:15
8755,,,,,,,,,rod-shaped,1.0,"monotrichous, polar",,1345,67771,1,,2021-12-07 10:10:15
8756,,,,,,,,,rod-shaped,1.0,"monotrichous, polar",,23736,67771,1,,2021-12-07 10:10:15
8757,,,,,,,,,rod-shaped,1.0,"monotrichous, polar",,1354,67771,1,,2021-12-07 10:10:15
8758,,,,,,,,,rod-shaped,1.0,"monotrichous, polar",,11584,67771,1,,2021-12-07 10:10:15
8759,,,,,,,,,rod-shaped,1.0,"monotrichous, polar",,158540,67771,1,,2021-12-07 10:10:15
8760,,,,,,,,,rod-shaped,1.0,"monotrichous, polar",,131413,67771,1,,2021-12-07 10:10:15
8761,,,,,,,,,rod-shaped,1.0,"monotrichous, polar",,133040,67771,1,,2021-12-07 10:10:15
8762,,,,,,,,,rod-shaped,1.0,"monotrichous, polar",,132266,67771,1,,2021-12-07 10:10:15
8763,,,,,,,,,rod-shaped,1.0,gliding,,3772,67771,1,,2021-12-07 10:10:15
8764,,,,,,,,,rod-shaped,1.0,gliding,,133548,67771,1,,2021-12-07 10:10:15
8765,,,,,,,,,rod-shaped,1.0,gliding,,134217,67771,1,,2021-12-07 10:10:15
8766,,,,,,,,,rod-shaped,1.0,gliding,,133461,67771,1,,2021-12-07 10:10:15
8767,,,,,,,,,rod-shaped,1.0,gliding,,134059,67771,1,,2021-12-07 10:10:15
8768,,,,,,,,,rod-shaped,1.0,gliding,,133570,67771,1,,2021-12-07 10:10:15
8769,,,,,,,,,rod-shaped,1.0,gliding,,140889,67771,1,,2021-12-07 10:10:15
8770,,,,,,,,,rod-shaped,1.0,gliding,,158673,67771,1,,2021-12-07 10:10:15
8771,,,,,,,,,rod-shaped,1.0,gliding,,133252,67771,1,,2021-12-07 10:10:15
8772,,,,,,,,,rod-shaped,1.0,gliding,,133721,67771,1,,2021-12-07 10:10:15
8773,,,,,,,,,rod-shaped,1.0,gliding,,133799,67771,1,,2021-12-07 10:10:15
8774,,,,,,,,,rod-shaped,1.0,gliding,,158705,67771,1,,2021-12-07 10:10:15
8775,,,,,,,,,rod-shaped,1.0,gliding,,158726,67771,1,,2021-12-07 10:10:15
8776,,,,,,,,,rod-shaped,1.0,gliding,,23028,67771,1,,2021-12-07 10:10:15
8777,,,,,,,,,rod-shaped,1.0,gliding,,158646,67771,1,,2021-12-07 10:10:15
8778,,,,,,,,,rod-shaped,1.0,gliding,,5573,67771,1,,2021-12-07 10:10:15
8779,,,,,,,,,rod-shaped,1.0,gliding,,158689,67771,1,,2021-12-07 10:10:15
8780,,,,,,,,,rod-shaped,1.0,gliding,,24548,67771,1,,2021-12-07 10:10:15
8781,,,,,,,,,rod-shaped,1.0,gliding,,133739,67771,1,,2021-12-07 10:10:15
8782,,,,,,,,,rod-shaped,1.0,gliding,,134007,67771,1,,2021-12-07 10:10:15
8783,,,,,,,,,rod-shaped,1.0,gliding,,5643,67771,1,,2021-12-07 10:10:15
8784,,,,,,,,,rod-shaped,,gliding,,133336,67771,1,,2021-12-07 10:10:15
8785,,,,,,,,,rod-shaped,,gliding,,24017,67771,1,,2021-12-07 10:10:15
8786,,,,,,,,,rod-shaped,,,,140760,67771,1,,2021-12-07 10:10:15
8787,,,,,,,,,rod-shaped,,,,133394,67771,1,,2021-12-07 10:10:15
8788,,,,,,,,,rod-shaped,,,,133694,67771,1,,2021-12-07 10:10:15
8789,,,,,,,,,rod-shaped,,,,158683,67771,1,,2021-12-07 10:10:15
8790,,,,,,,,,rod-shaped,1.0,,,159192,67771,1,,2021-12-07 10:10:15
8791,,,,,,,,,rod-shaped,1.0,,,132208,67771,1,,2021-12-07 10:10:15
8792,,,,,,,,,rod-shaped,1.0,,,11629,67771,1,,2021-12-07 10:10:15
8793,,,,,,,,,rod-shaped,1.0,,,166086,67771,1,,2021-12-07 10:10:15
8794,,,,,,,,,rod-shaped,1.0,,,11602,67771,1,,2021-12-07 10:10:15
8795,,,,,,,,,rod-shaped,1.0,,,137388,67771,1,,2021-12-07 10:10:15
8796,,,,,,,,,rod-shaped,1.0,,,565,67771,1,,2021-12-07 10:10:15
8797,,,,,,,,,rod-shaped,1.0,,,140497,67771,1,,2021-12-07 10:10:15
8798,,,,,,,,,rod-shaped,1.0,,,1373,67771,1,,2021-12-07 10:10:15
8799,,,,,,,,,rod-shaped,1.0,,,133092,67771,1,,2021-12-07 10:10:15
8800,,,,,,,,,rod-shaped,1.0,,,11614,67771,1,,2021-12-07 10:10:15
8801,,,,,,,,,rod-shaped,1.0,,,1360,67771,1,,2021-12-07 10:10:15
8802,,,,,,,,,rod-shaped,1.0,,,11552,67771,1,,2021-12-07 10:10:15
8803,,,,,,,,,rod-shaped,0.0,,,6609,67771,1,,2021-12-07 10:10:15
8804,,,,,,,,,rod-shaped,0.0,,,134199,67771,1,,2021-12-07 10:10:15
8805,,,,,,,,,rod-shaped,0.0,,,133997,67771,1,,2021-12-07 10:10:15
8806,,,,,,,,,rod-shaped,0.0,,,6857,67771,1,,2021-12-07 10:10:15
8807,,,,,,,,,rod-shaped,0.0,,,17708,67771,1,,2021-12-07 10:10:15
8808,,,,,,,,,rod-shaped,0.0,,,133541,67771,1,,2021-12-07 10:10:15
8809,,,,,,,,,rod-shaped,0.0,,,17706,67771,1,,2021-12-07 10:10:15
8810,,,,,,,,,rod-shaped,0.0,,,5715,67771,1,,2021-12-07 10:10:15
8811,,,,,,,,,rod-shaped,0.0,,,17761,67771,1,,2021-12-07 10:10:15
8812,,,,,,,,,rod-shaped,0.0,,,17762,67771,1,,2021-12-07 10:10:15
8813,,,,,,,,,rod-shaped,0.0,,,17213,67771,1,,2021-12-07 10:10:15
8814,,,,,,,,,rod-shaped,0.0,,,132995,67771,1,,2021-12-07 10:10:15
8815,,,,,,,,,rod-shaped,0.0,,,133967,67771,1,,2021-12-07 10:10:15
8816,,,,,,,,,rod-shaped,0.0,,,134319,67771,1,,2021-12-07 10:10:15
8817,,,,,,,,,rod-shaped,0.0,,,24132,67771,1,,2021-12-07 10:10:15
8818,,,,,,,,,rod-shaped,0.0,,,133817,67771,1,,2021-12-07 10:10:15
8819,,,,,,,,,rod-shaped,0.0,,,133822,67771,1,,2021-12-07 10:10:15
8820,,,,,,,,,rod-shaped,0.0,,,133120,67771,1,,2021-12-07 10:10:15
8821,,,,,,,,,rod-shaped,0.0,,,133430,67771,1,,2021-12-07 10:10:15
8822,,,,,,,,,rod-shaped,0.0,,,133701,67771,1,,2021-12-07 10:10:15
8823,,,,,,,,,rod-shaped,0.0,,,140836,67771,1,,2021-12-07 10:10:15
8824,,,,,,,,,rod-shaped,0.0,,,159862,67771,1,,2021-12-07 10:10:15
8825,,,,,,,,,rod-shaped,0.0,,,159745,67771,1,,2021-12-07 10:10:15
8826,,,,,,,,,rod-shaped,0.0,,,133121,67771,1,,2021-12-07 10:10:15
8827,,,,,,,,,rod-shaped,0.0,,,140516,67771,1,,2021-12-07 10:10:15
8828,,,,,,,,,rod-shaped,0.0,,,159697,67771,1,,2021-12-07 10:10:15
8829,,,,,,,,,rod-shaped,0.0,,,140592,67771,1,,2021-12-07 10:10:15
8830,,,,,,,,,rod-shaped,0.0,,,133861,67771,1,,2021-12-07 10:10:15
8831,,,,,,,,,rod-shaped,0.0,,,133250,67771,1,,2021-12-07 10:10:15
8832,,,,,,,,,rod-shaped,0.0,,,140503,67771,1,,2021-12-07 10:10:15
8833,,,,,,,,,rod-shaped,0.0,,,140675,67771,1,,2021-12-07 10:10:15
8834,,,,,,,,,rod-shaped,0.0,,,133662,67771,1,,2021-12-07 10:10:15
8835,,,,,,,,,rod-shaped,0.0,,,17710,67771,1,,2021-12-07 10:10:15
8836,,,,,,,,,rod-shaped,0.0,,,133931,67771,1,,2021-12-07 10:10:15
8837,,,,,,,,,rod-shaped,0.0,,,140680,67771,1,,2021-12-07 10:10:15
8838,,,,,,,,,rod-shaped,0.0,,,133901,67771,1,,2021-12-07 10:10:15
8839,,,,,,,,,rod-shaped,0.0,,,5376,67771,1,,2021-12-07 10:10:15
8840,,,,,,,,,rod-shaped,0.0,,,159748,67771,1,,2021-12-07 10:10:15
8841,,,,,,,,,rod-shaped,0.0,,,133436,67771,1,,2021-12-07 10:10:15
8842,,,,,,,,,rod-shaped,0.0,,,17696,67771,1,,2021-12-07 10:10:15
8843,,,,,,,,,rod-shaped,0.0,,,6564,67771,1,,2021-12-07 10:10:15
8844,,,,,,,,,rod-shaped,0.0,,,5427,67771,1,,2021-12-07 10:10:15
8845,,,,,,,,,rod-shaped,0.0,,,2271,67771,1,,2021-12-07 10:10:15
8846,,,,,,,,,rod-shaped,0.0,,,140593,67771,1,,2021-12-07 10:10:15
8847,,,,,,,,,rod-shaped,0.0,,,23790,67771,1,,2021-12-07 10:10:15
8848,,,,,,,,,rod-shaped,0.0,,,133614,67771,1,,2021-12-07 10:10:15
8849,,,,,,,,,rod-shaped,0.0,,,158571,67771,1,,2021-12-07 10:10:15
8850,,,,,,,,,rod-shaped,0.0,,,140793,67771,1,,2021-12-07 10:10:15
8851,,,,,,,,,rod-shaped,0.0,,,133127,67771,1,,2021-12-07 10:10:15
8852,,,,,,,,,rod-shaped,0.0,,,140228,67771,1,,2021-12-07 10:10:15
8853,,,,,,,,,rod-shaped,0.0,,,141097,67771,1,,2021-12-07 10:10:15
8854,,,,,,,,,rod-shaped,0.0,,,133254,67771,1,,2021-12-07 10:10:15
8855,,,,,,,,,rod-shaped,0.0,,,140613,67771,1,,2021-12-07 10:10:15
8856,,,,,,,,,rod-shaped,0.0,,,132418,67771,1,,2021-12-07 10:10:15
8857,,,,,,,,,rod-shaped,0.0,,,1367,67771,1,,2021-12-07 10:10:15
8858,,,,,,,,,rod-shaped,0.0,,,3817,67771,1,,2021-12-07 10:10:15
8859,,,,,,,,,rod-shaped,0.0,,,130193,67771,1,,2021-12-07 10:10:15
8860,,,,,,,,,rod-shaped,0.0,,,5484,67771,1,,2021-12-07 10:10:15
8861,,,,,,,,,rod-shaped,0.0,,,152919,67771,1,,2021-12-07 10:10:15
8862,,,,,,,,,rod-shaped,0.0,,,5569,67771,1,,2021-12-07 10:10:15
8863,,,,,,,,,rod-shaped,0.0,,,5549,67771,1,,2021-12-07 10:10:15
8864,,,,,,,,,rod-shaped,0.0,,,5562,67771,1,,2021-12-07 10:10:15
8865,,,,,,,,,rod-shaped,0.0,,,5503,67771,1,,2021-12-07 10:10:15
8866,,,,,,,,,rod-shaped,0.0,,,134221,67771,1,,2021-12-07 10:10:15
8867,,,,,,,,,rod-shaped,0.0,,,132486,67771,1,,2021-12-07 10:10:15
8868,,,,,,,,,rod-shaped,0.0,,,3778,67771,1,,2021-12-07 10:10:15
8869,,,,,,,,,rod-shaped,0.0,,,3818,67771,1,,2021-12-07 10:10:15
8870,,,,,,,,,rod-shaped,0.0,,,134341,67771,1,,2021-12-07 10:10:15
8871,,,,,,,,,rod-shaped,0.0,,,5479,67771,1,,2021-12-07 10:10:15
8872,,,,,,,,,rod-shaped,0.0,,,1554,67771,1,,2021-12-07 10:10:15
8873,,,,,,,,,rod-shaped,0.0,,,133521,67771,1,,2021-12-07 10:10:15
8874,,,,,,,,,rod-shaped,0.0,,,5559,67771,1,,2021-12-07 10:10:15
8875,,,,,,,,,rod-shaped,0.0,,,133496,67771,1,,2021-12-07 10:10:15
8876,,,,,,,,,rod-shaped,0.0,,,132058,67771,1,,2021-12-07 10:10:15
8877,,,,,,,,,rod-shaped,0.0,,,5645,67771,1,,2021-12-07 10:10:15
8878,,,,,,,,,rod-shaped,0.0,,,5689,67771,1,,2021-12-07 10:10:15
8879,,,,,,,,,rod-shaped,0.0,,,14104,67771,1,,2021-12-07 10:10:15
8880,,,,,,,,,rod-shaped,0.0,,,133708,67771,1,,2021-12-07 10:10:15
8881,,,,,,,,,rod-shaped,0.0,,,133850,67771,1,,2021-12-07 10:10:15
8882,,,,,,,,,rod-shaped,0.0,,,5618,67771,1,,2021-12-07 10:10:15
8883,,,,,,,,,rod-shaped,0.0,,,17749,67771,1,,2021-12-07 10:10:15
8884,,,,,,,,,rod-shaped,0.0,,,134288,67771,1,,2021-12-07 10:10:15
8885,,,,,,,,,rod-shaped,0.0,,,133330,67771,1,,2021-12-07 10:10:15
8886,,,,,,,,,rod-shaped,0.0,,,133907,67771,1,,2021-12-07 10:10:15
8887,,,,,,,,,rod-shaped,0.0,,,133118,67771,1,,2021-12-07 10:10:15
8888,,,,,,,,,rod-shaped,0.0,,,140751,67771,1,,2021-12-07 10:10:15
8889,,,,,,,,,rod-shaped,0.0,,,159869,67771,1,,2021-12-07 10:10:15
8890,,,,,,,,,rod-shaped,0.0,,,131161,67771,1,,2021-12-07 10:10:15
8891,,,,,,,,,rod-shaped,0.0,,,5613,67771,1,,2021-12-07 10:10:15
8892,,,,,,,,,rod-shaped,,,,134198,67771,1,,2021-12-07 10:10:15
8893,,,,,,,,,rod-shaped,,,,5413,67771,1,,2021-12-07 10:10:15
8894,,,,,,,,,rod-shaped,,,,159828,67771,1,,2021-12-07 10:10:15
8895,,,,,,,,,rod-shaped,,,,5638,67771,1,,2021-12-07 10:10:15
8896,,,,,,,,,rod-shaped,,,,17827,67771,1,,2021-12-07 10:10:15
8897,,,,,,,,,rod-shaped,,,,14032,67771,1,,2021-12-07 10:10:15
8898,,,,,,,,,rod-shaped,,,,14031,67771,1,,2021-12-07 10:10:15
8899,,,,,,,,,rod-shaped,,,,134226,67771,1,,2021-12-07 10:10:15
8900,,,,,,,,,rod-shaped,,,,3066,67771,1,,2021-12-07 10:10:15
8901,,,,,,,,,rod-shaped,,,,131518,67771,1,,2021-12-07 10:10:15
8902,,,,,,,,,rod-shaped,,,,14113,67771,1,,2021-12-07 10:10:15
8903,,,,,,,,,rod-shaped,,,,134297,67771,1,,2021-12-07 10:10:15
8904,,,,,,,,,rod-shaped,,,,5644,67771,1,,2021-12-07 10:10:15
8905,,,,,,,,,rod-shaped,,,,134298,67771,1,,2021-12-07 10:10:15
8906,,,,,,,,,rod-shaped,,,,134299,67771,1,,2021-12-07 10:10:15
8907,,,,,,,,,rod-shaped,,,,17760,67771,1,,2021-12-07 10:10:15
8908,,,,,,,,,rod-shaped,,,,133262,67771,1,,2021-12-07 10:10:15
8909,,,,,,,,,rod-shaped,,,,1539,67771,1,,2021-12-07 10:10:15
8910,,,,,,,,,rod-shaped,,,,134040,67771,1,,2021-12-07 10:10:15
8911,,,,,,,,,rod-shaped,,,,22982,67771,1,,2021-12-07 10:10:15
8912,,,,,,,,,rod-shaped,,,,133205,67771,1,,2021-12-07 10:10:15
8913,,,,,,,,,rod-shaped,,,,131519,67771,1,,2021-12-07 10:10:15
8914,,,,,,,,,rod-shaped,,,,130972,67771,1,,2021-12-07 10:10:15
8915,,,,,,,,,rod-shaped,,,,2130,67771,1,,2021-12-07 10:10:15
8916,,,,,,,,,rod-shaped,,,,24127,67771,1,,2021-12-07 10:10:15
8917,,,,,,,,,rod-shaped,,,,2125,67771,1,,2021-12-07 10:10:15
8918,,,,,,,,,rod-shaped,,,,12531,67771,1,,2021-12-07 10:10:15
8919,,,,,,,,,rod-shaped,,,,131531,67771,1,,2021-12-07 10:10:15
8920,,,,,,,,,rod-shaped,,,,1289,67771,1,,2021-12-07 10:10:15
8921,,,,,,,,,rod-shaped,,,,24737,67771,1,,2021-12-07 10:10:15
8922,,,,,,,,,rod-shaped,,,,131529,67771,1,,2021-12-07 10:10:15
8923,,,,,,,,,rod-shaped,,,,131520,67771,1,,2021-12-07 10:10:15
8924,,,,,,,,,rod-shaped,,,,2126,67771,1,,2021-12-07 10:10:15
8925,,,,,,,,,rod-shaped,,,,23022,67771,1,,2021-12-07 10:10:15
8926,,,,,,,,,rod-shaped,,,,140943,67771,1,,2021-12-07 10:10:15
8927,,,,,,,,,rod-shaped,,,,134350,67771,1,,2021-12-07 10:10:15
8928,,,,,,,,,rod-shaped,,,,132637,67771,1,,2021-12-07 10:10:15
8929,,,,,,,,,rod-shaped,,,,24141,67771,1,,2021-12-07 10:10:15
8930,,,,,,,,,rod-shaped,,,,7791,67771,1,,2021-12-07 10:10:15
8931,,,,,,,,,coccus-shaped,,,,133387,67771,1,,2021-12-07 10:10:15
8932,,,,,,,,,coccus-shaped,,,,134271,67771,1,,2021-12-07 10:10:15
8933,,,,,,,,,coccus-shaped,,,,134270,67771,1,,2021-12-07 10:10:15
8934,,,,,,,,,coccus-shaped,,,,18110,67771,1,,2021-12-07 10:10:15
8935,,,,,,,,,coccus-shaped,,,,18111,67771,1,,2021-12-07 10:10:15
8936,,,,,,,,,coccus-shaped,,,,24327,67771,1,,2021-12-07 10:10:15
8937,,,,,,,,,coccus-shaped,,,,11960,67771,1,,2021-12-07 10:10:15
8938,,,,,,,,,coccus-shaped,,,,133809,67771,1,,2021-12-07 10:10:15
8939,,,,,,,,,coccus-shaped,,,,11971,67771,1,,2021-12-07 10:10:15
8940,,,,,,,,,curved-shaped,,,,2829,67771,1,,2021-12-07 10:10:15
8941,,,,,,,,,curved-shaped,,,,566,67771,1,,2021-12-07 10:10:15
8942,,,,,,,,,curved-shaped,,,,24280,67771,1,,2021-12-07 10:10:15
8943,,,,,,,,,curved-shaped,,,,1765,67771,1,,2021-12-07 10:10:15
8944,,,,,,,,,curved-shaped,,,,2524,67771,1,,2021-12-07 10:10:15
8945,,,,,,,,,curved-shaped,,,,134071,67771,1,,2021-12-07 10:10:15
8946,,,,,,,,,curved-shaped,,,,133851,67771,1,,2021-12-07 10:10:15
8947,,,,,,,,,curved-shaped,,,,24128,67771,1,,2021-12-07 10:10:15
8948,,,,,,,,,curved-shaped,,,,18083,67771,1,,2021-12-07 10:10:15
8949,,,,,,,,,curved-shaped,,,,6588,67771,1,,2021-12-07 10:10:15
8950,,,,,,,,,curved-shaped,,,,146,67771,1,,2021-12-07 10:10:15
8951,,,,,,,,,curved-shaped,,,,181,67771,1,,2021-12-07 10:10:15
8952,,,,,,,,,curved-shaped,,,,14404,67771,1,,2021-12-07 10:10:15
8953,,,,,,,,,curved-shaped,,,,6375,67771,1,,2021-12-07 10:10:15
8954,,,,,,,,,curved-shaped,,,,17205,67771,1,,2021-12-07 10:10:15
8955,,,,,,,,,curved-shaped,,,,11438,67771,1,,2021-12-07 10:10:15
8956,,,,,,,,,curved-shaped,,,,23793,67771,1,,2021-12-07 10:10:15
8957,,,,,,,,,curved-shaped,,,,159410,67771,1,,2021-12-07 10:10:15
8958,,,,,,,,,curved-shaped,,,,24742,67771,1,,2021-12-07 10:10:15
8959,,,,,,,,,curved-shaped,,,,23440,67771,1,,2021-12-07 10:10:15
8960,,,,,,,,,curved-shaped,,,,18064,67771,1,,2021-12-07 10:10:15
8961,,,,,,,,,curved-shaped,,,,158647,67771,1,,2021-12-07 10:10:15
8962,,,,,,,,,curved-shaped,,,,2857,67771,1,,2021-12-07 10:10:15
8963,,,,,,,,,curved-shaped,,,,133061,67771,1,,2021-12-07 10:10:15
8964,,,,,,,,,curved-shaped,,,,133066,67771,1,,2021-12-07 10:10:15
8965,,,,,,,,,curved-shaped,,,,18081,67771,1,,2021-12-07 10:10:15
8966,,,,,,,,,curved-shaped,,,,24142,67771,1,,2021-12-07 10:10:15
8967,,,,,,,,,filament-shaped,,,,189,67771,1,,2021-12-07 10:10:15
8968,,,,,,,,,filament-shaped,,,,2520,67771,1,,2021-12-07 10:10:15
8969,,,,,,,,,filament-shaped,,,,14049,67771,1,,2021-12-07 10:10:15
8970,,,,,,,,,filament-shaped,,,,1346,67771,1,,2021-12-07 10:10:15
8971,,,,,,,,,filament-shaped,,,,140620,67771,1,,2021-12-07 10:10:15
8972,,,,,,,,,filament-shaped,,,,133197,67771,1,,2021-12-07 10:10:15
8973,,,,,,,,,filament-shaped,,,,131525,67771,1,,2021-12-07 10:10:15
8974,,,,,,,,,filament-shaped,,,,23860,67771,1,,2021-12-07 10:10:15
8975,,,,,,,,,ovoid-shaped,,,,23757,67771,1,,2021-12-07 10:10:15
8976,,,,,,,,,ovoid-shaped,,,,17830,67771,1,,2021-12-07 10:10:15
8977,,,,,,,,,ovoid-shaped,,,,140599,67771,1,,2021-12-07 10:10:15
8978,,,,,,,,,ovoid-shaped,,,,141043,67771,1,,2021-12-07 10:10:15
8979,,,,,,,,,ovoid-shaped,,,,133261,67771,1,,2021-12-07 10:10:15
8980,,,,,,,,,ovoid-shaped,,,,24115,67771,1,,2021-12-07 10:10:15
8981,,,,,,,,,ovoid-shaped,,,,1551,67771,1,,2021-12-07 10:10:15
8982,,,,,,,,,ovoid-shaped,,,,141066,67771,1,,2021-12-07 10:10:15
8983,,,,,,,,,ovoid-shaped,,,,158706,67771,1,,2021-12-07 10:10:15
8984,,,,,,,,,ovoid-shaped,,,,158681,67771,1,,2021-12-07 10:10:15
8985,,,,,,,,,ovoid-shaped,,,,156652,67771,1,,2021-12-07 10:10:15
8986,,,,,,,,,ovoid-shaped,,,,141011,67771,1,,2021-12-07 10:10:15
8987,,,,,,,,,ovoid-shaped,,,,140706,67771,1,,2021-12-07 10:10:15
8988,,,,,,,,,ovoid-shaped,,,,133483,67771,1,,2021-12-07 10:10:15
8989,,,,,,,,,ovoid-shaped,,,,140553,67771,1,,2021-12-07 10:10:15
8990,,,,,,,,,ovoid-shaped,,,,158791,67771,1,,2021-12-07 10:10:15
8991,,,,,,,,,ovoid-shaped,,,,133915,67771,1,,2021-12-07 10:10:15
8992,,,,,,,,,pleomorphic-shaped,,,,132987,67771,1,,2021-12-07 10:10:15
8993,,,,,,,,,pleomorphic-shaped,,,,17986,67771,1,,2021-12-07 10:10:15
8994,,,,,,,,,pleomorphic-shaped,,,,133244,67771,1,,2021-12-07 10:10:15
8995,,,,,,,,,pleomorphic-shaped,,,,11755,67771,1,,2021-12-07 10:10:15
8996,,,,,,,,,pleomorphic-shaped,,,,133245,67771,1,,2021-12-07 10:10:15
8997,,,,,,,,,pleomorphic-shaped,,,,133781,67771,1,,2021-12-07 10:10:15
8998,,,,,,,,,sphere-shaped,,,,134264,67771,1,,2021-12-07 10:10:15
8999,,,,,,,,,sphere-shaped,,,,5352,67771,1,,2021-12-07 10:10:15
9000,,,,,,,,,sphere-shaped,,,,1370,67771,1,,2021-12-07 10:10:15
9001,,,,,,,,,spiral-shaped,,,,133785,67771,1,,2021-12-07 10:10:15
9002,,,,,,,,,spiral-shaped,,,,133722,67771,1,,2021-12-07 10:10:15
9003,,,,,,,,,spiral-shaped,,,,133507,67771,1,,2021-12-07 10:10:15
9004,,,,,,,,,spiral-shaped,,,,133978,67771,1,,2021-12-07 10:10:15
10450,1.2-1.8,1.2,1.8,µm,0.5-0.6,0.5,0.6,µm,rod-shaped,1.0,monotrichous,negative,166420,67773,1,,2021-12-14 05:35:23
9007,,,,,,,,,pleomorphic-shaped,,,,133785,67771,1,,2021-12-07 10:10:15
9008,,,,,,,,,,,,negative,24742,67771,1,,2021-12-07 10:10:15
9009,,,,,,,,,,,,negative,11505,67771,1,,2021-12-07 10:10:15
9010,,,,,,,,,,,,negative,4171,67771,1,,2021-12-07 10:10:15
9011,,,,,,,,,,,,negative,143604,67771,1,,2021-12-07 10:10:15
9012,,,,,,,,,,,,negative,133387,67771,1,,2021-12-07 10:10:15
9013,,,,,,,,,,,,negative,2125,67771,1,,2021-12-07 10:10:15
9014,,,,,,,,,,,,negative,13956,67771,1,,2021-12-07 10:10:15
9015,,,,,,,,,,,,negative,12531,67771,1,,2021-12-07 10:10:15
9016,,,,,,,,,,,,negative,6187,67771,1,,2021-12-07 10:10:15
9017,,,,,,,,,,,,negative,17445,67771,1,,2021-12-07 10:10:15
9018,,,,,,,,,,,,negative,532,67771,1,,2021-12-07 10:10:15
9019,,,,,,,,,,,,negative,11755,67771,1,,2021-12-07 10:10:15
9020,,,,,,,,,,,,negative,14183,67771,1,,2021-12-07 10:10:15
9021,,,,,,,,,,,,negative,23022,67771,1,,2021-12-07 10:10:15
9022,,,,,,,,,,,,negative,13835,67771,1,,2021-12-07 10:10:15
9023,,,,,,,,,,,,negative,6080,67771,1,,2021-12-07 10:10:15
9024,,,,,,,,,,,,negative,534,67771,1,,2021-12-07 10:10:15
9025,,,,,,,,,,,,negative,133599,67771,1,,2021-12-07 10:10:15
9026,,,,,,,,,,,,negative,13799,67771,1,,2021-12-07 10:10:15
9027,,,,,,,,,,,,negative,133978,67771,1,,2021-12-07 10:10:15
9028,,,,,,,,,,,,negative,6375,67771,1,,2021-12-07 10:10:15
9029,,,,,,,,,,,,negative,133861,67771,1,,2021-12-07 10:10:15
9030,,,,,,,,,,,,negative,130625,67771,1,,2021-12-07 10:10:15
9031,,,,,,,,,,,,negative,2518,67771,1,,2021-12-07 10:10:15
9032,,,,,,,,,,,,negative,2130,67771,1,,2021-12-07 10:10:15
9033,,,,,,,,,,,,negative,133913,67771,1,,2021-12-07 10:10:15
9034,,,,,,,,,,,,negative,23819,67771,1,,2021-12-07 10:10:15
9035,,,,,,,,,,,,negative,133006,67771,1,,2021-12-07 10:10:15
9036,,,,,,,,,,,,negative,14031,67771,1,,2021-12-07 10:10:15
9037,,,,,,,,,,,,negative,12500,67771,1,,2021-12-07 10:10:15
9038,,,,,,,,,,,,negative,133546,67771,1,,2021-12-07 10:10:15
9039,,,,,,,,,,,,negative,140229,67771,1,,2021-12-07 10:10:15
9040,,,,,,,,,,,,negative,2765,67771,1,,2021-12-07 10:10:15
9041,,,,,,,,,,,,negative,18083,67771,1,,2021-12-07 10:10:15
9042,,,,,,,,,,,,negative,6103,67771,1,,2021-12-07 10:10:15
9043,,,,,,,,,,,,negative,13948,67771,1,,2021-12-07 10:10:15
9044,,,,,,,,,,,,negative,11324,67771,1,,2021-12-07 10:10:15
9045,,,,,,,,,,,,negative,5676,67771,1,,2021-12-07 10:10:15
9046,,,,,,,,,,,,negative,17698,67771,1,,2021-12-07 10:10:15
9047,,,,,,,,,,,,negative,17700,67771,1,,2021-12-07 10:10:15
9048,,,,,,,,,,,,negative,17699,67771,1,,2021-12-07 10:10:15
9049,,,,,,,,,,,,negative,17696,67771,1,,2021-12-07 10:10:15
9050,,,,,,,,,,,,negative,134119,67771,1,,2021-12-07 10:10:15
9051,,,,,,,,,,,,negative,133262,67771,1,,2021-12-07 10:10:15
9052,,,,,,,,,,,,negative,17511,67771,1,,2021-12-07 10:10:15
9053,,,,,,,,,,,,negative,5592,67771,1,,2021-12-07 10:10:15
9054,,,,,,,,,,,,negative,5723,67771,1,,2021-12-07 10:10:15
9055,,,,,,,,,,,,negative,6236,67771,1,,2021-12-07 10:10:15
9056,,,,,,,,,,,,negative,12716,67771,1,,2021-12-07 10:10:15
9057,,,,,,,,,,,,negative,132172,67771,1,,2021-12-07 10:10:15
9058,,,,,,,,,,,,negative,24017,67771,1,,2021-12-07 10:10:15
9059,,,,,,,,,,,,negative,6010,67771,1,,2021-12-07 10:10:15
9060,,,,,,,,,,,,negative,140676,67771,1,,2021-12-07 10:10:15
9061,,,,,,,,,,,,negative,5453,67771,1,,2021-12-07 10:10:15
9062,,,,,,,,,,,,negative,158647,67771,1,,2021-12-07 10:10:15
9063,,,,,,,,,,,,negative,17454,67771,1,,2021-12-07 10:10:15
9064,,,,,,,,,,,,negative,13902,67771,1,,2021-12-07 10:10:15
9065,,,,,,,,,,,,negative,17760,67771,1,,2021-12-07 10:10:15
9066,,,,,,,,,,,,negative,133430,67771,1,,2021-12-07 10:10:15
9067,,,,,,,,,,,,negative,17520,67771,1,,2021-12-07 10:10:15
9068,,,,,,,,,,,,negative,133441,67771,1,,2021-12-07 10:10:15
9069,,,,,,,,,,,,negative,133507,67771,1,,2021-12-07 10:10:15
9070,,,,,,,,,,,,negative,17178,67771,1,,2021-12-07 10:10:15
9071,,,,,,,,,,,,negative,5547,67771,1,,2021-12-07 10:10:15
9072,,,,,,,,,,,,negative,2343,67771,1,,2021-12-07 10:10:15
9073,,,,,,,,,,,,negative,134213,67771,1,,2021-12-07 10:10:15
9074,,,,,,,,,,,,negative,17483,67771,1,,2021-12-07 10:10:15
9075,,,,,,,,,,,,negative,23270,67771,1,,2021-12-07 10:10:15
9076,,,,,,,,,,,,negative,134041,67771,1,,2021-12-07 10:10:15
9077,,,,,,,,,,,,negative,23264,67771,1,,2021-12-07 10:10:15
9078,,,,,,,,,,,,negative,5851,67771,1,,2021-12-07 10:10:15
9079,,,,,,,,,,,,negative,3779,67771,1,,2021-12-07 10:10:15
9080,,,,,,,,,,,,negative,134302,67771,1,,2021-12-07 10:10:15
9081,,,,,,,,,,,,negative,17470,67771,1,,2021-12-07 10:10:15
9082,,,,,,,,,,,,negative,133527,67771,1,,2021-12-07 10:10:15
9083,,,,,,,,,,,,negative,130139,67771,1,,2021-12-07 10:10:15
9084,,,,,,,,,,,,negative,6171,67771,1,,2021-12-07 10:10:15
9085,,,,,,,,,,,,negative,133066,67771,1,,2021-12-07 10:10:15
9086,,,,,,,,,,,,negative,11715,67771,1,,2021-12-07 10:10:15
9087,,,,,,,,,,,,negative,17213,67771,1,,2021-12-07 10:10:15
9088,,,,,,,,,,,,negative,132987,67771,1,,2021-12-07 10:10:15
9089,,,,,,,,,,,,negative,17523,67771,1,,2021-12-07 10:10:15
9090,,,,,,,,,,,,negative,158741,67771,1,,2021-12-07 10:10:15
9091,,,,,,,,,,,,negative,5171,67771,1,,2021-12-07 10:10:15
9092,,,,,,,,,,,,negative,134007,67771,1,,2021-12-07 10:10:15
9093,,,,,,,,,,,,negative,133483,67771,1,,2021-12-07 10:10:15
9094,,,,,,,,,,,,negative,6191,67771,1,,2021-12-07 10:10:15
9095,,,,,,,,,,,,negative,2934,67771,1,,2021-12-07 10:10:15
9096,,,,,,,,,,,,negative,460,67771,1,,2021-12-07 10:10:15
9097,,,,,,,,,,,,negative,134351,67771,1,,2021-12-07 10:10:15
9098,,,,,,,,,,,,negative,134352,67771,1,,2021-12-07 10:10:15
9099,,,,,,,,,,,,negative,17346,67771,1,,2021-12-07 10:10:15
9100,,,,,,,,,,,,negative,6072,67771,1,,2021-12-07 10:10:15
9101,,,,,,,,,,,,negative,17928,67771,1,,2021-12-07 10:10:15
9102,,,,,,,,,,,,negative,24669,67771,1,,2021-12-07 10:10:15
9103,,,,,,,,,,,,negative,133785,67771,1,,2021-12-07 10:10:15
9104,,,,,,,,,,,,negative,133842,67771,1,,2021-12-07 10:10:15
9105,,,,,,,,,,,,negative,133862,67771,1,,2021-12-07 10:10:15
9106,,,,,,,,,,,,negative,140897,67771,1,,2021-12-07 10:10:15
9107,,,,,,,,,,,,negative,140889,67771,1,,2021-12-07 10:10:15
9108,,,,,,,,,,,,negative,132995,67771,1,,2021-12-07 10:10:15
9109,,,,,,,,,,,,negative,133330,67771,1,,2021-12-07 10:10:15
9110,,,,,,,,,,,,negative,140681,67771,1,,2021-12-07 10:10:15
9111,,,,,,,,,,,,negative,158744,67771,1,,2021-12-07 10:10:15
9112,,,,,,,,,,,,negative,158673,67771,1,,2021-12-07 10:10:15
9113,,,,,,,,,,,,negative,158597,67771,1,,2021-12-07 10:10:15
9114,,,,,,,,,,,,negative,159882,67771,1,,2021-12-07 10:10:15
9115,,,,,,,,,,,,negative,159831,67771,1,,2021-12-07 10:10:15
9116,,,,,,,,,,,,negative,131444,67771,1,,2021-12-07 10:10:15
9117,,,,,,,,,,,,negative,22974,67771,1,,2021-12-07 10:10:15
9118,,,,,,,,,,,,negative,5613,67771,1,,2021-12-07 10:10:15
9119,,,,,,,,,,,,negative,137383,67771,1,,2021-12-07 10:10:15
9120,,,,,,,,,,,,negative,5719,67771,1,,2021-12-07 10:10:15
9121,,,,,,,,,,,,negative,5623,67771,1,,2021-12-07 10:10:15
9122,,,,,,,,,,,,negative,140759,67771,1,,2021-12-07 10:10:15
9123,,,,,,,,,,,,negative,23230,67771,1,,2021-12-07 10:10:15
9124,,,,,,,,,,,,negative,2904,67771,1,,2021-12-07 10:10:15
9125,,,,,,,,,,,,negative,156141,67771,1,,2021-12-07 10:10:15
9126,,,,,,,,,,,,negative,24224,67771,1,,2021-12-07 10:10:15
9127,,,,,,,,,,,,negative,158637,67771,1,,2021-12-07 10:10:15
9128,,,,,,,,,,,,negative,158805,67771,1,,2021-12-07 10:10:15
9129,,,,,,,,,,,,negative,130500,67771,1,,2021-12-07 10:10:15
9130,,,,,,,,,,,,negative,6234,67771,1,,2021-12-07 10:10:15
9131,,,,,,,,,,,,negative,158788,67771,1,,2021-12-07 10:10:15
9132,,,,,,,,,,,,negative,17476,67771,1,,2021-12-07 10:10:15
9133,,,,,,,,,,,,negative,14268,67771,1,,2021-12-07 10:10:15
9134,,,,,,,,,,,,negative,14267,67771,1,,2021-12-07 10:10:15
9135,,,,,,,,,,,,negative,23504,67771,1,,2021-12-07 10:10:15
9136,,,,,,,,,,,,negative,5550,67771,1,,2021-12-07 10:10:15
9137,,,,,,,,,,,,negative,13777,67771,1,,2021-12-07 10:10:15
9138,,,,,,,,,,,,negative,14025,67771,1,,2021-12-07 10:10:15
9139,,,,,,,,,,,,negative,140750,67771,1,,2021-12-07 10:10:15
9140,,,,,,,,,,,,negative,158684,67771,1,,2021-12-07 10:10:15
9141,,,,,,,,,,,,negative,158529,67771,1,,2021-12-07 10:10:15
9142,,,,,,,,,,,,negative,133254,67771,1,,2021-12-07 10:10:15
9143,,,,,,,,,,,,negative,133965,67771,1,,2021-12-07 10:10:15
9144,,,,,,,,,,,,negative,17785,67771,1,,2021-12-07 10:10:15
9145,,,,,,,,,,,,negative,12564,67771,1,,2021-12-07 10:10:15
9146,,,,,,,,,,,,negative,23199,67771,1,,2021-12-07 10:10:15
9147,,,,,,,,,,,,negative,141064,67771,1,,2021-12-07 10:10:15
9148,,,,,,,,,,,,negative,8143,67771,1,,2021-12-07 10:10:15
9149,,,,,,,,,,,,negative,132602,67771,1,,2021-12-07 10:10:15
9150,,,,,,,,,,,,negative,6033,67771,1,,2021-12-07 10:10:15
9151,,,,,,,,,,,,negative,1604,67771,1,,2021-12-07 10:10:15
9152,,,,,,,,,,,,negative,140560,67771,1,,2021-12-07 10:10:15
9153,,,,,,,,,,,,negative,140958,67771,1,,2021-12-07 10:10:15
9154,,,,,,,,,,,,negative,11552,67771,1,,2021-12-07 10:10:15
9155,,,,,,,,,,,,negative,159192,67771,1,,2021-12-07 10:10:15
9156,,,,,,,,,,,,negative,140922,67771,1,,2021-12-07 10:10:15
9157,,,,,,,,,,,,negative,159845,67771,1,,2021-12-07 10:10:15
9158,,,,,,,,,,,,negative,13736,67771,1,,2021-12-07 10:10:15
9159,,,,,,,,,,,,negative,24718,67771,1,,2021-12-07 10:10:15
9160,,,,,,,,,,,,negative,75,67771,1,,2021-12-07 10:10:15
9161,,,,,,,,,,,,negative,133143,67771,1,,2021-12-07 10:10:15
9162,,,,,,,,,,,,negative,3772,67771,1,,2021-12-07 10:10:15
9163,,,,,,,,,,,,negative,133331,67771,1,,2021-12-07 10:10:15
9164,,,,,,,,,,,,negative,133121,67771,1,,2021-12-07 10:10:15
9165,,,,,,,,,,,,negative,140593,67771,1,,2021-12-07 10:10:15
9166,,,,,,,,,,,,negative,140525,67771,1,,2021-12-07 10:10:15
9167,,,,,,,,,,,,negative,158681,67771,1,,2021-12-07 10:10:15
9168,,,,,,,,,,,,negative,140749,67771,1,,2021-12-07 10:10:15
9169,,,,,,,,,,,,negative,23758,67771,1,,2021-12-07 10:10:15
9170,,,,,,,,,,,,negative,24343,67771,1,,2021-12-07 10:10:15
9171,,,,,,,,,,,,negative,158541,67771,1,,2021-12-07 10:10:15
9172,,,,,,,,,,,,negative,158540,67771,1,,2021-12-07 10:10:15
9173,,,,,,,,,,,,negative,133822,67771,1,,2021-12-07 10:10:15
9174,,,,,,,,,,,,negative,132208,67771,1,,2021-12-07 10:10:15
9175,,,,,,,,,,,,negative,140924,67771,1,,2021-12-07 10:10:15
9176,,,,,,,,,,,,negative,140617,67771,1,,2021-12-07 10:10:15
9177,,,,,,,,,,,,negative,141106,67771,1,,2021-12-07 10:10:15
9178,,,,,,,,,,,,negative,23343,67771,1,,2021-12-07 10:10:15
9179,,,,,,,,,,,,negative,11366,67771,1,,2021-12-07 10:10:15
9180,,,,,,,,,,,,negative,13563,67771,1,,2021-12-07 10:10:15
9181,,,,,,,,,,,,negative,17517,67771,1,,2021-12-07 10:10:15
9182,,,,,,,,,,,,negative,17416,67771,1,,2021-12-07 10:10:15
9183,,,,,,,,,,,,negative,7227,67771,1,,2021-12-07 10:10:15
9184,,,,,,,,,,,,negative,3882,67771,1,,2021-12-07 10:10:15
9185,,,,,,,,,,,,negative,3881,67771,1,,2021-12-07 10:10:15
9186,,,,,,,,,,,,negative,3018,67771,1,,2021-12-07 10:10:15
9187,,,,,,,,,,,,negative,134353,67771,1,,2021-12-07 10:10:15
9188,,,,,,,,,,,,negative,24802,67771,1,,2021-12-07 10:10:15
9189,,,,,,,,,,,,negative,2139,67771,1,,2021-12-07 10:10:15
9190,,,,,,,,,,,,negative,23238,67771,1,,2021-12-07 10:10:15
9191,,,,,,,,,,,,negative,130638,67771,1,,2021-12-07 10:10:15
9192,,,,,,,,,,,,negative,6020,67771,1,,2021-12-07 10:10:15
9193,,,,,,,,,,,,negative,471,67771,1,,2021-12-07 10:10:15
9194,,,,,,,,,,,,negative,6062,67771,1,,2021-12-07 10:10:15
9195,,,,,,,,,,,,negative,158615,67771,1,,2021-12-07 10:10:15
9196,,,,,,,,,,,,negative,133806,67771,1,,2021-12-07 10:10:15
9197,,,,,,,,,,,,negative,22978,67771,1,,2021-12-07 10:10:15
9198,,,,,,,,,,,,negative,134057,67771,1,,2021-12-07 10:10:15
9199,,,,,,,,,,,,negative,133250,67771,1,,2021-12-07 10:10:15
9200,,,,,,,,,,,,negative,17497,67771,1,,2021-12-07 10:10:15
9201,,,,,,,,,,,,negative,5741,67771,1,,2021-12-07 10:10:15
9202,,,,,,,,,,,,negative,133631,67771,1,,2021-12-07 10:10:15
9203,,,,,,,,,,,,negative,99,67771,1,,2021-12-07 10:10:15
9204,,,,,,,,,,,,negative,159828,67771,1,,2021-12-07 10:10:15
9205,,,,,,,,,,,,negative,5590,67771,1,,2021-12-07 10:10:15
9206,,,,,,,,,,,,negative,8194,67771,1,,2021-12-07 10:10:15
9207,,,,,,,,,,,,negative,134198,67771,1,,2021-12-07 10:10:15
9208,,,,,,,,,,,,negative,2877,67771,1,,2021-12-07 10:10:15
9209,,,,,,,,,,,,negative,11367,67771,1,,2021-12-07 10:10:15
9210,,,,,,,,,,,,negative,17234,67771,1,,2021-12-07 10:10:15
9211,,,,,,,,,,,,negative,17455,67771,1,,2021-12-07 10:10:15
9212,,,,,,,,,,,,negative,13833,67771,1,,2021-12-07 10:10:15
9213,,,,,,,,,,,,negative,13772,67771,1,,2021-12-07 10:10:15
9214,,,,,,,,,,,,negative,13942,67771,1,,2021-12-07 10:10:15
9215,,,,,,,,,,,,negative,17488,67771,1,,2021-12-07 10:10:15
9216,,,,,,,,,,,,negative,133662,67771,1,,2021-12-07 10:10:15
9217,,,,,,,,,,,,negative,133680,67771,1,,2021-12-07 10:10:15
9218,,,,,,,,,,,,negative,133749,67771,1,,2021-12-07 10:10:15
9219,,,,,,,,,,,,negative,133712,67771,1,,2021-12-07 10:10:15
9220,,,,,,,,,,,,negative,133748,67771,1,,2021-12-07 10:10:15
9221,,,,,,,,,,,,negative,133771,67771,1,,2021-12-07 10:10:15
9222,,,,,,,,,,,,negative,133765,67771,1,,2021-12-07 10:10:15
9223,,,,,,,,,,,,negative,133967,67771,1,,2021-12-07 10:10:15
9224,,,,,,,,,,,,negative,134003,67771,1,,2021-12-07 10:10:15
9225,,,,,,,,,,,,negative,140888,67771,1,,2021-12-07 10:10:15
9226,,,,,,,,,,,,negative,141065,67771,1,,2021-12-07 10:10:15
9227,,,,,,,,,,,,negative,5668,67771,1,,2021-12-07 10:10:15
9228,,,,,,,,,,,,negative,5503,67771,1,,2021-12-07 10:10:15
9229,,,,,,,,,,,,negative,5740,67771,1,,2021-12-07 10:10:15
9230,,,,,,,,,,,,negative,158525,67771,1,,2021-12-07 10:10:15
9231,,,,,,,,,,,,negative,134290,67771,1,,2021-12-07 10:10:15
9232,,,,,,,,,,,,negative,133813,67771,1,,2021-12-07 10:10:15
9233,,,,,,,,,,,,negative,133817,67771,1,,2021-12-07 10:10:15
9234,,,,,,,,,,,,negative,140836,67771,1,,2021-12-07 10:10:15
9235,,,,,,,,,,,,negative,140503,67771,1,,2021-12-07 10:10:15
9236,,,,,,,,,,,,negative,140614,67771,1,,2021-12-07 10:10:15
9237,,,,,,,,,,,,negative,140675,67771,1,,2021-12-07 10:10:15
9238,,,,,,,,,,,,negative,140561,67771,1,,2021-12-07 10:10:15
9239,,,,,,,,,,,,negative,158592,67771,1,,2021-12-07 10:10:15
9240,,,,,,,,,,,,negative,159697,67771,1,,2021-12-07 10:10:15
9241,,,,,,,,,,,,negative,5618,67771,1,,2021-12-07 10:10:15
9242,,,,,,,,,,,,negative,24797,67771,1,,2021-12-07 10:10:15
9243,,,,,,,,,,,,negative,6040,67771,1,,2021-12-07 10:10:15
9244,,,,,,,,,,,,negative,132266,67771,1,,2021-12-07 10:10:15
9245,,,,,,,,,,,,negative,131161,67771,1,,2021-12-07 10:10:15
9246,,,,,,,,,,,,negative,5677,67771,1,,2021-12-07 10:10:15
9247,,,,,,,,,,,,negative,2842,67771,1,,2021-12-07 10:10:15
9248,,,,,,,,,,,,negative,137380,67771,1,,2021-12-07 10:10:15
9249,,,,,,,,,,,,negative,134173,67771,1,,2021-12-07 10:10:15
9250,,,,,,,,,,,,negative,1975,67771,1,,2021-12-07 10:10:15
9251,,,,,,,,,,,,negative,134221,67771,1,,2021-12-07 10:10:15
9252,,,,,,,,,,,,negative,134289,67771,1,,2021-12-07 10:10:15
9253,,,,,,,,,,,,negative,18155,67771,1,,2021-12-07 10:10:15
9254,,,,,,,,,,,,negative,461,67771,1,,2021-12-07 10:10:15
9255,,,,,,,,,,,,negative,14253,67771,1,,2021-12-07 10:10:15
9256,,,,,,,,,,,,negative,134203,67771,1,,2021-12-07 10:10:15
9257,,,,,,,,,,,,negative,134288,67771,1,,2021-12-07 10:10:15
9258,,,,,,,,,,,,negative,134305,67771,1,,2021-12-07 10:10:15
9259,,,,,,,,,,,,negative,134323,67771,1,,2021-12-07 10:10:15
9260,,,,,,,,,,,,negative,14283,67771,1,,2021-12-07 10:10:15
9261,,,,,,,,,,,,negative,14282,67771,1,,2021-12-07 10:10:15
9262,,,,,,,,,,,,negative,133456,67771,1,,2021-12-07 10:10:15
9263,,,,,,,,,,,,negative,134362,67771,1,,2021-12-07 10:10:15
9264,,,,,,,,,,,,negative,1631,67771,1,,2021-12-07 10:10:15
9265,,,,,,,,,,,,negative,13856,67771,1,,2021-12-07 10:10:15
9266,,,,,,,,,,,,negative,6074,67771,1,,2021-12-07 10:10:15
9267,,,,,,,,,,,,negative,17569,67771,1,,2021-12-07 10:10:15
9268,,,,,,,,,,,,negative,386,67771,1,,2021-12-07 10:10:15
9269,,,,,,,,,,,,negative,23340,67771,1,,2021-12-07 10:10:15
9270,,,,,,,,,,,,negative,443,67771,1,,2021-12-07 10:10:15
9271,,,,,,,,,,,,negative,133504,67771,1,,2021-12-07 10:10:15
9272,,,,,,,,,,,,negative,156203,67771,1,,2021-12-07 10:10:15
9273,,,,,,,,,,,,negative,2935,67771,1,,2021-12-07 10:10:15
9274,,,,,,,,,,,,negative,14281,67771,1,,2021-12-07 10:10:15
9275,,,,,,,,,,,,negative,133672,67771,1,,2021-12-07 10:10:15
9276,,,,,,,,,,,,negative,133691,67771,1,,2021-12-07 10:10:15
9277,,,,,,,,,,,,negative,17907,67771,1,,2021-12-07 10:10:15
9278,,,,,,,,,,,,negative,24503,67771,1,,2021-12-07 10:10:15
9279,,,,,,,,,,,,negative,24737,67771,1,,2021-12-07 10:10:15
9280,,,,,,,,,,,,negative,133931,67771,1,,2021-12-07 10:10:15
9281,,,,,,,,,,,,negative,133986,67771,1,,2021-12-07 10:10:15
9282,,,,,,,,,,,,negative,134059,67771,1,,2021-12-07 10:10:15
9283,,,,,,,,,,,,negative,130648,67771,1,,2021-12-07 10:10:15
9284,,,,,,,,,,,,negative,132418,67771,1,,2021-12-07 10:10:15
9285,,,,,,,,,,,,negative,133261,67771,1,,2021-12-07 10:10:15
9286,,,,,,,,,,,,negative,133391,67771,1,,2021-12-07 10:10:15
9287,,,,,,,,,,,,negative,133390,67771,1,,2021-12-07 10:10:15
9288,,,,,,,,,,,,negative,158674,67771,1,,2021-12-07 10:10:15
9289,,,,,,,,,,,,negative,158784,67771,1,,2021-12-07 10:10:15
9290,,,,,,,,,,,,negative,158706,67771,1,,2021-12-07 10:10:15
9291,,,,,,,,,,,,negative,158654,67771,1,,2021-12-07 10:10:15
9292,,,,,,,,,,,,negative,159760,67771,1,,2021-12-07 10:10:15
9293,,,,,,,,,,,,negative,166544,67771,1,,2021-12-07 10:10:15
9294,,,,,,,,,,,,negative,2846,67771,1,,2021-12-07 10:10:15
9295,,,,,,,,,,,,negative,17749,67771,1,,2021-12-07 10:10:15
9296,,,,,,,,,,,,negative,133570,67771,1,,2021-12-07 10:10:15
9297,,,,,,,,,,,,negative,350,67771,1,,2021-12-07 10:10:15
9298,,,,,,,,,,,,negative,442,67771,1,,2021-12-07 10:10:15
9299,,,,,,,,,,,,negative,134065,67771,1,,2021-12-07 10:10:15
9300,,,,,,,,,,,,negative,140047,67771,1,,2021-12-07 10:10:15
9301,,,,,,,,,,,,negative,140228,67771,1,,2021-12-07 10:10:15
9302,,,,,,,,,,,,negative,133245,67771,1,,2021-12-07 10:10:15
9303,,,,,,,,,,,,negative,133803,67771,1,,2021-12-07 10:10:15
9304,,,,,,,,,,,,negative,133804,67771,1,,2021-12-07 10:10:15
9305,,,,,,,,,,,,negative,134117,67771,1,,2021-12-07 10:10:15
9306,,,,,,,,,,,,negative,13794,67771,1,,2021-12-07 10:10:15
9307,,,,,,,,,,,,negative,131518,67771,1,,2021-12-07 10:10:15
9308,,,,,,,,,,,,negative,131536,67771,1,,2021-12-07 10:10:15
9309,,,,,,,,,,,,negative,131516,67771,1,,2021-12-07 10:10:15
9310,,,,,,,,,,,,negative,133492,67771,1,,2021-12-07 10:10:15
9311,,,,,,,,,,,,negative,14026,67771,1,,2021-12-07 10:10:15
9312,,,,,,,,,,,,negative,23850,67771,1,,2021-12-07 10:10:15
9313,,,,,,,,,,,,negative,130745,67771,1,,2021-12-07 10:10:15
9314,,,,,,,,,,,,negative,7198,67771,1,,2021-12-07 10:10:15
9315,,,,,,,,,,,,negative,14238,67771,1,,2021-12-07 10:10:15
9316,,,,,,,,,,,,negative,14237,67771,1,,2021-12-07 10:10:15
9317,,,,,,,,,,,,negative,17746,67771,1,,2021-12-07 10:10:15
9318,,,,,,,,,,,,negative,6045,67771,1,,2021-12-07 10:10:15
9319,,,,,,,,,,,,negative,17491,67771,1,,2021-12-07 10:10:15
9320,,,,,,,,,,,,negative,17747,67771,1,,2021-12-07 10:10:15
9321,,,,,,,,,,,,negative,13564,67771,1,,2021-12-07 10:10:15
9322,,,,,,,,,,,,negative,17518,67771,1,,2021-12-07 10:10:15
9323,,,,,,,,,,,,negative,17514,67771,1,,2021-12-07 10:10:15
9324,,,,,,,,,,,,negative,17908,67771,1,,2021-12-07 10:10:15
9325,,,,,,,,,,,,negative,24564,67771,1,,2021-12-07 10:10:15
9326,,,,,,,,,,,,negative,133540,67771,1,,2021-12-07 10:10:15
9327,,,,,,,,,,,,negative,23880,67771,1,,2021-12-07 10:10:15
9328,,,,,,,,,,,,negative,5727,67771,1,,2021-12-07 10:10:15
9329,,,,,,,,,,,,negative,133565,67771,1,,2021-12-07 10:10:15
9330,,,,,,,,,,,,negative,351,67771,1,,2021-12-07 10:10:15
9331,,,,,,,,,,,,negative,363,67771,1,,2021-12-07 10:10:15
9332,,,,,,,,,,,,negative,133621,67771,1,,2021-12-07 10:10:15
9333,,,,,,,,,,,,negative,133582,67771,1,,2021-12-07 10:10:15
9334,,,,,,,,,,,,negative,23283,67771,1,,2021-12-07 10:10:15
9335,,,,,,,,,,,,negative,133687,67771,1,,2021-12-07 10:10:15
9336,,,,,,,,,,,,negative,133694,67771,1,,2021-12-07 10:10:15
9337,,,,,,,,,,,,negative,5587,67771,1,,2021-12-07 10:10:15
9338,,,,,,,,,,,,negative,133729,67771,1,,2021-12-07 10:10:15
9339,,,,,,,,,,,,negative,133739,67771,1,,2021-12-07 10:10:15
9340,,,,,,,,,,,,negative,23239,67771,1,,2021-12-07 10:10:15
9341,,,,,,,,,,,,negative,133724,67771,1,,2021-12-07 10:10:15
9342,,,,,,,,,,,,negative,133731,67771,1,,2021-12-07 10:10:15
9343,,,,,,,,,,,,negative,133836,67771,1,,2021-12-07 10:10:15
9344,,,,,,,,,,,,negative,133851,67771,1,,2021-12-07 10:10:15
9345,,,,,,,,,,,,negative,24049,67771,1,,2021-12-07 10:10:15
9346,,,,,,,,,,,,negative,133364,67771,1,,2021-12-07 10:10:15
9347,,,,,,,,,,,,negative,133120,67771,1,,2021-12-07 10:10:15
9348,,,,,,,,,,,,negative,140955,67771,1,,2021-12-07 10:10:15
9349,,,,,,,,,,,,negative,140956,67771,1,,2021-12-07 10:10:15
9350,,,,,,,,,,,,negative,140384,67771,1,,2021-12-07 10:10:15
9351,,,,,,,,,,,,negative,5728,67771,1,,2021-12-07 10:10:15
9352,,,,,,,,,,,,negative,133708,67771,1,,2021-12-07 10:10:15
9353,,,,,,,,,,,,negative,133808,67771,1,,2021-12-07 10:10:15
9354,,,,,,,,,,,,negative,133850,67771,1,,2021-12-07 10:10:15
9355,,,,,,,,,,,,negative,134226,67771,1,,2021-12-07 10:10:15
9356,,,,,,,,,,,,negative,14049,67771,1,,2021-12-07 10:10:15
9357,,,,,,,,,,,,negative,6168,67771,1,,2021-12-07 10:10:15
9358,,,,,,,,,,,,negative,23225,67771,1,,2021-12-07 10:10:15
9359,,,,,,,,,,,,negative,17456,67771,1,,2021-12-07 10:10:15
9360,,,,,,,,,,,,negative,133436,67771,1,,2021-12-07 10:10:15
9361,,,,,,,,,,,,negative,140978,67771,1,,2021-12-07 10:10:15
9362,,,,,,,,,,,,negative,11377,67771,1,,2021-12-07 10:10:15
9363,,,,,,,,,,,,negative,133826,67771,1,,2021-12-07 10:10:15
9364,,,,,,,,,,,,negative,133962,67771,1,,2021-12-07 10:10:15
9365,,,,,,,,,,,,negative,140613,67771,1,,2021-12-07 10:10:15
9366,,,,,,,,,,,,negative,133367,67771,1,,2021-12-07 10:10:15
9367,,,,,,,,,,,,negative,140711,67771,1,,2021-12-07 10:10:15
9368,,,,,,,,,,,,negative,140793,67771,1,,2021-12-07 10:10:15
9369,,,,,,,,,,,,negative,158564,67771,1,,2021-12-07 10:10:15
9370,,,,,,,,,,,,negative,1962,67771,1,,2021-12-07 10:10:15
9371,,,,,,,,,,,,negative,6047,67771,1,,2021-12-07 10:10:15
9372,,,,,,,,,,,,negative,455,67771,1,,2021-12-07 10:10:15
9373,,,,,,,,,,,,negative,456,67771,1,,2021-12-07 10:10:15
9374,,,,,,,,,,,,negative,10520,67771,1,,2021-12-07 10:10:15
9375,,,,,,,,,,,,negative,5734,67771,1,,2021-12-07 10:10:15
9376,,,,,,,,,,,,negative,1982,67771,1,,2021-12-07 10:10:15
9377,,,,,,,,,,,,negative,13844,67771,1,,2021-12-07 10:10:15
9378,,,,,,,,,,,,negative,133514,67771,1,,2021-12-07 10:10:15
9379,,,,,,,,,,,,negative,159862,67771,1,,2021-12-07 10:10:15
9380,,,,,,,,,,,,negative,3778,67771,1,,2021-12-07 10:10:15
9381,,,,,,,,,,,,negative,134309,67771,1,,2021-12-07 10:10:15
9382,,,,,,,,,,,,negative,5570,67771,1,,2021-12-07 10:10:15
9383,,,,,,,,,,,,negative,349,67771,1,,2021-12-07 10:10:15
9384,,,,,,,,,,,,negative,17499,67771,1,,2021-12-07 10:10:15
9385,,,,,,,,,,,,negative,131501,67771,1,,2021-12-07 10:10:15
9386,,,,,,,,,,,,negative,140943,67771,1,,2021-12-07 10:10:15
9387,,,,,,,,,,,,negative,140321,67771,1,,2021-12-07 10:10:15
9388,,,,,,,,,,,,negative,158571,67771,1,,2021-12-07 10:10:15
9389,,,,,,,,,,,,negative,159871,67771,1,,2021-12-07 10:10:15
9390,,,,,,,,,,,,negative,133751,67771,1,,2021-12-07 10:10:15
9391,,,,,,,,,,,,negative,141086,67771,1,,2021-12-07 10:10:15
9392,,,,,,,,,,,,negative,23440,67771,1,,2021-12-07 10:10:15
9393,,,,,,,,,,,,negative,3818,67771,1,,2021-12-07 10:10:15
9394,,,,,,,,,,,,negative,2999,67771,1,,2021-12-07 10:10:15
9395,,,,,,,,,,,,negative,133336,67771,1,,2021-12-07 10:10:15
9396,,,,,,,,,,,,negative,140592,67771,1,,2021-12-07 10:10:15
9397,,,,,,,,,,,,negative,140707,67771,1,,2021-12-07 10:10:15
9398,,,,,,,,,,,,negative,133614,67771,1,,2021-12-07 10:10:15
9399,,,,,,,,,,,,negative,17240,67771,1,,2021-12-07 10:10:15
9400,,,,,,,,,,,,negative,133460,67771,1,,2021-12-07 10:10:15
9401,,,,,,,,,,,,negative,132486,67771,1,,2021-12-07 10:10:15
9402,,,,,,,,,,,,negative,159706,67771,1,,2021-12-07 10:10:15
9403,,,,,,,,,,,,negative,17281,67771,1,,2021-12-07 10:10:15
9404,,,,,,,,,,,,negative,133596,67771,1,,2021-12-07 10:10:15
9405,,,,,,,,,,,,negative,133595,67771,1,,2021-12-07 10:10:15
9406,,,,,,,,,,,,negative,4383,67771,1,,2021-12-07 10:10:15
9407,,,,,,,,,,,,negative,5638,67771,1,,2021-12-07 10:10:15
9408,,,,,,,,,,,,negative,14293,67771,1,,2021-12-07 10:10:15
9409,,,,,,,,,,,,negative,133244,67771,1,,2021-12-07 10:10:15
9410,,,,,,,,,,,,negative,3017,67771,1,,2021-12-07 10:10:15
9411,,,,,,,,,,,,negative,159692,67771,1,,2021-12-07 10:10:15
9412,,,,,,,,,,,,negative,17830,67771,1,,2021-12-07 10:10:15
9413,,,,,,,,,,,,negative,12700,67771,1,,2021-12-07 10:10:15
9414,,,,,,,,,,,,negative,17312,67771,1,,2021-12-07 10:10:15
9415,,,,,,,,,,,,negative,133252,67771,1,,2021-12-07 10:10:15
9416,,,,,,,,,,,,negative,140526,67771,1,,2021-12-07 10:10:15
9417,,,,,,,,,,,,negative,132973,67771,1,,2021-12-07 10:10:15
9418,,,,,,,,,,,,negative,5480,67771,1,,2021-12-07 10:10:15
9419,,,,,,,,,,,,negative,5484,67771,1,,2021-12-07 10:10:15
9420,,,,,,,,,,,,negative,5717,67771,1,,2021-12-07 10:10:15
9421,,,,,,,,,,,,negative,132058,67771,1,,2021-12-07 10:10:15
9422,,,,,,,,,,,,negative,5594,67771,1,,2021-12-07 10:10:15
9423,,,,,,,,,,,,negative,152919,67771,1,,2021-12-07 10:10:15
9424,,,,,,,,,,,,negative,5643,67771,1,,2021-12-07 10:10:15
9425,,,,,,,,,,,,negative,134195,67771,1,,2021-12-07 10:10:15
9426,,,,,,,,,,,,negative,5588,67771,1,,2021-12-07 10:10:15
9427,,,,,,,,,,,,negative,134217,67771,1,,2021-12-07 10:10:15
9428,,,,,,,,,,,,negative,17710,67771,1,,2021-12-07 10:10:15
9429,,,,,,,,,,,,negative,23028,67771,1,,2021-12-07 10:10:15
9430,,,,,,,,,,,,negative,133461,67771,1,,2021-12-07 10:10:15
9431,,,,,,,,,,,,negative,5715,67771,1,,2021-12-07 10:10:15
9432,,,,,,,,,,,,negative,133548,67771,1,,2021-12-07 10:10:15
9433,,,,,,,,,,,,negative,133600,67771,1,,2021-12-07 10:10:15
9434,,,,,,,,,,,,negative,133721,67771,1,,2021-12-07 10:10:15
9435,,,,,,,,,,,,negative,133188,67771,1,,2021-12-07 10:10:15
9436,,,,,,,,,,,,negative,140563,67771,1,,2021-12-07 10:10:15
9437,,,,,,,,,,,,negative,158689,67771,1,,2021-12-07 10:10:15
9438,,,,,,,,,,,,negative,158636,67771,1,,2021-12-07 10:10:15
9439,,,,,,,,,,,,negative,133901,67771,1,,2021-12-07 10:10:15
9440,,,,,,,,,,,,negative,17205,67771,1,,2021-12-07 10:10:15
9441,,,,,,,,,,,,negative,2524,67771,1,,2021-12-07 10:10:15
9442,,,,,,,,,,,,negative,24548,67771,1,,2021-12-07 10:10:15
9443,,,,,,,,,,,,negative,130623,67771,1,,2021-12-07 10:10:15
9444,,,,,,,,,,,,negative,17486,67771,1,,2021-12-07 10:10:15
9445,,,,,,,,,,,,negative,24502,67771,1,,2021-12-07 10:10:15
9446,,,,,,,,,,,,negative,8210,67771,1,,2021-12-07 10:10:15
9447,,,,,,,,,,,,negative,133701,67771,1,,2021-12-07 10:10:15
9448,,,,,,,,,,,,negative,133676,67771,1,,2021-12-07 10:10:15
9449,,,,,,,,,,,,negative,159745,67771,1,,2021-12-07 10:10:15
9450,,,,,,,,,,,,negative,133040,67771,1,,2021-12-07 10:10:15
9451,,,,,,,,,,,,negative,140957,67771,1,,2021-12-07 10:10:15
9452,,,,,,,,,,,,negative,6772,67771,1,,2021-12-07 10:10:15
9453,,,,,,,,,,,,negative,134146,67771,1,,2021-12-07 10:10:15
9454,,,,,,,,,,,,negative,13140,67771,1,,2021-12-07 10:10:15
9455,,,,,,,,,,,,negative,5669,67771,1,,2021-12-07 10:10:15
9456,,,,,,,,,,,,negative,5683,67771,1,,2021-12-07 10:10:15
9457,,,,,,,,,,,,negative,5562,67771,1,,2021-12-07 10:10:15
9458,,,,,,,,,,,,negative,17233,67771,1,,2021-12-07 10:10:15
9459,,,,,,,,,,,,negative,13151,67771,1,,2021-12-07 10:10:15
9460,,,,,,,,,,,,negative,292,67771,1,,2021-12-07 10:10:15
9461,,,,,,,,,,,,negative,5567,67771,1,,2021-12-07 10:10:15
9462,,,,,,,,,,,,negative,13797,67771,1,,2021-12-07 10:10:15
9463,,,,,,,,,,,,negative,134319,67771,1,,2021-12-07 10:10:15
9464,,,,,,,,,,,,negative,17493,67771,1,,2021-12-07 10:10:15
9465,,,,,,,,,,,,negative,5479,67771,1,,2021-12-07 10:10:15
9466,,,,,,,,,,,,negative,133541,67771,1,,2021-12-07 10:10:15
9467,,,,,,,,,,,,negative,5721,67771,1,,2021-12-07 10:10:15
9468,,,,,,,,,,,,negative,130619,67771,1,,2021-12-07 10:10:15
9469,,,,,,,,,,,,negative,133618,67771,1,,2021-12-07 10:10:15
9470,,,,,,,,,,,,negative,133617,67771,1,,2021-12-07 10:10:15
9471,,,,,,,,,,,,negative,156007,67771,1,,2021-12-07 10:10:15
9472,,,,,,,,,,,,negative,133673,67771,1,,2021-12-07 10:10:15
9473,,,,,,,,,,,,negative,133711,67771,1,,2021-12-07 10:10:15
9474,,,,,,,,,,,,negative,133725,67771,1,,2021-12-07 10:10:15
9475,,,,,,,,,,,,negative,133730,67771,1,,2021-12-07 10:10:15
9476,,,,,,,,,,,,negative,24561,67771,1,,2021-12-07 10:10:15
9477,,,,,,,,,,,,negative,156646,67771,1,,2021-12-07 10:10:15
9478,,,,,,,,,,,,negative,133890,67771,1,,2021-12-07 10:10:15
9479,,,,,,,,,,,,negative,133907,67771,1,,2021-12-07 10:10:15
9480,,,,,,,,,,,,negative,133987,67771,1,,2021-12-07 10:10:15
9481,,,,,,,,,,,,negative,134020,67771,1,,2021-12-07 10:10:15
9482,,,,,,,,,,,,negative,134021,67771,1,,2021-12-07 10:10:15
9483,,,,,,,,,,,,negative,140941,67771,1,,2021-12-07 10:10:15
9484,,,,,,,,,,,,negative,141066,67771,1,,2021-12-07 10:10:15
9485,,,,,,,,,,,,negative,133258,67771,1,,2021-12-07 10:10:15
9486,,,,,,,,,,,,negative,133310,67771,1,,2021-12-07 10:10:15
9487,,,,,,,,,,,,negative,140599,67771,1,,2021-12-07 10:10:15
9488,,,,,,,,,,,,negative,140553,67771,1,,2021-12-07 10:10:15
9489,,,,,,,,,,,,negative,140706,67771,1,,2021-12-07 10:10:15
9490,,,,,,,,,,,,negative,141043,67771,1,,2021-12-07 10:10:15
9491,,,,,,,,,,,,negative,141011,67771,1,,2021-12-07 10:10:15
9492,,,,,,,,,,,,negative,158743,67771,1,,2021-12-07 10:10:15
9493,,,,,,,,,,,,negative,158742,67771,1,,2021-12-07 10:10:15
9494,,,,,,,,,,,,negative,158690,67771,1,,2021-12-07 10:10:15
9495,,,,,,,,,,,,negative,158716,67771,1,,2021-12-07 10:10:15
9496,,,,,,,,,,,,negative,158791,67771,1,,2021-12-07 10:10:15
9497,,,,,,,,,,,,negative,158799,67771,1,,2021-12-07 10:10:15
9498,,,,,,,,,,,,negative,133521,67771,1,,2021-12-07 10:10:15
9499,,,,,,,,,,,,negative,133464,67771,1,,2021-12-07 10:10:15
9500,,,,,,,,,,,,negative,2957,67771,1,,2021-12-07 10:10:15
9501,,,,,,,,,,,,negative,2520,67771,1,,2021-12-07 10:10:15
9502,,,,,,,,,,,,negative,159440,67771,1,,2021-12-07 10:10:15
9503,,,,,,,,,,,,negative,159054,67771,1,,2021-12-07 10:10:15
9504,,,,,,,,,,,,negative,140546,67771,1,,2021-12-07 10:10:15
9505,,,,,,,,,,,,negative,13793,67771,1,,2021-12-07 10:10:15
9506,,,,,,,,,,,,negative,140820,67771,1,,2021-12-07 10:10:15
9507,,,,,,,,,,,,negative,5681,67771,1,,2021-12-07 10:10:15
9508,,,,,,,,,,,,negative,134168,67771,1,,2021-12-07 10:10:15
9509,,,,,,,,,,,,negative,5732,67771,1,,2021-12-07 10:10:15
9510,,,,,,,,,,,,negative,6221,67771,1,,2021-12-07 10:10:15
9511,,,,,,,,,,,,negative,133722,67771,1,,2021-12-07 10:10:15
9512,,,,,,,,,,,,negative,133915,67771,1,,2021-12-07 10:10:15
9513,,,,,,,,,,,,negative,140625,67771,1,,2021-12-07 10:10:15
9514,,,,,,,,,,,,negative,24050,67771,1,,2021-12-07 10:10:15
9515,,,,,,,,,,,,negative,14030,67771,1,,2021-12-07 10:10:15
9516,,,,,,,,,,,,negative,3777,67771,1,,2021-12-07 10:10:15
9517,,,,,,,,,,,,negative,158626,67771,1,,2021-12-07 10:10:15
9518,,,,,,,,,,,,negative,11707,67771,1,,2021-12-07 10:10:15
9519,,,,,,,,,,,,negative,14113,67771,1,,2021-12-07 10:10:15
9520,,,,,,,,,,,,negative,490,67771,1,,2021-12-07 10:10:15
9521,,,,,,,,,,,,negative,5885,67771,1,,2021-12-07 10:10:15
9522,,,,,,,,,,,,negative,17468,67771,1,,2021-12-07 10:10:15
9523,,,,,,,,,,,,negative,13727,67771,1,,2021-12-07 10:10:15
9524,,,,,,,,,,,,negative,14251,67771,1,,2021-12-07 10:10:15
9525,,,,,,,,,,,,negative,441,67771,1,,2021-12-07 10:10:15
9526,,,,,,,,,,,,negative,133955,67771,1,,2021-12-07 10:10:15
9527,,,,,,,,,,,,negative,3817,67771,1,,2021-12-07 10:10:15
9528,,,,,,,,,,,,negative,5569,67771,1,,2021-12-07 10:10:15
9529,,,,,,,,,,,,negative,2318,67771,1,,2021-12-07 10:10:15
9530,,,,,,,,,,,,negative,3027,67771,1,,2021-12-07 10:10:15
9531,,,,,,,,,,,,negative,2461,67771,1,,2021-12-07 10:10:15
9532,,,,,,,,,,,,negative,6169,67771,1,,2021-12-07 10:10:15
9533,,,,,,,,,,,,negative,5573,67771,1,,2021-12-07 10:10:15
9534,,,,,,,,,,,,negative,2126,67771,1,,2021-12-07 10:10:15
9535,,,,,,,,,,,,negative,4167,67771,1,,2021-12-07 10:10:15
9536,,,,,,,,,,,,negative,23783,67771,1,,2021-12-07 10:10:15
9537,,,,,,,,,,,,negative,23784,67771,1,,2021-12-07 10:10:15
9538,,,,,,,,,,,,negative,23781,67771,1,,2021-12-07 10:10:15
9539,,,,,,,,,,,,negative,23782,67771,1,,2021-12-07 10:10:15
9540,,,,,,,,,,,,negative,13867,67771,1,,2021-12-07 10:10:15
9541,,,,,,,,,,,,negative,5398,67771,1,,2021-12-07 10:10:15
9542,,,,,,,,,,,,negative,131413,67771,1,,2021-12-07 10:10:15
9543,,,,,,,,,,,,negative,133800,67771,1,,2021-12-07 10:10:15
9544,,,,,,,,,,,,negative,13924,67771,1,,2021-12-07 10:10:15
9545,,,,,,,,,,,,negative,158726,67771,1,,2021-12-07 10:10:15
9546,,,,,,,,,,,,negative,133916,67771,1,,2021-12-07 10:10:15
9547,,,,,,,,,,,,negative,130672,67771,1,,2021-12-07 10:10:15
9548,,,,,,,,,,,,negative,134037,67771,1,,2021-12-07 10:10:15
9549,,,,,,,,,,,,negative,134071,67771,1,,2021-12-07 10:10:15
9550,,,,,,,,,,,,negative,130825,67771,1,,2021-12-07 10:10:15
9551,,,,,,,,,,,,negative,140502,67771,1,,2021-12-07 10:10:15
9552,,,,,,,,,,,,negative,133196,67771,1,,2021-12-07 10:10:15
9553,,,,,,,,,,,,negative,133118,67771,1,,2021-12-07 10:10:15
9554,,,,,,,,,,,,negative,140680,67771,1,,2021-12-07 10:10:15
9555,,,,,,,,,,,,negative,158705,67771,1,,2021-12-07 10:10:15
9556,,,,,,,,,,,,negative,133333,67771,1,,2021-12-07 10:10:15
9557,,,,,,,,,,,,negative,17291,67771,1,,2021-12-07 10:10:15
9558,,,,,,,,,,,,negative,156652,67771,1,,2021-12-07 10:10:15
9559,,,,,,,,,,,,negative,140097,67771,1,,2021-12-07 10:10:15
9560,,,,,,,,,,,,negative,133035,67771,1,,2021-12-07 10:10:15
9561,,,,,,,,,,,,negative,133061,67771,1,,2021-12-07 10:10:15
9562,,,,,,,,,,,,negative,140775,67771,1,,2021-12-07 10:10:15
9563,,,,,,,,,,,,negative,132637,67771,1,,2021-12-07 10:10:15
9564,,,,,,,,,,,,negative,133396,67771,1,,2021-12-07 10:10:15
9565,,,,,,,,,,,,negative,130972,67771,1,,2021-12-07 10:10:15
9566,,,,,,,,,,,,negative,14032,67771,1,,2021-12-07 10:10:15
9567,,,,,,,,,,,,negative,17957,67771,1,,2021-12-07 10:10:15
9568,,,,,,,,,,,,negative,13791,67771,1,,2021-12-07 10:10:15
9569,,,,,,,,,,,,negative,158250,67771,1,,2021-12-07 10:10:15
9570,,,,,,,,,,,,negative,158251,67771,1,,2021-12-07 10:10:15
9571,,,,,,,,,,,,negative,141088,67771,1,,2021-12-07 10:10:15
9572,,,,,,,,,,,,negative,13752,67771,1,,2021-12-07 10:10:15
9573,,,,,,,,,,,,negative,156611,67771,1,,2021-12-07 10:10:15
9574,,,,,,,,,,,,negative,364,67771,1,,2021-12-07 10:10:15
9575,,,,,,,,,,,,negative,14286,67771,1,,2021-12-07 10:10:15
9576,,,,,,,,,,,,negative,17498,67771,1,,2021-12-07 10:10:15
9577,,,,,,,,,,,,negative,5712,67771,1,,2021-12-07 10:10:15
9578,,,,,,,,,,,,negative,140751,67771,1,,2021-12-07 10:10:15
9579,,,,,,,,,,,,negative,133888,67771,1,,2021-12-07 10:10:15
9580,,,,,,,,,,,,negative,133993,67771,1,,2021-12-07 10:10:15
9581,,,,,,,,,,,,negative,133992,67771,1,,2021-12-07 10:10:15
9582,,,,,,,,,,,,negative,133997,67771,1,,2021-12-07 10:10:15
9583,,,,,,,,,,,,negative,140412,67771,1,,2021-12-07 10:10:15
9584,,,,,,,,,,,,negative,158732,67771,1,,2021-12-07 10:10:15
9585,,,,,,,,,,,,negative,130332,67771,1,,2021-12-07 10:10:15
9586,,,,,,,,,,,,negative,131475,67771,1,,2021-12-07 10:10:15
9587,,,,,,,,,,,,negative,140725,67771,1,,2021-12-07 10:10:15
9588,,,,,,,,,,,,negative,140726,67771,1,,2021-12-07 10:10:15
9589,,,,,,,,,,,,negative,134363,67771,1,,2021-12-07 10:10:15
9590,,,,,,,,,,,,negative,140515,67771,1,,2021-12-07 10:10:15
9591,,,,,,,,,,,,negative,132189,67771,1,,2021-12-07 10:10:15
9592,,,,,,,,,,,,negative,154125,67771,1,,2021-12-07 10:10:15
9593,,,,,,,,,,,,negative,3822,67771,1,,2021-12-07 10:10:15
9594,,,,,,,,,,,,negative,17451,67771,1,,2021-12-07 10:10:15
9595,,,,,,,,,,,,negative,140944,67771,1,,2021-12-07 10:10:15
9596,,,,,,,,,,,,negative,17304,67771,1,,2021-12-07 10:10:15
9597,,,,,,,,,,,,negative,17306,67771,1,,2021-12-07 10:10:15
9598,,,,,,,,,,,,negative,24292,67771,1,,2021-12-07 10:10:15
9599,,,,,,,,,,,,negative,133648,67771,1,,2021-12-07 10:10:15
9600,,,,,,,,,,,,negative,132877,67771,1,,2021-12-07 10:10:15
9601,,,,,,,,,,,,negative,134297,67771,1,,2021-12-07 10:10:15
9602,,,,,,,,,,,,negative,134298,67771,1,,2021-12-07 10:10:15
9603,,,,,,,,,,,,negative,134299,67771,1,,2021-12-07 10:10:15
9604,,,,,,,,,,,,negative,6070,67771,1,,2021-12-07 10:10:15
9605,,,,,,,,,,,,negative,13849,67771,1,,2021-12-07 10:10:15
9606,,,,,,,,,,,,negative,17524,67771,1,,2021-12-07 10:10:15
9607,,,,,,,,,,,,negative,11340,67771,1,,2021-12-07 10:10:15
9608,,,,,,,,,,,,negative,133960,67771,1,,2021-12-07 10:10:15
9609,,,,,,,,,,,,negative,134040,67771,1,,2021-12-07 10:10:15
9610,,,,,,,,,,,,negative,133198,67771,1,,2021-12-07 10:10:15
9611,,,,,,,,,,,,negative,133248,67771,1,,2021-12-07 10:10:15
9612,,,,,,,,,,,,negative,133249,67771,1,,2021-12-07 10:10:15
9613,,,,,,,,,,,,negative,133257,67771,1,,2021-12-07 10:10:15
9614,,,,,,,,,,,,negative,158723,67771,1,,2021-12-07 10:10:15
9615,,,,,,,,,,,,negative,158803,67771,1,,2021-12-07 10:10:15
9616,,,,,,,,,,,,negative,158815,67771,1,,2021-12-07 10:10:15
9617,,,,,,,,,,,,negative,14024,67771,1,,2021-12-07 10:10:15
9618,,,,,,,,,,,,negative,133584,67771,1,,2021-12-07 10:10:15
9619,,,,,,,,,,,,negative,134376,67771,1,,2021-12-07 10:10:15
9620,,,,,,,,,,,,negative,24685,67771,1,,2021-12-07 10:10:15
9621,,,,,,,,,,,,negative,140550,67771,1,,2021-12-07 10:10:15
9622,,,,,,,,,,,,negative,17827,67771,1,,2021-12-07 10:10:15
9623,,,,,,,,,,,,negative,159410,67771,1,,2021-12-07 10:10:15
9624,,,,,,,,,,,,negative,140562,67771,1,,2021-12-07 10:10:15
9625,,,,,,,,,,,,negative,133003,67771,1,,2021-12-07 10:10:15
9626,,,,,,,,,,,,negative,159846,67771,1,,2021-12-07 10:10:15
9627,,,,,,,,,,,,negative,140832,67771,1,,2021-12-07 10:10:15
9628,,,,,,,,,,,,negative,133122,67771,1,,2021-12-07 10:10:15
9629,,,,,,,,,,,,negative,159869,67771,1,,2021-12-07 10:10:15
9630,,,,,,,,,,,,negative,133629,67771,1,,2021-12-07 10:10:15
9631,,,,,,,,,,,,negative,13761,67771,1,,2021-12-07 10:10:15
9632,,,,,,,,,,,,negative,3810,67771,1,,2021-12-07 10:10:15
9633,,,,,,,,,,,,negative,133197,67771,1,,2021-12-07 10:10:15
9634,,,,,,,,,,,,negative,133127,67771,1,,2021-12-07 10:10:15
9635,,,,,,,,,,,,negative,134100,67771,1,,2021-12-07 10:10:15
9636,,,,,,,,,,,,negative,17508,67771,1,,2021-12-07 10:10:15
9637,,,,,,,,,,,,negative,10501,67771,1,,2021-12-07 10:10:15
9638,,,,,,,,,,,,negative,14245,67771,1,,2021-12-07 10:10:15
9639,,,,,,,,,,,,negative,17561,67771,1,,2021-12-07 10:10:15
9640,,,,,,,,,,,,negative,133707,67771,1,,2021-12-07 10:10:15
9641,,,,,,,,,,,,negative,158786,67771,1,,2021-12-07 10:10:15
9642,,,,,,,,,,,,negative,14296,67771,1,,2021-12-07 10:10:15
9643,,,,,,,,,,,,negative,5853,67771,1,,2021-12-07 10:10:15
9644,,,,,,,,,,,,negative,2882,67771,1,,2021-12-07 10:10:15
9645,,,,,,,,,,,,negative,438,67771,1,,2021-12-07 10:10:15
9646,,,,,,,,,,,,negative,437,67771,1,,2021-12-07 10:10:15
9647,,,,,,,,,,,,negative,5557,67771,1,,2021-12-07 10:10:15
9648,,,,,,,,,,,,negative,13803,67771,1,,2021-12-07 10:10:15
9649,,,,,,,,,,,,negative,141051,67771,1,,2021-12-07 10:10:15
9650,,,,,,,,,,,,negative,134227,67771,1,,2021-12-07 10:10:15
9651,,,,,,,,,,,,negative,5574,67771,1,,2021-12-07 10:10:15
9652,,,,,,,,,,,,negative,6034,67771,1,,2021-12-07 10:10:15
9653,,,,,,,,,,,,negative,397,67771,1,,2021-12-07 10:10:15
9654,,,,,,,,,,,,negative,396,67771,1,,2021-12-07 10:10:15
9655,,,,,,,,,,,,negative,5394,67771,1,,2021-12-07 10:10:15
9656,,,,,,,,,,,,negative,5650,67771,1,,2021-12-07 10:10:15
9657,,,,,,,,,,,,negative,17706,67771,1,,2021-12-07 10:10:15
9658,,,,,,,,,,,,negative,17707,67771,1,,2021-12-07 10:10:15
9659,,,,,,,,,,,,negative,5608,67771,1,,2021-12-07 10:10:15
9660,,,,,,,,,,,,negative,5505,67771,1,,2021-12-07 10:10:15
9661,,,,,,,,,,,,negative,5383,67771,1,,2021-12-07 10:10:15
9662,,,,,,,,,,,,negative,5384,67771,1,,2021-12-07 10:10:15
9663,,,,,,,,,,,,negative,8189,67771,1,,2021-12-07 10:10:15
9664,,,,,,,,,,,,negative,14280,67771,1,,2021-12-07 10:10:15
9665,,,,,,,,,,,,negative,8196,67771,1,,2021-12-07 10:10:15
9666,,,,,,,,,,,,negative,8201,67771,1,,2021-12-07 10:10:15
9667,,,,,,,,,,,,negative,8207,67771,1,,2021-12-07 10:10:15
9668,,,,,,,,,,,,negative,11273,67771,1,,2021-12-07 10:10:15
9669,,,,,,,,,,,,negative,17708,67771,1,,2021-12-07 10:10:15
9670,,,,,,,,,,,,negative,5559,67771,1,,2021-12-07 10:10:15
9671,,,,,,,,,,,,negative,134185,67771,1,,2021-12-07 10:10:15
9672,,,,,,,,,,,,negative,134199,67771,1,,2021-12-07 10:10:15
9673,,,,,,,,,,,,negative,5396,67771,1,,2021-12-07 10:10:15
9674,,,,,,,,,,,,negative,17450,67771,1,,2021-12-07 10:10:15
9675,,,,,,,,,,,,negative,2313,67771,1,,2021-12-07 10:10:15
9676,,,,,,,,,,,,negative,14247,67771,1,,2021-12-07 10:10:15
9677,,,,,,,,,,,,negative,3015,67771,1,,2021-12-07 10:10:15
9678,,,,,,,,,,,,negative,134222,67771,1,,2021-12-07 10:10:15
9679,,,,,,,,,,,,negative,14100,67771,1,,2021-12-07 10:10:15
9680,,,,,,,,,,,,negative,17651,67771,1,,2021-12-07 10:10:15
9681,,,,,,,,,,,,negative,5549,67771,1,,2021-12-07 10:10:15
9682,,,,,,,,,,,,negative,5689,67771,1,,2021-12-07 10:10:15
9683,,,,,,,,,,,,negative,134248,67771,1,,2021-12-07 10:10:15
9684,,,,,,,,,,,,negative,134246,67771,1,,2021-12-07 10:10:15
9685,,,,,,,,,,,,negative,134247,67771,1,,2021-12-07 10:10:15
9686,,,,,,,,,,,,negative,14104,67771,1,,2021-12-07 10:10:15
9687,,,,,,,,,,,,negative,134270,67771,1,,2021-12-07 10:10:15
9688,,,,,,,,,,,,negative,134271,67771,1,,2021-12-07 10:10:15
9689,,,,,,,,,,,,negative,134286,67771,1,,2021-12-07 10:10:15
9690,,,,,,,,,,,,negative,134287,67771,1,,2021-12-07 10:10:15
9691,,,,,,,,,,,,negative,5644,67771,1,,2021-12-07 10:10:15
9692,,,,,,,,,,,,negative,134295,67771,1,,2021-12-07 10:10:15
9693,,,,,,,,,,,,negative,24510,67771,1,,2021-12-07 10:10:15
9694,,,,,,,,,,,,negative,134212,67771,1,,2021-12-07 10:10:15
9695,,,,,,,,,,,,negative,13798,67771,1,,2021-12-07 10:10:15
9696,,,,,,,,,,,,negative,13732,67771,1,,2021-12-07 10:10:15
9697,,,,,,,,,,,,negative,6167,67771,1,,2021-12-07 10:10:15
9698,,,,,,,,,,,,negative,360,67771,1,,2021-12-07 10:10:15
9699,,,,,,,,,,,,negative,134240,67771,1,,2021-12-07 10:10:15
9700,,,,,,,,,,,,negative,2460,67771,1,,2021-12-07 10:10:15
9701,,,,,,,,,,,,negative,131163,67771,1,,2021-12-07 10:10:15
9702,,,,,,,,,,,,negative,24490,67771,1,,2021-12-07 10:10:15
9703,,,,,,,,,,,,negative,13800,67771,1,,2021-12-07 10:10:15
9704,,,,,,,,,,,,negative,2319,67771,1,,2021-12-07 10:10:15
9705,,,,,,,,,,,,negative,134265,67771,1,,2021-12-07 10:10:15
9706,,,,,,,,,,,,negative,134282,67771,1,,2021-12-07 10:10:15
9707,,,,,,,,,,,,negative,134278,67771,1,,2021-12-07 10:10:15
9708,,,,,,,,,,,,negative,134081,67771,1,,2021-12-07 10:10:15
9709,,,,,,,,,,,,negative,134083,67771,1,,2021-12-07 10:10:15
9710,,,,,,,,,,,,negative,134082,67771,1,,2021-12-07 10:10:15
9711,,,,,,,,,,,,negative,134080,67771,1,,2021-12-07 10:10:15
9712,,,,,,,,,,,,negative,134079,67771,1,,2021-12-07 10:10:15
9713,,,,,,,,,,,,negative,5645,67771,1,,2021-12-07 10:10:15
9714,,,,,,,,,,,,negative,134327,67771,1,,2021-12-07 10:10:15
9715,,,,,,,,,,,,negative,134328,67771,1,,2021-12-07 10:10:15
9716,,,,,,,,,,,,negative,134329,67771,1,,2021-12-07 10:10:15
9717,,,,,,,,,,,,negative,134330,67771,1,,2021-12-07 10:10:15
9718,,,,,,,,,,,,negative,134331,67771,1,,2021-12-07 10:10:15
9719,,,,,,,,,,,,negative,17212,67771,1,,2021-12-07 10:10:15
9720,,,,,,,,,,,,negative,24013,67771,1,,2021-12-07 10:10:15
9721,,,,,,,,,,,,negative,134350,67771,1,,2021-12-07 10:10:15
9722,,,,,,,,,,,,negative,14295,67771,1,,2021-12-07 10:10:15
9723,,,,,,,,,,,,negative,14257,67771,1,,2021-12-07 10:10:15
9724,,,,,,,,,,,,negative,1654,67771,1,,2021-12-07 10:10:15
9725,,,,,,,,,,,,negative,134293,67771,1,,2021-12-07 10:10:15
9726,,,,,,,,,,,,negative,1904,67771,1,,2021-12-07 10:10:15
9727,,,,,,,,,,,,negative,134341,67771,1,,2021-12-07 10:10:15
9728,,,,,,,,,,,,negative,130621,67771,1,,2021-12-07 10:10:15
9729,,,,,,,,,,,,negative,24517,67771,1,,2021-12-07 10:10:15
9730,,,,,,,,,,,,negative,24514,67771,1,,2021-12-07 10:10:15
9731,,,,,,,,,,,,negative,14260,67771,1,,2021-12-07 10:10:15
9732,,,,,,,,,,,,negative,5739,67771,1,,2021-12-07 10:10:15
9733,,,,,,,,,,,,negative,133544,67771,1,,2021-12-07 10:10:15
9734,,,,,,,,,,,,negative,24518,67771,1,,2021-12-07 10:10:15
9735,,,,,,,,,,,,negative,10529,67771,1,,2021-12-07 10:10:15
9736,,,,,,,,,,,,negative,133578,67771,1,,2021-12-07 10:10:15
9737,,,,,,,,,,,,negative,5595,67771,1,,2021-12-07 10:10:15
9738,,,,,,,,,,,,negative,5663,67771,1,,2021-12-07 10:10:15
9739,,,,,,,,,,,,negative,133750,67771,1,,2021-12-07 10:10:15
9740,,,,,,,,,,,,negative,133675,67771,1,,2021-12-07 10:10:15
9741,,,,,,,,,,,,negative,130639,67771,1,,2021-12-07 10:10:15
9742,,,,,,,,,,,,negative,130640,67771,1,,2021-12-07 10:10:15
9743,,,,,,,,,,,,negative,133829,67771,1,,2021-12-07 10:10:15
9744,,,,,,,,,,,,negative,133837,67771,1,,2021-12-07 10:10:15
9745,,,,,,,,,,,,negative,132924,67771,1,,2021-12-07 10:10:15
9746,,,,,,,,,,,,negative,140516,67771,1,,2021-12-07 10:10:15
9747,,,,,,,,,,,,negative,141097,67771,1,,2021-12-07 10:10:15
9748,,,,,,,,,,,,negative,133496,67771,1,,2021-12-07 10:10:15
9749,,,,,,,,,,,,negative,17761,67771,1,,2021-12-07 10:10:15
9750,,,,,,,,,,,,negative,17762,67771,1,,2021-12-07 10:10:15
9751,,,,,,,,,,,,negative,156503,67771,1,,2021-12-07 10:10:15
9752,,,,,,,,,,,,negative,5589,67771,1,,2021-12-07 10:10:15
9753,,,,,,,,,,,,negative,14279,67771,1,,2021-12-07 10:10:15
9754,,,,,,,,,,,,negative,134060,67771,1,,2021-12-07 10:10:15
9755,,,,,,,,,,,,negative,133497,67771,1,,2021-12-07 10:10:15
9756,,,,,,,,,,,,negative,24516,67771,1,,2021-12-07 10:10:15
9757,,,,,,,,,,,,negative,17237,67771,1,,2021-12-07 10:10:15
9758,,,,,,,,,,,,negative,24640,67771,1,,2021-12-07 10:10:15
9759,,,,,,,,,,,,negative,158883,67771,1,,2021-12-07 10:10:15
9760,,,,,,,,,,,,negative,158646,67771,1,,2021-12-07 10:10:15
9761,,,,,,,,,,,,negative,140475,67771,1,,2021-12-07 10:10:15
9762,,,,,,,,,,,,negative,140474,67771,1,,2021-12-07 10:10:15
9763,,,,,,,,,,,,negative,11328,67771,1,,2021-12-07 10:10:15
9764,,,,,,,,,,,,negative,3886,67771,1,,2021-12-07 10:10:15
9765,,,,,,,,,,,,negative,133503,67771,1,,2021-12-07 10:10:15
9766,,,,,,,,,,,,negative,5168,67771,1,,2021-12-07 10:10:15
9767,,,,,,,,,,,,negative,5580,67771,1,,2021-12-07 10:10:15
9768,,,,,,,,,,,,negative,3782,67771,1,,2021-12-07 10:10:15
9769,,,,,,,,,,,,negative,17501,67771,1,,2021-12-07 10:10:15
9770,,,,,,,,,,,,negative,133766,67771,1,,2021-12-07 10:10:15
9771,,,,,,,,,,,,negative,133799,67771,1,,2021-12-07 10:10:15
9772,,,,,,,,,,,,negative,134026,67771,1,,2021-12-07 10:10:15
9773,,,,,,,,,,,,negative,134049,67771,1,,2021-12-07 10:10:15
9774,,,,,,,,,,,,negative,133149,67771,1,,2021-12-07 10:10:15
9775,,,,,,,,,,,,negative,133200,67771,1,,2021-12-07 10:10:15
9776,,,,,,,,,,,,negative,133394,67771,1,,2021-12-07 10:10:15
9777,,,,,,,,,,,,negative,133373,67771,1,,2021-12-07 10:10:15
9778,,,,,,,,,,,,negative,140551,67771,1,,2021-12-07 10:10:15
9779,,,,,,,,,,,,negative,140792,67771,1,,2021-12-07 10:10:15
9780,,,,,,,,,,,,negative,133389,67771,1,,2021-12-07 10:10:15
9781,,,,,,,,,,,,negative,140591,67771,1,,2021-12-07 10:10:15
9782,,,,,,,,,,,,negative,158661,67771,1,,2021-12-07 10:10:15
9783,,,,,,,,,,,,negative,140514,67771,1,,2021-12-07 10:10:15
9784,,,,,,,,,,,,negative,140942,67771,1,,2021-12-07 10:10:15
9785,,,,,,,,,,,,negative,133251,67771,1,,2021-12-07 10:10:15
9786,,,,,,,,,,,,negative,23884,67771,1,,2021-12-07 10:10:15
9787,,,,,,,,,,,,negative,18154,67771,1,,2021-12-07 10:10:15
9788,,,,,,,,,,,,negative,140760,67771,1,,2021-12-07 10:10:15
9789,,,,,,,,,,,,negative,158556,67771,1,,2021-12-07 10:10:15
9790,,,,,,,,,,,,negative,158683,67771,1,,2021-12-07 10:10:15
9791,,,,,,,,,,,,negative,494,67771,1,,2021-12-07 10:10:15
9792,,,,,,,,,,,,negative,158544,67771,1,,2021-12-07 10:10:15
9793,,,,,,,,,,,,positive,134001,67771,1,,2021-12-07 10:10:15
9794,,,,,,,,,,,,positive,6662,67771,1,,2021-12-07 10:10:15
9795,,,,,,,,,,,,positive,6609,67771,1,,2021-12-07 10:10:15
9796,,,,,,,,,,,,positive,1295,67771,1,,2021-12-07 10:10:15
9797,,,,,,,,,,,,positive,1301,67771,1,,2021-12-07 10:10:15
9798,,,,,,,,,,,,positive,14740,67771,1,,2021-12-07 10:10:15
9799,,,,,,,,,,,,positive,24128,67771,1,,2021-12-07 10:10:15
9800,,,,,,,,,,,,positive,130524,67771,1,,2021-12-07 10:10:15
9801,,,,,,,,,,,,positive,7369,67771,1,,2021-12-07 10:10:15
9802,,,,,,,,,,,,positive,24127,67771,1,,2021-12-07 10:10:15
9803,,,,,,,,,,,,positive,1304,67771,1,,2021-12-07 10:10:15
9804,,,,,,,,,,,,positive,1305,67771,1,,2021-12-07 10:10:15
9805,,,,,,,,,,,,positive,130206,67771,1,,2021-12-07 10:10:15
9806,,,,,,,,,,,,positive,159887,67771,1,,2021-12-07 10:10:15
9807,,,,,,,,,,,,positive,22982,67771,1,,2021-12-07 10:10:15
9808,,,,,,,,,,,,positive,5417,67771,1,,2021-12-07 10:10:15
9809,,,,,,,,,,,,positive,6564,67771,1,,2021-12-07 10:10:15
9810,,,,,,,,,,,,positive,8464,67771,1,,2021-12-07 10:10:15
9811,,,,,,,,,,,,positive,23756,67771,1,,2021-12-07 10:10:15
9812,,,,,,,,,,,,positive,24139,67771,1,,2021-12-07 10:10:15
9813,,,,,,,,,,,,positive,24140,67771,1,,2021-12-07 10:10:15
9814,,,,,,,,,,,,positive,146,67771,1,,2021-12-07 10:10:15
9815,,,,,,,,,,,,positive,1373,67771,1,,2021-12-07 10:10:15
9816,,,,,,,,,,,,positive,6354,67771,1,,2021-12-07 10:10:15
9817,,,,,,,,,,,,positive,136911,67771,1,,2021-12-07 10:10:15
9818,,,,,,,,,,,,positive,2829,67771,1,,2021-12-07 10:10:15
9819,,,,,,,,,,,,positive,1286,67771,1,,2021-12-07 10:10:15
9820,,,,,,,,,,,,positive,141151,67771,1,,2021-12-07 10:10:15
9821,,,,,,,,,,,,positive,23759,67771,1,,2021-12-07 10:10:15
9822,,,,,,,,,,,,positive,24142,67771,1,,2021-12-07 10:10:15
9823,,,,,,,,,,,,positive,23757,67771,1,,2021-12-07 10:10:15
9824,,,,,,,,,,,,positive,16783,67771,1,,2021-12-07 10:10:15
9825,,,,,,,,,,,,positive,16741,67771,1,,2021-12-07 10:10:15
9826,,,,,,,,,,,,positive,16746,67771,1,,2021-12-07 10:10:15
9827,,,,,,,,,,,,positive,131531,67771,1,,2021-12-07 10:10:15
9828,,,,,,,,,,,,positive,13313,67771,1,,2021-12-07 10:10:15
9829,,,,,,,,,,,,positive,10174,67771,1,,2021-12-07 10:10:15
9830,,,,,,,,,,,,positive,137369,67771,1,,2021-12-07 10:10:15
9831,,,,,,,,,,,,positive,22987,67771,1,,2021-12-07 10:10:15
9832,,,,,,,,,,,,positive,17972,67771,1,,2021-12-07 10:10:15
9833,,,,,,,,,,,,positive,133577,67771,1,,2021-12-07 10:10:15
9834,,,,,,,,,,,,positive,1270,67771,1,,2021-12-07 10:10:15
9835,,,,,,,,,,,,positive,1279,67771,1,,2021-12-07 10:10:15
9836,,,,,,,,,,,,positive,11821,67771,1,,2021-12-07 10:10:15
9837,,,,,,,,,,,,positive,130544,67771,1,,2021-12-07 10:10:15
9838,,,,,,,,,,,,positive,3073,67771,1,,2021-12-07 10:10:15
9839,,,,,,,,,,,,positive,2602,67771,1,,2021-12-07 10:10:15
9840,,,,,,,,,,,,positive,5427,67771,1,,2021-12-07 10:10:15
9841,,,,,,,,,,,,positive,6604,67771,1,,2021-12-07 10:10:15
9842,,,,,,,,,,,,positive,18001,67771,1,,2021-12-07 10:10:15
9843,,,,,,,,,,,,positive,17975,67771,1,,2021-12-07 10:10:15
9844,,,,,,,,,,,,positive,11843,67771,1,,2021-12-07 10:10:15
9845,,,,,,,,,,,,positive,24130,67771,1,,2021-12-07 10:10:15
9846,,,,,,,,,,,,positive,17006,67771,1,,2021-12-07 10:10:15
9847,,,,,,,,,,,,positive,16754,67771,1,,2021-12-07 10:10:15
9848,,,,,,,,,,,,positive,133059,67771,1,,2021-12-07 10:10:15
9849,,,,,,,,,,,,positive,3064,67771,1,,2021-12-07 10:10:15
9850,,,,,,,,,,,,positive,14722,67771,1,,2021-12-07 10:10:15
9851,,,,,,,,,,,,positive,17986,67771,1,,2021-12-07 10:10:15
9852,,,,,,,,,,,,positive,18068,67771,1,,2021-12-07 10:10:15
9853,,,,,,,,,,,,positive,3043,67771,1,,2021-12-07 10:10:15
9854,,,,,,,,,,,,positive,1289,67771,1,,2021-12-07 10:10:15
9855,,,,,,,,,,,,positive,6588,67771,1,,2021-12-07 10:10:15
9856,,,,,,,,,,,,positive,1558,67771,1,,2021-12-07 10:10:15
9857,,,,,,,,,,,,positive,1269,67771,1,,2021-12-07 10:10:15
9858,,,,,,,,,,,,positive,11615,67771,1,,2021-12-07 10:10:15
9859,,,,,,,,,,,,positive,24132,67771,1,,2021-12-07 10:10:15
9860,,,,,,,,,,,,positive,24133,67771,1,,2021-12-07 10:10:15
9861,,,,,,,,,,,,positive,24138,67771,1,,2021-12-07 10:10:15
9862,,,,,,,,,,,,positive,24134,67771,1,,2021-12-07 10:10:15
9863,,,,,,,,,,,,positive,6602,67771,1,,2021-12-07 10:10:15
9864,,,,,,,,,,,,positive,8324,67771,1,,2021-12-07 10:10:15
9865,,,,,,,,,,,,positive,8433,67771,1,,2021-12-07 10:10:15
9866,,,,,,,,,,,,positive,6522,67771,1,,2021-12-07 10:10:15
9867,,,,,,,,,,,,positive,23147,67771,1,,2021-12-07 10:10:15
9868,,,,,,,,,,,,positive,140045,67771,1,,2021-12-07 10:10:15
9869,,,,,,,,,,,,positive,1409,67771,1,,2021-12-07 10:10:15
9870,,,,,,,,,,,,positive,8546,67771,1,,2021-12-07 10:10:15
9871,,,,,,,,,,,,positive,135725,67771,1,,2021-12-07 10:10:15
9872,,,,,,,,,,,,positive,130276,67771,1,,2021-12-07 10:10:15
9873,,,,,,,,,,,,positive,23762,67771,1,,2021-12-07 10:10:15
9874,,,,,,,,,,,,positive,132618,67771,1,,2021-12-07 10:10:15
9875,,,,,,,,,,,,positive,23765,67771,1,,2021-12-07 10:10:15
9876,,,,,,,,,,,,positive,2370,67771,1,,2021-12-07 10:10:15
9877,,,,,,,,,,,,positive,1483,67771,1,,2021-12-07 10:10:15
9878,,,,,,,,,,,,positive,1519,67771,1,,2021-12-07 10:10:15
9879,,,,,,,,,,,,positive,1518,67771,1,,2021-12-07 10:10:15
9880,,,,,,,,,,,,positive,1406,67771,1,,2021-12-07 10:10:15
9881,,,,,,,,,,,,positive,137388,67771,1,,2021-12-07 10:10:15
9882,,,,,,,,,,,,positive,11122,67771,1,,2021-12-07 10:10:15
9883,,,,,,,,,,,,positive,12627,67771,1,,2021-12-07 10:10:15
9884,,,,,,,,,,,,positive,14734,67771,1,,2021-12-07 10:10:15
9885,,,,,,,,,,,,positive,24721,67771,1,,2021-12-07 10:10:15
9886,,,,,,,,,,,,positive,14430,67771,1,,2021-12-07 10:10:15
9887,,,,,,,,,,,,positive,11438,67771,1,,2021-12-07 10:10:15
9888,,,,,,,,,,,,positive,11646,67771,1,,2021-12-07 10:10:15
9889,,,,,,,,,,,,positive,1554,67771,1,,2021-12-07 10:10:15
9890,,,,,,,,,,,,positive,23739,67771,1,,2021-12-07 10:10:15
9891,,,,,,,,,,,,positive,7506,67771,1,,2021-12-07 10:10:15
9892,,,,,,,,,,,,positive,140035,67771,1,,2021-12-07 10:10:15
9893,,,,,,,,,,,,positive,130977,67771,1,,2021-12-07 10:10:15
9894,,,,,,,,,,,,positive,133205,67771,1,,2021-12-07 10:10:15
9895,,,,,,,,,,,,positive,158572,67771,1,,2021-12-07 10:10:15
9896,,,,,,,,,,,,positive,6857,67771,1,,2021-12-07 10:10:15
9897,,,,,,,,,,,,positive,2855,67771,1,,2021-12-07 10:10:15
9898,,,,,,,,,,,,positive,130359,67771,1,,2021-12-07 10:10:15
9899,,,,,,,,,,,,positive,11250,67771,1,,2021-12-07 10:10:15
9900,,,,,,,,,,,,positive,16573,67771,1,,2021-12-07 10:10:15
9901,,,,,,,,,,,,positive,13227,67771,1,,2021-12-07 10:10:15
9902,,,,,,,,,,,,positive,24445,67771,1,,2021-12-07 10:10:15
9903,,,,,,,,,,,,positive,16626,67771,1,,2021-12-07 10:10:15
9904,,,,,,,,,,,,positive,132122,67771,1,,2021-12-07 10:10:15
9905,,,,,,,,,,,,positive,14404,67771,1,,2021-12-07 10:10:15
9906,,,,,,,,,,,,positive,7614,67771,1,,2021-12-07 10:10:15
9907,,,,,,,,,,,,positive,132424,67771,1,,2021-12-07 10:10:15
9908,,,,,,,,,,,,positive,14413,67771,1,,2021-12-07 10:10:15
9909,,,,,,,,,,,,positive,1388,67771,1,,2021-12-07 10:10:15
9910,,,,,,,,,,,,positive,14437,67771,1,,2021-12-07 10:10:15
9911,,,,,,,,,,,,positive,1356,67771,1,,2021-12-07 10:10:15
9912,,,,,,,,,,,,positive,13397,67771,1,,2021-12-07 10:10:15
9913,,,,,,,,,,,,positive,7759,67771,1,,2021-12-07 10:10:15
9914,,,,,,,,,,,,positive,11236,67771,1,,2021-12-07 10:10:15
9915,,,,,,,,,,,,positive,7786,67771,1,,2021-12-07 10:10:15
9916,,,,,,,,,,,,positive,7789,67771,1,,2021-12-07 10:10:15
9917,,,,,,,,,,,,positive,13271,67771,1,,2021-12-07 10:10:15
9918,,,,,,,,,,,,positive,7283,67771,1,,2021-12-07 10:10:15
9919,,,,,,,,,,,,positive,22928,67771,1,,2021-12-07 10:10:15
9920,,,,,,,,,,,,positive,1495,67771,1,,2021-12-07 10:10:15
9921,,,,,,,,,,,,positive,11243,67771,1,,2021-12-07 10:10:15
9922,,,,,,,,,,,,positive,11448,67771,1,,2021-12-07 10:10:15
9923,,,,,,,,,,,,positive,134320,67771,1,,2021-12-07 10:10:15
9924,,,,,,,,,,,,positive,134321,67771,1,,2021-12-07 10:10:15
9925,,,,,,,,,,,,positive,134322,67771,1,,2021-12-07 10:10:15
9926,,,,,,,,,,,,positive,11147,67771,1,,2021-12-07 10:10:15
9927,,,,,,,,,,,,positive,1299,67771,1,,2021-12-07 10:10:15
9928,,,,,,,,,,,,positive,11965,67771,1,,2021-12-07 10:10:15
9929,,,,,,,,,,,,positive,11638,67771,1,,2021-12-07 10:10:15
9930,,,,,,,,,,,,positive,158907,67771,1,,2021-12-07 10:10:15
9931,,,,,,,,,,,,positive,16397,67771,1,,2021-12-07 10:10:15
9932,,,,,,,,,,,,positive,13239,67771,1,,2021-12-07 10:10:15
9933,,,,,,,,,,,,positive,11199,67771,1,,2021-12-07 10:10:15
9934,,,,,,,,,,,,positive,134691,67771,1,,2021-12-07 10:10:15
9935,,,,,,,,,,,,positive,17105,67771,1,,2021-12-07 10:10:15
9936,,,,,,,,,,,,positive,6700,67771,1,,2021-12-07 10:10:15
9937,,,,,,,,,,,,positive,6489,67771,1,,2021-12-07 10:10:15
9938,,,,,,,,,,,,positive,6705,67771,1,,2021-12-07 10:10:15
9939,,,,,,,,,,,,positive,12626,67771,1,,2021-12-07 10:10:15
9940,,,,,,,,,,,,positive,11061,67771,1,,2021-12-07 10:10:15
9941,,,,,,,,,,,,positive,11119,67771,1,,2021-12-07 10:10:15
9942,,,,,,,,,,,,positive,11078,67771,1,,2021-12-07 10:10:15
9943,,,,,,,,,,,,positive,16414,67771,1,,2021-12-07 10:10:15
9944,,,,,,,,,,,,positive,23808,67771,1,,2021-12-07 10:10:15
9945,,,,,,,,,,,,positive,133929,67771,1,,2021-12-07 10:10:15
9946,,,,,,,,,,,,positive,7328,67771,1,,2021-12-07 10:10:15
9947,,,,,,,,,,,,positive,6306,67771,1,,2021-12-07 10:10:15
9948,,,,,,,,,,,,positive,7343,67771,1,,2021-12-07 10:10:15
9949,,,,,,,,,,,,positive,7442,67771,1,,2021-12-07 10:10:15
9950,,,,,,,,,,,,positive,7303,67771,1,,2021-12-07 10:10:15
9951,,,,,,,,,,,,positive,11142,67771,1,,2021-12-07 10:10:15
9952,,,,,,,,,,,,positive,11140,67771,1,,2021-12-07 10:10:15
9953,,,,,,,,,,,,positive,11087,67771,1,,2021-12-07 10:10:15
9954,,,,,,,,,,,,positive,11141,67771,1,,2021-12-07 10:10:15
9955,,,,,,,,,,,,positive,11134,67771,1,,2021-12-07 10:10:15
9956,,,,,,,,,,,,positive,11144,67771,1,,2021-12-07 10:10:15
9957,,,,,,,,,,,,positive,11138,67771,1,,2021-12-07 10:10:15
9958,,,,,,,,,,,,positive,11137,67771,1,,2021-12-07 10:10:15
9959,,,,,,,,,,,,positive,11139,67771,1,,2021-12-07 10:10:15
9960,,,,,,,,,,,,positive,11149,67771,1,,2021-12-07 10:10:15
9961,,,,,,,,,,,,positive,1573,67771,1,,2021-12-07 10:10:15
9962,,,,,,,,,,,,positive,6395,67771,1,,2021-12-07 10:10:15
9963,,,,,,,,,,,,positive,159644,67771,1,,2021-12-07 10:10:15
9964,,,,,,,,,,,,positive,1765,67771,1,,2021-12-07 10:10:15
9965,,,,,,,,,,,,positive,11192,67771,1,,2021-12-07 10:10:15
9966,,,,,,,,,,,,positive,23164,67771,1,,2021-12-07 10:10:15
9967,,,,,,,,,,,,positive,130208,67771,1,,2021-12-07 10:10:15
9968,,,,,,,,,,,,positive,24667,67771,1,,2021-12-07 10:10:15
9969,,,,,,,,,,,,positive,133092,67771,1,,2021-12-07 10:10:15
9970,,,,,,,,,,,,positive,140140,67771,1,,2021-12-07 10:10:15
9971,,,,,,,,,,,,positive,5413,67771,1,,2021-12-07 10:10:15
9972,,,,,,,,,,,,positive,18108,67771,1,,2021-12-07 10:10:15
9973,,,,,,,,,,,,positive,18107,67771,1,,2021-12-07 10:10:15
9974,,,,,,,,,,,,positive,6560,67771,1,,2021-12-07 10:10:15
9975,,,,,,,,,,,,positive,1239,67771,1,,2021-12-07 10:10:15
9976,,,,,,,,,,,,positive,158688,67771,1,,2021-12-07 10:10:15
9977,,,,,,,,,,,,positive,158695,67771,1,,2021-12-07 10:10:15
9978,,,,,,,,,,,,positive,158358,67771,1,,2021-12-07 10:10:15
9979,,,,,,,,,,,,positive,6270,67771,1,,2021-12-07 10:10:15
9980,,,,,,,,,,,,positive,1872,67771,1,,2021-12-07 10:10:15
9981,,,,,,,,,,,,positive,24452,67771,1,,2021-12-07 10:10:15
9982,,,,,,,,,,,,positive,132135,67771,1,,2021-12-07 10:10:15
9983,,,,,,,,,,,,positive,24727,67771,1,,2021-12-07 10:10:15
9984,,,,,,,,,,,,positive,24729,67771,1,,2021-12-07 10:10:15
9985,,,,,,,,,,,,positive,5850,67771,1,,2021-12-07 10:10:15
9986,,,,,,,,,,,,positive,140768,67771,1,,2021-12-07 10:10:15
9987,,,,,,,,,,,,positive,158585,67771,1,,2021-12-07 10:10:15
9988,,,,,,,,,,,,positive,140556,67771,1,,2021-12-07 10:10:15
9989,,,,,,,,,,,,positive,187,67771,1,,2021-12-07 10:10:15
9990,,,,,,,,,,,,positive,189,67771,1,,2021-12-07 10:10:15
9991,,,,,,,,,,,,positive,133199,67771,1,,2021-12-07 10:10:15
9992,,,,,,,,,,,,positive,190,67771,1,,2021-12-07 10:10:15
9993,,,,,,,,,,,,positive,132246,67771,1,,2021-12-07 10:10:15
9994,,,,,,,,,,,,positive,14042,67771,1,,2021-12-07 10:10:15
9995,,,,,,,,,,,,positive,16929,67771,1,,2021-12-07 10:10:15
9996,,,,,,,,,,,,positive,14878,67771,1,,2021-12-07 10:10:15
9997,,,,,,,,,,,,positive,158407,67771,1,,2021-12-07 10:10:15
9998,,,,,,,,,,,,positive,133094,67771,1,,2021-12-07 10:10:15
9999,,,,,,,,,,,,positive,23833,67771,1,,2021-12-07 10:10:15
10000,,,,,,,,,,,,positive,7345,67771,1,,2021-12-07 10:10:15
10001,,,,,,,,,,,,positive,546,67771,1,,2021-12-07 10:10:15
10002,,,,,,,,,,,,positive,1360,67771,1,,2021-12-07 10:10:15
10003,,,,,,,,,,,,positive,1464,67771,1,,2021-12-07 10:10:15
10004,,,,,,,,,,,,positive,11635,67771,1,,2021-12-07 10:10:15
10005,,,,,,,,,,,,positive,2868,67771,1,,2021-12-07 10:10:15
10006,,,,,,,,,,,,positive,24733,67771,1,,2021-12-07 10:10:15
10007,,,,,,,,,,,,positive,23033,67771,1,,2021-12-07 10:10:15
10008,,,,,,,,,,,,positive,23034,67771,1,,2021-12-07 10:10:15
10009,,,,,,,,,,,,positive,130836,67771,1,,2021-12-07 10:10:15
10010,,,,,,,,,,,,positive,139432,67771,1,,2021-12-07 10:10:15
10011,,,,,,,,,,,,positive,6308,67771,1,,2021-12-07 10:10:15
10012,,,,,,,,,,,,positive,12671,67771,1,,2021-12-07 10:10:15
10013,,,,,,,,,,,,positive,7279,67771,1,,2021-12-07 10:10:15
10014,,,,,,,,,,,,positive,14438,67771,1,,2021-12-07 10:10:15
10015,,,,,,,,,,,,positive,1367,67771,1,,2021-12-07 10:10:15
10016,,,,,,,,,,,,positive,2857,67771,1,,2021-12-07 10:10:15
10017,,,,,,,,,,,,positive,1322,67771,1,,2021-12-07 10:10:15
10018,,,,,,,,,,,,positive,2371,67771,1,,2021-12-07 10:10:15
10019,,,,,,,,,,,,positive,134009,67771,1,,2021-12-07 10:10:15
10020,,,,,,,,,,,,positive,11637,67771,1,,2021-12-07 10:10:15
10021,,,,,,,,,,,,positive,11636,67771,1,,2021-12-07 10:10:15
10022,,,,,,,,,,,,positive,11452,67771,1,,2021-12-07 10:10:15
10023,,,,,,,,,,,,positive,11453,67771,1,,2021-12-07 10:10:15
10024,,,,,,,,,,,,positive,133583,67771,1,,2021-12-07 10:10:15
10025,,,,,,,,,,,,positive,11457,67771,1,,2021-12-07 10:10:15
10026,,,,,,,,,,,,positive,1739,67771,1,,2021-12-07 10:10:15
10027,,,,,,,,,,,,positive,23793,67771,1,,2021-12-07 10:10:15
10028,,,,,,,,,,,,positive,24141,67771,1,,2021-12-07 10:10:15
10029,,,,,,,,,,,,positive,10601,67771,1,,2021-12-07 10:10:15
10030,,,,,,,,,,,,positive,6837,67771,1,,2021-12-07 10:10:15
10031,,,,,,,,,,,,positive,14871,67771,1,,2021-12-07 10:10:15
10032,,,,,,,,,,,,positive,14873,67771,1,,2021-12-07 10:10:15
10033,,,,,,,,,,,,positive,14872,67771,1,,2021-12-07 10:10:15
10034,,,,,,,,,,,,positive,16411,67771,1,,2021-12-07 10:10:15
10035,,,,,,,,,,,,positive,7657,67771,1,,2021-12-07 10:10:15
10036,,,,,,,,,,,,positive,7426,67771,1,,2021-12-07 10:10:15
10037,,,,,,,,,,,,positive,1376,67771,1,,2021-12-07 10:10:15
10038,,,,,,,,,,,,positive,14088,67771,1,,2021-12-07 10:10:15
10039,,,,,,,,,,,,positive,11632,67771,1,,2021-12-07 10:10:15
10040,,,,,,,,,,,,positive,14043,67771,1,,2021-12-07 10:10:15
10041,,,,,,,,,,,,positive,7620,67771,1,,2021-12-07 10:10:15
10042,,,,,,,,,,,,positive,7439,67771,1,,2021-12-07 10:10:15
10043,,,,,,,,,,,,positive,11062,67771,1,,2021-12-07 10:10:15
10044,,,,,,,,,,,,positive,11639,67771,1,,2021-12-07 10:10:15
10045,,,,,,,,,,,,positive,2271,67771,1,,2021-12-07 10:10:15
10046,,,,,,,,,,,,positive,11146,67771,1,,2021-12-07 10:10:15
10047,,,,,,,,,,,,positive,11136,67771,1,,2021-12-07 10:10:15
10048,,,,,,,,,,,,positive,11643,67771,1,,2021-12-07 10:10:15
10049,,,,,,,,,,,,positive,11644,67771,1,,2021-12-07 10:10:15
10050,,,,,,,,,,,,positive,7455,67771,1,,2021-12-07 10:10:15
10051,,,,,,,,,,,,positive,23148,67771,1,,2021-12-07 10:10:15
10052,,,,,,,,,,,,positive,8589,67771,1,,2021-12-07 10:10:15
10053,,,,,,,,,,,,positive,7515,67771,1,,2021-12-07 10:10:15
10054,,,,,,,,,,,,positive,133746,67771,1,,2021-12-07 10:10:15
10055,,,,,,,,,,,,positive,133745,67771,1,,2021-12-07 10:10:15
10056,,,,,,,,,,,,positive,133747,67771,1,,2021-12-07 10:10:15
10057,,,,,,,,,,,,positive,7511,67771,1,,2021-12-07 10:10:15
10058,,,,,,,,,,,,positive,17631,67771,1,,2021-12-07 10:10:15
10059,,,,,,,,,,,,positive,8592,67771,1,,2021-12-07 10:10:15
10060,,,,,,,,,,,,positive,8348,67771,1,,2021-12-07 10:10:15
10061,,,,,,,,,,,,positive,140065,67771,1,,2021-12-07 10:10:15
10062,,,,,,,,,,,,positive,166086,67771,1,,2021-12-07 10:10:15
10063,,,,,,,,,,,,positive,130150,67771,1,,2021-12-07 10:10:15
10064,,,,,,,,,,,,positive,159748,67771,1,,2021-12-07 10:10:15
10065,,,,,,,,,,,,positive,159580,67771,1,,2021-12-07 10:10:15
10066,,,,,,,,,,,,positive,7479,67771,1,,2021-12-07 10:10:15
10067,,,,,,,,,,,,positive,140843,67771,1,,2021-12-07 10:10:15
10068,,,,,,,,,,,,positive,11439,67771,1,,2021-12-07 10:10:15
10069,,,,,,,,,,,,positive,10620,67771,1,,2021-12-07 10:10:15
10070,,,,,,,,,,,,positive,24772,67771,1,,2021-12-07 10:10:15
10071,,,,,,,,,,,,positive,11633,67771,1,,2021-12-07 10:10:15
10072,,,,,,,,,,,,positive,3062,67771,1,,2021-12-07 10:10:15
10073,,,,,,,,,,,,positive,24129,67771,1,,2021-12-07 10:10:15
10074,,,,,,,,,,,,positive,133572,67771,1,,2021-12-07 10:10:15
10075,,,,,,,,,,,,positive,131529,67771,1,,2021-12-07 10:10:15
10076,,,,,,,,,,,,positive,131519,67771,1,,2021-12-07 10:10:15
10077,,,,,,,,,,,,positive,131515,67771,1,,2021-12-07 10:10:15
10078,,,,,,,,,,,,positive,131530,67771,1,,2021-12-07 10:10:15
10079,,,,,,,,,,,,positive,131527,67771,1,,2021-12-07 10:10:15
10080,,,,,,,,,,,,positive,131520,67771,1,,2021-12-07 10:10:15
10081,,,,,,,,,,,,positive,131528,67771,1,,2021-12-07 10:10:15
10082,,,,,,,,,,,,positive,133204,67771,1,,2021-12-07 10:10:15
10083,,,,,,,,,,,,positive,5335,67771,1,,2021-12-07 10:10:15
10084,,,,,,,,,,,,positive,181,67771,1,,2021-12-07 10:10:15
10085,,,,,,,,,,,,positive,23187,67771,1,,2021-12-07 10:10:15
10086,,,,,,,,,,,,positive,16398,67771,1,,2021-12-07 10:10:15
10087,,,,,,,,,,,,positive,1282,67771,1,,2021-12-07 10:10:15
10088,,,,,,,,,,,,positive,13383,67771,1,,2021-12-07 10:10:15
10089,,,,,,,,,,,,positive,13391,67771,1,,2021-12-07 10:10:15
10090,,,,,,,,,,,,positive,7611,67771,1,,2021-12-07 10:10:15
10091,,,,,,,,,,,,positive,5258,67771,1,,2021-12-07 10:10:15
10092,,,,,,,,,,,,positive,1253,67771,1,,2021-12-07 10:10:15
10093,,,,,,,,,,,,positive,7428,67771,1,,2021-12-07 10:10:15
10094,,,,,,,,,,,,positive,11132,67771,1,,2021-12-07 10:10:15
10095,,,,,,,,,,,,positive,1365,67771,1,,2021-12-07 10:10:15
10096,,,,,,,,,,,,positive,6287,67771,1,,2021-12-07 10:10:15
10097,,,,,,,,,,,,positive,1366,67771,1,,2021-12-07 10:10:15
10098,,,,,,,,,,,,positive,7500,67771,1,,2021-12-07 10:10:15
10099,,,,,,,,,,,,positive,3235,67771,1,,2021-12-07 10:10:15
10100,,,,,,,,,,,,positive,1540,67771,1,,2021-12-07 10:10:15
10101,,,,,,,,,,,,positive,23740,67771,1,,2021-12-07 10:10:15
10102,,,,,,,,,,,,positive,8538,67771,1,,2021-12-07 10:10:15
10103,,,,,,,,,,,,positive,24294,67771,1,,2021-12-07 10:10:15
10104,,,,,,,,,,,,positive,8051,67771,1,,2021-12-07 10:10:15
10105,,,,,,,,,,,,positive,11127,67771,1,,2021-12-07 10:10:15
10106,,,,,,,,,,,,positive,11128,67771,1,,2021-12-07 10:10:15
10107,,,,,,,,,,,,positive,24183,67771,1,,2021-12-07 10:10:15
10108,,,,,,,,,,,,positive,134917,67771,1,,2021-12-07 10:10:15
10109,,,,,,,,,,,,positive,11154,67771,1,,2021-12-07 10:10:15
10110,,,,,,,,,,,,positive,133918,67771,1,,2021-12-07 10:10:15
10111,,,,,,,,,,,,positive,140850,67771,1,,2021-12-07 10:10:15
10112,,,,,,,,,,,,positive,7497,67771,1,,2021-12-07 10:10:15
10113,,,,,,,,,,,,positive,7258,67771,1,,2021-12-07 10:10:15
10114,,,,,,,,,,,,positive,1867,67771,1,,2021-12-07 10:10:15
10115,,,,,,,,,,,,positive,17822,67771,1,,2021-12-07 10:10:15
10116,,,,,,,,,,,,positive,6318,67771,1,,2021-12-07 10:10:15
10117,,,,,,,,,,,,positive,7503,67771,1,,2021-12-07 10:10:15
10118,,,,,,,,,,,,positive,23071,67771,1,,2021-12-07 10:10:15
10119,,,,,,,,,,,,positive,23809,67771,1,,2021-12-07 10:10:15
10120,,,,,,,,,,,,positive,6302,67771,1,,2021-12-07 10:10:15
10121,,,,,,,,,,,,positive,12666,67771,1,,2021-12-07 10:10:15
10122,,,,,,,,,,,,positive,17001,67771,1,,2021-12-07 10:10:15
10123,,,,,,,,,,,,positive,2387,67771,1,,2021-12-07 10:10:15
10124,,,,,,,,,,,,positive,24252,67771,1,,2021-12-07 10:10:15
10125,,,,,,,,,,,,positive,8344,67771,1,,2021-12-07 10:10:15
10126,,,,,,,,,,,,positive,130492,67771,1,,2021-12-07 10:10:15
10127,,,,,,,,,,,,positive,23666,67771,1,,2021-12-07 10:10:15
10128,,,,,,,,,,,,positive,11217,67771,1,,2021-12-07 10:10:15
10129,,,,,,,,,,,,positive,7632,67771,1,,2021-12-07 10:10:15
10130,,,,,,,,,,,,positive,7423,67771,1,,2021-12-07 10:10:15
10131,,,,,,,,,,,,positive,7767,67771,1,,2021-12-07 10:10:15
10132,,,,,,,,,,,,positive,1370,67771,1,,2021-12-07 10:10:15
10133,,,,,,,,,,,,positive,7766,67771,1,,2021-12-07 10:10:15
10134,,,,,,,,,,,,positive,12584,67771,1,,2021-12-07 10:10:15
10135,,,,,,,,,,,,positive,7788,67771,1,,2021-12-07 10:10:15
10136,,,,,,,,,,,,positive,7660,67771,1,,2021-12-07 10:10:15
10137,,,,,,,,,,,,positive,11218,67771,1,,2021-12-07 10:10:15
10138,,,,,,,,,,,,positive,11219,67771,1,,2021-12-07 10:10:15
10139,,,,,,,,,,,,positive,11222,67771,1,,2021-12-07 10:10:15
10140,,,,,,,,,,,,positive,11220,67771,1,,2021-12-07 10:10:15
10141,,,,,,,,,,,,positive,11221,67771,1,,2021-12-07 10:10:15
10142,,,,,,,,,,,,positive,1773,67771,1,,2021-12-07 10:10:15
10143,,,,,,,,,,,,positive,7772,67771,1,,2021-12-07 10:10:15
10144,,,,,,,,,,,,positive,11161,67771,1,,2021-12-07 10:10:15
10145,,,,,,,,,,,,positive,4264,67771,1,,2021-12-07 10:10:15
10146,,,,,,,,,,,,positive,132340,67771,1,,2021-12-07 10:10:15
10147,,,,,,,,,,,,positive,132225,67771,1,,2021-12-07 10:10:15
10148,,,,,,,,,,,,positive,140497,67771,1,,2021-12-07 10:10:15
10149,,,,,,,,,,,,positive,133399,67771,1,,2021-12-07 10:10:15
10150,,,,,,,,,,,,positive,140789,67771,1,,2021-12-07 10:10:15
10151,,,,,,,,,,,,positive,8030,67771,1,,2021-12-07 10:10:15
10152,,,,,,,,,,,,positive,1246,67771,1,,2021-12-07 10:10:15
10153,,,,,,,,,,,,positive,1244,67771,1,,2021-12-07 10:10:15
10154,,,,,,,,,,,,positive,1387,67771,1,,2021-12-07 10:10:15
10155,,,,,,,,,,,,positive,11602,67771,1,,2021-12-07 10:10:15
10156,,,,,,,,,,,,positive,11614,67771,1,,2021-12-07 10:10:15
10157,,,,,,,,,,,,positive,18075,67771,1,,2021-12-07 10:10:15
10158,,,,,,,,,,,,positive,6319,67771,1,,2021-12-07 10:10:15
10159,,,,,,,,,,,,positive,13436,67771,1,,2021-12-07 10:10:15
10160,,,,,,,,,,,,positive,14417,67771,1,,2021-12-07 10:10:15
10161,,,,,,,,,,,,positive,6246,67771,1,,2021-12-07 10:10:15
10162,,,,,,,,,,,,positive,24205,67771,1,,2021-12-07 10:10:15
10163,,,,,,,,,,,,positive,140968,67771,1,,2021-12-07 10:10:15
10164,,,,,,,,,,,,positive,140963,67771,1,,2021-12-07 10:10:15
10165,,,,,,,,,,,,positive,140962,67771,1,,2021-12-07 10:10:15
10166,,,,,,,,,,,,positive,140967,67771,1,,2021-12-07 10:10:15
10167,,,,,,,,,,,,positive,140960,67771,1,,2021-12-07 10:10:15
10168,,,,,,,,,,,,positive,140966,67771,1,,2021-12-07 10:10:15
10169,,,,,,,,,,,,positive,140965,67771,1,,2021-12-07 10:10:15
10170,,,,,,,,,,,,positive,140964,67771,1,,2021-12-07 10:10:15
10171,,,,,,,,,,,,positive,140961,67771,1,,2021-12-07 10:10:15
10172,,,,,,,,,,,,positive,141114,67771,1,,2021-12-07 10:10:15
10173,,,,,,,,,,,,positive,158068,67771,1,,2021-12-07 10:10:15
10174,,,,,,,,,,,,positive,13458,67771,1,,2021-12-07 10:10:15
10175,,,,,,,,,,,,positive,5818,67771,1,,2021-12-07 10:10:15
10176,,,,,,,,,,,,positive,5815,67771,1,,2021-12-07 10:10:15
10177,,,,,,,,,,,,positive,133809,67771,1,,2021-12-07 10:10:15
10178,,,,,,,,,,,,positive,141013,67771,1,,2021-12-07 10:10:15
10179,,,,,,,,,,,,positive,7452,67771,1,,2021-12-07 10:10:15
10180,,,,,,,,,,,,positive,3066,67771,1,,2021-12-07 10:10:15
10181,,,,,,,,,,,,positive,132133,67771,1,,2021-12-07 10:10:15
10182,,,,,,,,,,,,positive,24765,67771,1,,2021-12-07 10:10:15
10183,,,,,,,,,,,,positive,23453,67771,1,,2021-12-07 10:10:15
10184,,,,,,,,,,,,positive,1539,67771,1,,2021-12-07 10:10:15
10185,,,,,,,,,,,,positive,23790,67771,1,,2021-12-07 10:10:15
10186,,,,,,,,,,,,positive,5376,67771,1,,2021-12-07 10:10:15
10187,,,,,,,,,,,,positive,6627,67771,1,,2021-12-07 10:10:15
10188,,,,,,,,,,,,positive,8537,67771,1,,2021-12-07 10:10:15
10189,,,,,,,,,,,,positive,8556,67771,1,,2021-12-07 10:10:15
10190,,,,,,,,,,,,positive,159838,67771,1,,2021-12-07 10:10:15
10191,,,,,,,,,,,,positive,135033,67771,1,,2021-12-07 10:10:15
10192,,,,,,,,,,,,positive,1377,67771,1,,2021-12-07 10:10:15
10193,,,,,,,,,,,,positive,1378,67771,1,,2021-12-07 10:10:15
10194,,,,,,,,,,,,positive,24450,67771,1,,2021-12-07 10:10:15
10195,,,,,,,,,,,,positive,24447,67771,1,,2021-12-07 10:10:15
10196,,,,,,,,,,,,positive,24449,67771,1,,2021-12-07 10:10:15
10197,,,,,,,,,,,,positive,23709,67771,1,,2021-12-07 10:10:15
10198,,,,,,,,,,,,positive,131322,67771,1,,2021-12-07 10:10:15
10199,,,,,,,,,,,,positive,158610,67771,1,,2021-12-07 10:10:15
10200,,,,,,,,,,,,positive,18064,67771,1,,2021-12-07 10:10:15
10201,,,,,,,,,,,,positive,2523,67771,1,,2021-12-07 10:10:15
10202,,,,,,,,,,,,positive,131438,67771,1,,2021-12-07 10:10:15
10203,,,,,,,,,,,,positive,7427,67771,1,,2021-12-07 10:10:15
10204,,,,,,,,,,,,positive,11621,67771,1,,2021-12-07 10:10:15
10205,,,,,,,,,,,,positive,11143,67771,1,,2021-12-07 10:10:15
10206,,,,,,,,,,,,positive,7429,67771,1,,2021-12-07 10:10:15
10207,,,,,,,,,,,,positive,24280,67771,1,,2021-12-07 10:10:15
10208,,,,,,,,,,,,positive,10621,67771,1,,2021-12-07 10:10:15
10209,,,,,,,,,,,,positive,7281,67771,1,,2021-12-07 10:10:15
10210,,,,,,,,,,,,positive,7665,67771,1,,2021-12-07 10:10:15
10211,,,,,,,,,,,,positive,7664,67771,1,,2021-12-07 10:10:15
10212,,,,,,,,,,,,positive,24282,67771,1,,2021-12-07 10:10:15
10213,,,,,,,,,,,,positive,133713,67771,1,,2021-12-07 10:10:15
10214,,,,,,,,,,,,positive,24769,67771,1,,2021-12-07 10:10:15
10215,,,,,,,,,,,,positive,158768,67771,1,,2021-12-07 10:10:15
10216,,,,,,,,,,,,positive,131449,67771,1,,2021-12-07 10:10:15
10217,,,,,,,,,,,,positive,130200,67771,1,,2021-12-07 10:10:15
10218,,,,,,,,,,,,positive,130204,67771,1,,2021-12-07 10:10:15
10219,,,,,,,,,,,,positive,23862,67771,1,,2021-12-07 10:10:15
10220,,,,,,,,,,,,positive,24121,67771,1,,2021-12-07 10:10:15
10221,,,,,,,,,,,,positive,13464,67771,1,,2021-12-07 10:10:15
10222,,,,,,,,,,,,positive,13398,67771,1,,2021-12-07 10:10:15
10223,,,,,,,,,,,,positive,5843,67771,1,,2021-12-07 10:10:15
10224,,,,,,,,,,,,positive,5846,67771,1,,2021-12-07 10:10:15
10225,,,,,,,,,,,,positive,5847,67771,1,,2021-12-07 10:10:15
10226,,,,,,,,,,,,positive,13473,67771,1,,2021-12-07 10:10:15
10227,,,,,,,,,,,,positive,132903,67771,1,,2021-12-07 10:10:15
10228,,,,,,,,,,,,positive,5826,67771,1,,2021-12-07 10:10:15
10229,,,,,,,,,,,,positive,192,67771,1,,2021-12-07 10:10:15
10230,,,,,,,,,,,,positive,193,67771,1,,2021-12-07 10:10:15
10231,,,,,,,,,,,,positive,7616,67771,1,,2021-12-07 10:10:15
10232,,,,,,,,,,,,positive,130193,67771,1,,2021-12-07 10:10:15
10233,,,,,,,,,,,,positive,18005,67771,1,,2021-12-07 10:10:15
10234,,,,,,,,,,,,positive,13430,67771,1,,2021-12-07 10:10:15
10235,,,,,,,,,,,,positive,13433,67771,1,,2021-12-07 10:10:15
10236,,,,,,,,,,,,positive,140521,67771,1,,2021-12-07 10:10:15
10237,,,,,,,,,,,,positive,157758,67771,1,,2021-12-07 10:10:15
10238,,,,,,,,,,,,positive,140901,67771,1,,2021-12-07 10:10:15
10239,,,,,,,,,,,,positive,10831,67771,1,,2021-12-07 10:10:15
10240,,,,,,,,,,,,positive,10830,67771,1,,2021-12-07 10:10:15
10241,,,,,,,,,,,,positive,7847,67771,1,,2021-12-07 10:10:15
10242,,,,,,,,,,,,positive,17005,67771,1,,2021-12-07 10:10:15
10243,,,,,,,,,,,,positive,17381,67771,1,,2021-12-07 10:10:15
10244,,,,,,,,,,,,positive,24189,67771,1,,2021-12-07 10:10:15
10245,,,,,,,,,,,,positive,24792,67771,1,,2021-12-07 10:10:15
10246,,,,,,,,,,,,positive,10820,67771,1,,2021-12-07 10:10:15
10247,,,,,,,,,,,,positive,132393,67771,1,,2021-12-07 10:10:15
10248,,,,,,,,,,,,positive,140531,67771,1,,2021-12-07 10:10:15
10249,,,,,,,,,,,,positive,7876,67771,1,,2021-12-07 10:10:15
10250,,,,,,,,,,,,positive,17108,67771,1,,2021-12-07 10:10:15
10251,,,,,,,,,,,,positive,5429,67771,1,,2021-12-07 10:10:15
10252,,,,,,,,,,,,positive,158642,67771,1,,2021-12-07 10:10:15
10253,,,,,,,,,,,,positive,159814,67771,1,,2021-12-07 10:10:15
10254,,,,,,,,,,,,positive,139903,67771,1,,2021-12-07 10:10:15
10255,,,,,,,,,,,,positive,158731,67771,1,,2021-12-07 10:10:15
10256,,,,,,,,,,,,positive,159796,67771,1,,2021-12-07 10:10:15
10257,,,,,,,,,,,,positive,140900,67771,1,,2021-12-07 10:10:15
10258,,,,,,,,,,,,positive,159203,67771,1,,2021-12-07 10:10:15
10259,,,,,,,,,,,,positive,24293,67771,1,,2021-12-07 10:10:15
10260,,,,,,,,,,,,positive,17821,67771,1,,2021-12-07 10:10:15
10261,,,,,,,,,,,,positive,18004,67771,1,,2021-12-07 10:10:15
10262,,,,,,,,,,,,positive,17976,67771,1,,2021-12-07 10:10:15
10263,,,,,,,,,,,,positive,2850,67771,1,,2021-12-07 10:10:15
10264,,,,,,,,,,,,positive,17002,67771,1,,2021-12-07 10:10:15
10265,,,,,,,,,,,,positive,17891,67771,1,,2021-12-07 10:10:15
10266,,,,,,,,,,,,positive,13517,67771,1,,2021-12-07 10:10:15
10267,,,,,,,,,,,,positive,17003,67771,1,,2021-12-07 10:10:15
10268,,,,,,,,,,,,positive,132137,67771,1,,2021-12-07 10:10:15
10269,,,,,,,,,,,,positive,23795,67771,1,,2021-12-07 10:10:15
10270,,,,,,,,,,,,positive,133151,67771,1,,2021-12-07 10:10:15
10271,,,,,,,,,,,,positive,7448,67771,1,,2021-12-07 10:10:15
10272,,,,,,,,,,,,positive,7481,67771,1,,2021-12-07 10:10:15
10273,,,,,,,,,,,,positive,23889,67771,1,,2021-12-07 10:10:15
10274,,,,,,,,,,,,positive,3900,67771,1,,2021-12-07 10:10:15
10275,,,,,,,,,,,,positive,158158,67771,1,,2021-12-07 10:10:15
10276,,,,,,,,,,,,positive,134264,67771,1,,2021-12-07 10:10:15
10277,,,,,,,,,,,,positive,140829,67771,1,,2021-12-07 10:10:15
10278,,,,,,,,,,,,positive,1302,67771,1,,2021-12-07 10:10:15
10279,,,,,,,,,,,,positive,7842,67771,1,,2021-12-07 10:10:15
10280,,,,,,,,,,,,positive,7843,67771,1,,2021-12-07 10:10:15
10281,,,,,,,,,,,,positive,140934,67771,1,,2021-12-07 10:10:15
10282,,,,,,,,,,,,positive,158629,67771,1,,2021-12-07 10:10:15
10283,,,,,,,,,,,,positive,158630,67771,1,,2021-12-07 10:10:15
10284,,,,,,,,,,,,positive,11556,67771,1,,2021-12-07 10:10:15
10285,,,,,,,,,,,,positive,13435,67771,1,,2021-12-07 10:10:15
10286,,,,,,,,,,,,positive,140716,67771,1,,2021-12-07 10:10:15
10287,,,,,,,,,,,,positive,13202,67771,1,,2021-12-07 10:10:15
10288,,,,,,,,,,,,positive,13200,67771,1,,2021-12-07 10:10:15
10289,,,,,,,,,,,,positive,13204,67771,1,,2021-12-07 10:10:15
10290,,,,,,,,,,,,positive,13199,67771,1,,2021-12-07 10:10:15
10291,,,,,,,,,,,,positive,8036,67771,1,,2021-12-07 10:10:15
10292,,,,,,,,,,,,positive,8035,67771,1,,2021-12-07 10:10:15
10293,,,,,,,,,,,,positive,17639,67771,1,,2021-12-07 10:10:15
10294,,,,,,,,,,,,positive,17638,67771,1,,2021-12-07 10:10:15
10295,,,,,,,,,,,,positive,13272,67771,1,,2021-12-07 10:10:15
10296,,,,,,,,,,,,positive,132110,67771,1,,2021-12-07 10:10:15
10297,,,,,,,,,,,,positive,17009,67771,1,,2021-12-07 10:10:15
10298,,,,,,,,,,,,positive,17007,67771,1,,2021-12-07 10:10:15
10299,,,,,,,,,,,,positive,17011,67771,1,,2021-12-07 10:10:15
10300,,,,,,,,,,,,positive,17010,67771,1,,2021-12-07 10:10:15
10301,,,,,,,,,,,,positive,17013,67771,1,,2021-12-07 10:10:15
10302,,,,,,,,,,,,positive,17012,67771,1,,2021-12-07 10:10:15
10303,,,,,,,,,,,,positive,6855,67771,1,,2021-12-07 10:10:15
10304,,,,,,,,,,,,positive,5352,67771,1,,2021-12-07 10:10:15
10305,,,,,,,,,,,,positive,23827,67771,1,,2021-12-07 10:10:15
10306,,,,,,,,,,,,positive,1868,67771,1,,2021-12-07 10:10:15
10307,,,,,,,,,,,,positive,13460,67771,1,,2021-12-07 10:10:15
10308,,,,,,,,,,,,positive,17802,67771,1,,2021-12-07 10:10:15
10309,,,,,,,,,,,,positive,3931,67771,1,,2021-12-07 10:10:15
10310,,,,,,,,,,,,positive,13466,67771,1,,2021-12-07 10:10:15
10311,,,,,,,,,,,,positive,7661,67771,1,,2021-12-07 10:10:15
10312,,,,,,,,,,,,positive,7785,67771,1,,2021-12-07 10:10:15
10313,,,,,,,,,,,,positive,159797,67771,1,,2021-12-07 10:10:15
10314,,,,,,,,,,,,positive,24444,67771,1,,2021-12-07 10:10:15
10315,,,,,,,,,,,,positive,1249,67771,1,,2021-12-07 10:10:15
10316,,,,,,,,,,,,positive,1247,67771,1,,2021-12-07 10:10:15
10317,,,,,,,,,,,,positive,548,67771,1,,2021-12-07 10:10:15
10318,,,,,,,,,,,,positive,13510,67771,1,,2021-12-07 10:10:15
10319,,,,,,,,,,,,positive,16494,67771,1,,2021-12-07 10:10:15
10320,,,,,,,,,,,,positive,24283,67771,1,,2021-12-07 10:10:15
10321,,,,,,,,,,,,positive,24111,67771,1,,2021-12-07 10:10:15
10322,,,,,,,,,,,,positive,13263,67771,1,,2021-12-07 10:10:15
10323,,,,,,,,,,,,positive,158719,67771,1,,2021-12-07 10:10:15
10324,,,,,,,,,,,,positive,8468,67771,1,,2021-12-07 10:10:15
10325,,,,,,,,,,,,positive,8435,67771,1,,2021-12-07 10:10:15
10326,,,,,,,,,,,,positive,23444,67771,1,,2021-12-07 10:10:15
10327,,,,,,,,,,,,positive,23446,67771,1,,2021-12-07 10:10:15
10328,,,,,,,,,,,,positive,23445,67771,1,,2021-12-07 10:10:15
10329,,,,,,,,,,,,positive,133608,67771,1,,2021-12-07 10:10:15
10330,,,,,,,,,,,,positive,155008,67771,1,,2021-12-07 10:10:15
10331,,,,,,,,,,,,positive,132251,67771,1,,2021-12-07 10:10:15
10332,,,,,,,,,,,,positive,132638,67771,1,,2021-12-07 10:10:15
10333,,,,,,,,,,,,positive,23196,67771,1,,2021-12-07 10:10:15
10334,,,,,,,,,,,,positive,23219,67771,1,,2021-12-07 10:10:15
10335,,,,,,,,,,,,positive,15220,67771,1,,2021-12-07 10:10:15
10336,,,,,,,,,,,,positive,14879,67771,1,,2021-12-07 10:10:15
10337,,,,,,,,,,,,positive,1371,67771,1,,2021-12-07 10:10:15
10338,,,,,,,,,,,,positive,133628,67771,1,,2021-12-07 10:10:15
10339,,,,,,,,,,,,positive,6304,67771,1,,2021-12-07 10:10:15
10340,,,,,,,,,,,,positive,158766,67771,1,,2021-12-07 10:10:15
10341,,,,,,,,,,,,positive,11158,67771,1,,2021-12-07 10:10:15
10342,,,,,,,,,,,,positive,140714,67771,1,,2021-12-07 10:10:15
10343,,,,,,,,,,,,positive,14792,67771,1,,2021-12-07 10:10:15
10344,,,,,,,,,,,,positive,14794,67771,1,,2021-12-07 10:10:15
10345,,,,,,,,,,,,positive,7839,67771,1,,2021-12-07 10:10:15
10346,,,,,,,,,,,,positive,7818,67771,1,,2021-12-07 10:10:15
10347,,,,,,,,,,,,positive,23794,67771,1,,2021-12-07 10:10:15
10348,,,,,,,,,,,,positive,130248,67771,1,,2021-12-07 10:10:15
10349,,,,,,,,,,,,positive,132386,67771,1,,2021-12-07 10:10:15
10350,,,,,,,,,,,,positive,3075,67771,1,,2021-12-07 10:10:15
10351,,,,,,,,,,,,positive,133371,67771,1,,2021-12-07 10:10:15
10352,,,,,,,,,,,,positive,132134,67771,1,,2021-12-07 10:10:15
10353,,,,,,,,,,,,positive,23214,67771,1,,2021-12-07 10:10:15
10354,,,,,,,,,,,,positive,140666,67771,1,,2021-12-07 10:10:15
10355,,,,,,,,,,,,positive,11239,67771,1,,2021-12-07 10:10:15
10356,,,,,,,,,,,,positive,23221,67771,1,,2021-12-07 10:10:15
10357,,,,,,,,,,,,positive,13507,67771,1,,2021-12-07 10:10:15
10358,,,,,,,,,,,,positive,13489,67771,1,,2021-12-07 10:10:15
10359,,,,,,,,,,,,positive,11261,67771,1,,2021-12-07 10:10:15
10360,,,,,,,,,,,,positive,11668,67771,1,,2021-12-07 10:10:15
10361,,,,,,,,,,,,positive,18022,67771,1,,2021-12-07 10:10:15
10362,,,,,,,,,,,,positive,140524,67771,1,,2021-12-07 10:10:15
10363,,,,,,,,,,,,positive,158769,67771,1,,2021-12-07 10:10:15
10364,,,,,,,,,,,,positive,131387,67771,1,,2021-12-07 10:10:15
10365,,,,,,,,,,,,positive,6283,67771,1,,2021-12-07 10:10:15
10366,,,,,,,,,,,,positive,17837,67771,1,,2021-12-07 10:10:15
10367,,,,,,,,,,,,positive,11115,67771,1,,2021-12-07 10:10:15
10368,,,,,,,,,,,,positive,134096,67771,1,,2021-12-07 10:10:15
10369,,,,,,,,,,,,positive,11994,67771,1,,2021-12-07 10:10:15
10370,,,,,,,,,,,,positive,6263,67771,1,,2021-12-07 10:10:15
10371,,,,,,,,,,,,positive,11113,67771,1,,2021-12-07 10:10:15
10372,,,,,,,,,,,,positive,11584,67771,1,,2021-12-07 10:10:15
10373,,,,,,,,,,,,positive,11116,67771,1,,2021-12-07 10:10:15
10374,,,,,,,,,,,,positive,11123,67771,1,,2021-12-07 10:10:15
10375,,,,,,,,,,,,positive,11058,67771,1,,2021-12-07 10:10:15
10376,,,,,,,,,,,,positive,7496,67771,1,,2021-12-07 10:10:15
10377,,,,,,,,,,,,positive,11114,67771,1,,2021-12-07 10:10:15
10378,,,,,,,,,,,,positive,7769,67771,1,,2021-12-07 10:10:15
10379,,,,,,,,,,,,positive,11124,67771,1,,2021-12-07 10:10:15
10380,,,,,,,,,,,,positive,138458,67771,1,,2021-12-07 10:10:15
10381,,,,,,,,,,,,positive,12582,67771,1,,2021-12-07 10:10:15
10382,,,,,,,,,,,,positive,11603,67771,1,,2021-12-07 10:10:15
10383,,,,,,,,,,,,positive,134252,67771,1,,2021-12-07 10:10:15
10384,,,,,,,,,,,,positive,11130,67771,1,,2021-12-07 10:10:15
10385,,,,,,,,,,,,positive,11120,67771,1,,2021-12-07 10:10:15
10386,,,,,,,,,,,,positive,7280,67771,1,,2021-12-07 10:10:15
10387,,,,,,,,,,,,positive,11133,67771,1,,2021-12-07 10:10:15
10388,,,,,,,,,,,,positive,6305,67771,1,,2021-12-07 10:10:15
10389,,,,,,,,,,,,positive,2372,67771,1,,2021-12-07 10:10:15
10390,,,,,,,,,,,,positive,1551,67771,1,,2021-12-07 10:10:15
10391,,,,,,,,,,,,positive,7447,67771,1,,2021-12-07 10:10:15
10392,,,,,,,,,,,,positive,11145,67771,1,,2021-12-07 10:10:15
10393,,,,,,,,,,,,positive,6289,67771,1,,2021-12-07 10:10:15
10394,,,,,,,,,,,,positive,1513,67771,1,,2021-12-07 10:10:15
10395,,,,,,,,,,,,positive,549,67771,1,,2021-12-07 10:10:15
10396,,,,,,,,,,,,positive,11960,67771,1,,2021-12-07 10:10:15
10397,,,,,,,,,,,,positive,11449,67771,1,,2021-12-07 10:10:15
10398,,,,,,,,,,,,positive,11456,67771,1,,2021-12-07 10:10:15
10399,,,,,,,,,,,,positive,1228,67771,1,,2021-12-07 10:10:15
10400,,,,,,,,,,,,positive,6272,67771,1,,2021-12-07 10:10:15
10401,,,,,,,,,,,,positive,13467,67771,1,,2021-12-07 10:10:15
10402,,,,,,,,,,,,positive,13511,67771,1,,2021-12-07 10:10:15
10403,,,,,,,,,,,,positive,134108,67771,1,,2021-12-07 10:10:15
10404,,,,,,,,,,,,positive,14431,67771,1,,2021-12-07 10:10:15
10405,,,,,,,,,,,,positive,7784,67771,1,,2021-12-07 10:10:15
10406,,,,,,,,,,,,positive,565,67771,1,,2021-12-07 10:10:15
10407,,,,,,,,,,,,positive,566,67771,1,,2021-12-07 10:10:15
10408,,,,,,,,,,,,positive,17889,67771,1,,2021-12-07 10:10:15
10409,,,,,,,,,,,,positive,133794,67771,1,,2021-12-07 10:10:15
10410,,,,,,,,,,,,positive,24236,67771,1,,2021-12-07 10:10:15
10411,,,,,,,,,,,,positive,133069,67771,1,,2021-12-07 10:10:15
10412,,,,,,,,,,,,positive,24454,67771,1,,2021-12-07 10:10:15
10413,,,,,,,,,,,,positive,133306,67771,1,,2021-12-07 10:10:15
10414,,,,,,,,,,,,positive,158758,67771,1,,2021-12-07 10:10:15
10415,,,,,,,,,,,,positive,16464,67771,1,,2021-12-07 10:10:15
10416,,,,,,,,,,,,positive,13412,67771,1,,2021-12-07 10:10:15
10417,,,,,,,,,,,,positive,159854,67771,1,,2021-12-07 10:10:15
10418,,,,,,,,,,,,positive,7662,67771,1,,2021-12-07 10:10:15
10419,,,,,,,,,,,,positive,7663,67771,1,,2021-12-07 10:10:15
10420,,,,,,,,,,,,positive,7791,67771,1,,2021-12-07 10:10:15
10421,,,,,,,,,,,,positive,158818,67771,1,,2021-12-07 10:10:15
10422,,,,,,,,,,,,positive,24054,67771,1,,2021-12-07 10:10:15
10423,,,,,,,,,,,,positive,158574,67771,1,,2021-12-07 10:10:15
10424,,,,,,,,,,,,variable,18081,67771,1,,2021-12-07 10:10:15
10425,,,,,,,,,,,,variable,11971,67771,1,,2021-12-07 10:10:15
10426,,,,,,,,,,,,variable,133620,67771,1,,2021-12-07 10:10:15
10427,,,,,,,,,,,,variable,140459,67771,1,,2021-12-07 10:10:15
10428,,,,,,,,,,,,variable,140620,67771,1,,2021-12-07 10:10:15
10429,,,,,,,,,,,,variable,23860,67771,1,,2021-12-07 10:10:15
10430,,,,,,,,,,,,variable,24327,67771,1,,2021-12-07 10:10:15
10431,,,,,,,,,,,,variable,18110,67771,1,,2021-12-07 10:10:15
10432,,,,,,,,,,,,variable,18111,67771,1,,2021-12-07 10:10:15
10433,,,,,,,,,,,,variable,11650,67771,1,,2021-12-07 10:10:15
10434,,,,,,,,,,,,variable,11561,67771,1,,2021-12-07 10:10:15
10435,,,,,,,,,,,,variable,23736,67771,1,,2021-12-07 10:10:15
10436,,,,,,,,,,,,variable,1496,67771,1,,2021-12-07 10:10:15
10437,,,,,,,,,,,,variable,132384,67771,1,,2021-12-07 10:10:15
10438,,,,,,,,,,,,variable,11629,67771,1,,2021-12-07 10:10:15
10439,,,,,,,,,,,,variable,24115,67771,1,,2021-12-07 10:10:15
10440,,,,,,,,,,,,variable,24116,67771,1,,2021-12-07 10:10:15
10441,,,,,,,,,,,,variable,159743,67771,1,,2021-12-07 10:10:15
10442,,,,,,,,,,,,variable,11608,67771,1,,2021-12-07 10:10:15
10443,,,,,,,,,,,,variable,1345,67771,1,,2021-12-07 10:10:15
10444,,,,,,,,,,,,variable,1223,67771,1,,2021-12-07 10:10:15
10445,,,,,,,,,,,,variable,1484,67771,1,,2021-12-07 10:10:15
10446,,,,,,,,,,,,variable,1346,67771,1,,2021-12-07 10:10:15
10447,,,,,,,,,,,,variable,134280,67771,1,,2021-12-07 10:10:15
10448,,,,,,,,,,,,variable,1354,67771,1,,2021-12-07 10:10:15
10449,,,,,,,,,,,,variable,1491,67771,1,,2021-12-07 10:10:15
10451,0.8-1.3,0.8,1.3,µm,0.3-0.4,0.3,0.4,µm,rod-shaped,0.0,,positive,166421,67774,1,,2021-12-14 05:35:23
10452,1.4-2.2,1.4,2.2,µm,1-1.2,1.0,1.2,µm,rod-shaped,0.0,,negative,164191,67775,1,,2021-12-14 05:35:23
10453,,,,,,,,,,1.0,monotrichous,,164191,67775,1,,2021-12-14 05:35:23
10454,1.4-8,1.4,8.0,µm,0.6-0.7,0.6,0.7,µm,rod-shaped,1.0,polar,negative,166528,67776,1,,2021-12-14 05:35:23
10455,,,,,,,,,rod-shaped,0.0,,negative,166438,67777,1,,2021-12-14 05:35:23
10456,,,,,,,,,rod-shaped,0.0,,negative,166439,67777,1,,2021-12-14 05:35:23
10457,1-1.8,1.0,1.8,µm,0.7-0.9,0.7,0.9,µm,rod-shaped,0.0,,negative,160775,67778,1,,2021-12-14 05:35:23
10458,1.5-2.2,1.5,2.2,µm,0.5-0.9,0.5,0.9,µm,rod-shaped,0.0,,negative,164405,67779,1,,2021-12-14 05:35:23
10459,0.9-1.7,0.9,1.7,µm,0.7-1.3,0.7,1.3,µm,coccus-shaped,1.0,"monotrichous, polar",positive,166440,67780,1,,2021-12-14 05:35:23
10460,,,,,,,,,ovoid-shaped,,,,166440,67780,1,,2021-12-14 05:35:23
10461,,,,,,,,,rod-shaped,0.0,,positive,158452,67781,1,,2021-12-14 05:35:23
10462,1.5-2.6,1.5,2.6,µm,0.6-0.9,0.6,0.9,µm,rod-shaped,1.0,"monotrichous, polar",negative,166424,67782,1,,2021-12-14 05:35:23
10463,,,,,,,,,,1.0,gliding,,166424,67782,1,,2021-12-14 05:35:23
10464,1-1.6,1.0,1.6,µm,0.4-0.5,0.4,0.5,µm,rod-shaped,0.0,,negative,166416,67783,1,,2021-12-14 05:35:23
10465,1.3-2.8,1.3,2.8,µm,0.4-0.8,0.4,0.8,µm,rod-shaped,1.0,peritrichous,negative,166418,67784,1,,2021-12-14 05:35:23
10466,1.3-2.5,1.3,2.5,µm,0.6-0.8,0.6,0.8,µm,rod-shaped,1.0,"monotrichous, polar",positive,166417,67785,1,,2021-12-14 05:35:23
10467,2-2.5,2.0,2.5,µm,0.5-0.8,0.5,0.8,µm,rod-shaped,1.0,subpolar,positive,158471,67786,1,,2021-12-14 05:35:23
10468,,,,,,,,,,1.0,monotrichous,,158471,67786,1,,2021-12-14 05:35:23
10469,1.5-2,1.5,2.0,µm,0.5-0.8,0.5,0.8,µm,rod-shaped,0.0,,negative,166419,67787,1,,2021-12-14 05:35:23
10470,0.6-1.2,0.6,1.2,µm,0.3-0.6,0.3,0.6,µm,rod-shaped,,,,158449,67788,1,,2021-12-14 05:35:23
10471,1.8-2,1.8,2.0,µm,0.5-0.7,0.5,0.7,µm,rod-shaped,0.0,,negative,166259,67789,1,,2021-12-14 05:35:23
10472,0.9-1.3,0.9,1.3,µm,,,,,coccus-shaped,0.0,,positive,166422,67790,1,,2021-12-14 05:35:23
10473,,,,,,,,,,,,negative,166433,67791,1,,2021-12-14 05:35:23
10474,,,,,,,,,,,,negative,160776,67791,1,,2021-12-14 05:35:23
10475,,,,,,,,,,,,negative,166434,67791,1,,2021-12-14 05:35:23
10476,1.9-2.1,1.9,2.1,µm,0.5-0.7,0.5,0.7,µm,rod-shaped,0.0,,negative,159661,67792,1,,2021-12-14 05:35:23
10477,1-2.5,1.0,2.5,µm,0.7-1,0.7,1.0,µm,rod-shaped,,,positive,166423,67793,1,,2021-12-14 05:35:23
10478,1-2,1.0,2.0,µm,0.3-0.8,0.3,0.8,µm,rod-shaped,0.0,,positive,166432,67794,1,,2021-12-14 05:35:23
10479,3-4,3.0,4.0,µm,0.3-0.5,0.3,0.5,µm,rod-shaped,0.0,,negative,166431,67795,1,,2021-12-14 05:35:23
10480,,,,,,,,,,0.0,,positive,164366,67796,1,,2021-12-14 05:35:23
10481,0.9-1.7,0.9,1.7,µm,0.4-0.5,0.4,0.5,µm,rod-shaped,0.0,,negative,166245,67797,1,,2021-12-14 05:35:23
10482,0.73-0.97,0.73,0.97,µm,0.32-0.5,0.32,0.5,µm,rod-shaped,0.0,,positive,166435,67798,1,,2021-12-14 05:35:23
10483,1.6-2.4,1.6,2.4,µm,0.8-1,0.8,1.0,µm,rod-shaped,1.0,"monotrichous, polar",negative,166436,67799,1,,2021-12-14 05:35:23
10484,1.4-1.8,1.4,1.8,µm,0.3-0.4,0.3,0.4,µm,rod-shaped,0.0,,negative,166520,67800,1,,2021-12-14 05:35:23
10485,0.8-1,0.8,1.0,µm,0.3-0.5,0.3,0.5,µm,rod-shaped,0.0,,negative,166441,67801,1,,2021-12-14 05:35:23
10486,1.2-1.5,1.2,1.5,µm,0.2-0.3,0.2,0.3,µm,rod-shaped,0.0,,negative,166429,67802,1,,2021-12-14 05:35:23
10487,1-1.7,1.0,1.7,µm,0.5-0.7,0.5,0.7,µm,rod-shaped,1.0,monotrichous,negative,166425,67803,1,,2021-12-14 05:35:23
10488,1.1-1.4,1.1,1.4,µm,0.5-0.6,0.5,0.6,µm,rod-shaped,0.0,,positive,159668,67804,1,,2021-12-14 05:35:23
10489,,,,,,,,,rod-shaped,1.0,"monotrichous, polar",negative,166430,67805,1,,2021-12-14 05:35:23
10490,1.1-1.3,1.1,1.3,µm,0.6-0.7,0.6,0.7,µm,rod-shaped,1.0,"monotrichous, polar",negative,164154,67807,1,,2021-12-14 05:35:23
10491,1.1-1.6,1.1,1.6,µm,,,,,coccus-shaped,0.0,,negative,166428,67808,1,,2021-12-14 05:35:23
10492,1-1.2,1.0,1.2,µm,0.3-0.4,0.3,0.4,µm,rod-shaped,1.0,monotrichous,negative,166427,67809,1,,2021-12-14 05:35:23
10493,0.5-1.5,0.5,1.5,µm,,,,,coccus-shaped,,,negative,166442,67810,1,,2021-12-14 05:35:23
10494,,,,,,,,,,,,variable,166442,67810,1,,2021-12-14 05:35:23
10495,0.5-1.5,0.5,1.5,µm,,,,,coccus-shaped,,,negative,166443,67810,1,,2021-12-14 05:35:23
10496,,,,,,,,,,,,variable,166443,67810,1,,2021-12-14 05:35:23
10497,,,,,,,,,,,,variable,166444,67810,1,,2021-12-14 05:35:23
10498,0.5-1.5,0.5,1.5,µm,,,,,coccus-shaped,,,negative,166444,67810,1,,2021-12-14 05:35:23
10499,,,,,,,,,,,,positive,159669,67811,1,,2021-12-14 05:35:23
10500,1.28-2.42,1.28,2.42,µm,0.35-0.37,0.35,0.37,µm,rod-shaped,0.0,,positive,158468,67812,1,,2021-12-14 05:35:23
10501,,,,,,,,,,,,positive,158473,67813,1,,2021-12-14 05:35:23
10502,0.4-0.7,0.4,0.7,µm,,,,,coccus-shaped,0.0,,negative,166446,67814,1,,2021-12-14 05:35:23
10503,,,,,,,,,,1.0,,negative,166451,67815,1,,2021-12-14 05:35:23
10504,,,,,,,,,,1.0,,negative,166452,67815,1,,2021-12-14 05:35:23
10505,2,2.0,2.0,µm,0.5,0.5,0.5,µm,rod-shaped,,,negative,166447,67816,1,,2021-12-14 05:35:23
10506,,,,,,,,,,0.0,,positive,158459,67817,1,,2021-12-14 05:35:23
10507,10-15,10.0,15.0,µm,0.3,0.3,0.3,µm,rod-shaped,1.0,gliding,negative,166463,67818,1,,2021-12-14 05:35:23
10508,1-3,1.0,3.0,µm,,,,,coccus-shaped,0.0,,negative,162366,67819,1,,2021-12-14 05:35:23
10509,,,,,,,,,rod-shaped,,,,162366,67819,1,,2021-12-14 05:35:23
10510,3.5-7.1,3.5,7.1,µm,0.4-0.5,0.4,0.5,µm,rod-shaped,1.0,gliding,negative,166453,67820,1,,2021-12-14 05:35:23
10511,1.1-2.3,1.1,2.3,µm,0.3-0.5,0.3,0.5,µm,rod-shaped,0.0,,negative,166459,67821,1,,2021-12-14 05:35:23
10512,,,,,,,,,rod-shaped,1.0,"monotrichous, polar",negative,164233,67822,1,,2021-12-14 05:35:23
10513,,,,,,,,,,,,positive,157895,67823,1,,2021-12-14 05:35:23
10514,0.35-0.45,0.35,0.45,µm,0.1-0.2,0.1,0.2,µm,rod-shaped,1.0,monotrichous,negative,164142,67824,1,,2021-12-14 05:35:23
10515,0.8-1.4,0.8,1.4,µm,0.3-0.4,0.3,0.4,µm,rod-shaped,1.0,"monotrichous, polar",negative,166449,67825,1,,2021-12-14 05:35:23
10516,1.2-1.7,1.2,1.7,µm,0.2-0.4,0.2,0.4,µm,rod-shaped,0.0,,negative,166445,67826,1,,2021-12-14 05:35:23
10517,,,,,,,,,rod-shaped,0.0,,negative,166437,67827,1,,2021-12-14 05:35:23
10518,1-3,1.0,3.0,µm,0.5-0.8,0.5,0.8,µm,rod-shaped,1.0,,negative,160787,67828,1,,2021-12-14 05:35:23
10519,1-3,1.0,3.0,µm,0.5-1,0.5,1.0,µm,rod-shaped,1.0,"monotrichous, polar",negative,160788,67828,1,,2021-12-14 05:35:23
10520,1.4-2,1.4,2.0,µm,0.4-0.5,0.4,0.5,µm,rod-shaped,0.0,,negative,158474,67829,1,,2021-12-14 05:35:23
10521,1-1.6,1.0,1.6,µm,,,,,coccus-shaped,,,negative,166448,67830,1,,2021-12-14 05:35:23
10522,3.5-7.5,3.5,7.5,µm,0.5-0.8,0.5,0.8,µm,rod-shaped,0.0,,positive,164372,67831,1,,2021-12-14 05:35:23
10523,1.3-3.3,1.3,3.3,µm,0.4-0.8,0.4,0.8,µm,rod-shaped,0.0,,negative,166450,67832,1,,2021-12-14 05:35:23
10524,,,,,,,,,,0.0,,positive,164249,67833,1,,2021-12-14 05:35:23
10525,0.9-2.4,0.9,2.4,µm,0.4-0.6,0.4,0.6,µm,rod-shaped,0.0,,negative,166464,67834,1,,2021-12-14 05:35:23
10526,0.9-2.5,0.9,2.5,µm,0.3-0.6,0.3,0.6,µm,rod-shaped,0.0,,negative,166465,67834,1,,2021-12-14 05:35:23
10527,0.4-3,0.4,3.0,µm,0.2-0.6,0.2,0.6,µm,rod-shaped,0.0,,negative,166460,67835,1,,2021-12-14 05:35:23
10528,,,,,,,,,coccus-shaped,,,,166460,67835,1,,2021-12-14 05:35:23
10529,,,,,,,,,ovoid-shaped,,,,166460,67835,1,,2021-12-14 05:35:23
10530,1.7-1.8,1.7,1.8,µm,0.6-0.7,0.6,0.7,µm,rod-shaped,0.0,,positive,166484,67836,1,,2021-12-14 05:35:23
10531,,,,,,,,,,,,positive,164410,67837,1,,2021-12-14 05:35:23
10532,,,,,,,,,rod-shaped,0.0,,negative,166458,67838,1,,2021-12-14 05:35:23
10533,0.8-1,0.8,1.0,µm,,,,,coccus-shaped,1.0,,negative,166454,67839,1,,2021-12-14 05:35:23
10534,,,,,,,,,ovoid-shaped,,,,166454,67839,1,,2021-12-14 05:35:23
10535,2-2.8,2.0,2.8,µm,0.7-1.2,0.7,1.2,µm,rod-shaped,1.0,,negative,166456,67840,1,,2021-12-14 05:35:23
10536,,,,,,,,,,0.0,,positive,158494,67841,1,,2021-12-14 05:35:23
10537,,,,,,,,,coccus-shaped,0.0,,positive,158495,67842,1,,2021-12-14 05:35:23
10538,1.9-3.7,1.9,3.7,µm,0.7-0.9,0.7,0.9,µm,rod-shaped,1.0,,negative,166455,67843,1,,2021-12-14 05:35:23
10539,,,,,,,,,oval-shaped,,,negative,166457,67844,1,,2021-12-14 05:35:23
10540,1.5-5,1.5,5.0,µm,0.3-0.5,0.3,0.5,µm,rod-shaped,0.0,,negative,158483,67845,1,,2021-12-14 05:35:23
10541,20-200,20.0,200.0,µm,0.5-0.6,0.5,0.6,µm,filament-shaped,0.0,,negative,164183,67846,1,,2021-12-14 05:35:23
10542,0.6-2.7,0.6,2.7,µm,0.2-0.5,0.2,0.5,µm,rod-shaped,,,negative,166466,67847,1,,2021-12-14 05:35:23
10543,2.3-3.3,2.3,3.3,µm,0.6-1.0,0.6,1.0,µm,rod-shaped,,,negative,164246,67848,1,,2021-12-14 05:35:23
10544,0.8-1.8,0.8,1.8,µm,0.4-0.5,0.4,0.5,µm,rod-shaped,0.0,,positive,158491,67849,1,,2021-12-14 05:35:23
10545,,,,,,,,,,0.0,,positive,158480,67850,1,,2021-12-14 05:35:23
10546,0.7-2.8,0.7,2.8,µm,0.4-0.5,0.4,0.5,µm,rod-shaped,0.0,,negative,164343,67851,1,,2021-12-14 05:35:23
10547,0.8-2.3,0.8,2.3,µm,,,,,coccus-shaped,0.0,,,158497,67852,1,,2021-12-14 05:35:23
10548,1-4,1.0,4.0,µm,0.2-0.5,0.2,0.5,µm,rod-shaped,1.0,"monotrichous, polar",negative,166468,67853,1,,2021-12-14 05:35:23
10549,0.8-1.6,0.8,1.6,µm,0.4-0.6,0.4,0.6,µm,rod-shaped,1.0,,negative,166461,67854,1,,2021-12-14 05:35:23
10550,,,,,,,,,ovoid-shaped,,,,166461,67854,1,,2021-12-14 05:35:23
10551,0.4-10,0.4,10.0,µm,0.4-0.8,0.4,0.8,µm,rod-shaped,0.0,,negative,166514,67855,1,,2021-12-14 05:35:23
10552,,,,,,,,,coccus-shaped,,,,166514,67855,1,,2021-12-14 05:35:23
10553,,,,,,,,,ovoid-shaped,,,,166514,67855,1,,2021-12-14 05:35:23
10554,1.1-2.4,1.1,2.4,µm,0.6-0.9,0.6,0.9,µm,rod-shaped,0.0,,negative,166467,67856,1,,2021-12-14 05:35:23
10555,0.5-1.3,0.5,1.3,µm,,,,,coccus-shaped,0.0,,positive,158498,67857,1,,2021-12-14 05:35:23
10556,1.2-1.7,1.2,1.7,µm,0.6-0.8,0.6,0.8,µm,rod-shaped,1.0,,positive,164262,67858,1,,2021-12-14 05:35:23
10557,1.3-1.5,1.3,1.5,µm,0.7-0.8,0.7,0.8,µm,,0.0,,negative,166462,67859,1,,2021-12-14 05:35:23
10558,1-1.3,1.0,1.3,µm,0.2-0.3,0.2,0.3,µm,rod-shaped,1.0,,negative,158273,67860,1,,2021-12-14 05:35:23
10559,,,,,,,,,,0.0,,positive,164531,67861,1,,2021-12-14 05:35:23
10560,,,,,,,,,,0.0,,positive,164530,67861,1,,2021-12-14 05:35:23
10561,,,,,,,,,,0.0,,positive,164529,67861,1,,2021-12-14 05:35:23
10562,,,,,,,,,,0.0,,positive,164528,67861,1,,2021-12-14 05:35:23
10563,,,,,,,,,,0.0,,positive,164527,67861,1,,2021-12-14 05:35:23
10564,,,,,,,,,,,,positive,166478,67862,1,,2021-12-14 05:35:23
10565,0.9-1.5,0.9,1.5,µm,0.6-0.7,0.6,0.7,µm,curved-shaped,1.0,"monotrichous, polar",negative,166477,67863,1,,2021-12-14 05:35:23
10566,1.1-4.4,1.1,4.4,µm,0.5,0.5,0.5,µm,rod-shaped,1.0,,negative,166473,67864,1,,2021-12-14 05:35:23
10567,0.8-3,0.8,3.0,µm,,,,,coccus-shaped,0.0,,,164159,67865,1,,2021-12-14 05:35:23
10568,1,1.0,1.0,µm,,,,,rod-shaped,1.0,,negative,24820,67866,1,,2021-12-14 05:35:23
10569,1-2,1.0,2.0,µm,,,,,rod-shaped,1.0,,negative,6149,67866,1,,2021-12-14 05:35:23
10570,1.3-1.9,1.3,1.9,µm,0.5-0.7,0.5,0.7,µm,rod-shaped,,,positive,158485,67867,1,,2021-12-14 05:35:23
10571,2-2.5,2.0,2.5,µm,0.5-1,0.5,1.0,µm,rod-shaped,1.0,,negative,157812,67868,1,,2021-12-14 05:35:23
10572,1.2-3.5,1.2,3.5,µm,0.6-1,0.6,1.0,µm,rod-shaped,0.0,,negative,166479,67869,1,,2021-12-14 05:35:23
10573,2-3,2.0,3.0,µm,0.4-0.5,0.4,0.5,µm,rod-shaped,1.0,,negative,166471,67870,1,,2021-12-14 05:35:23
10574,2-6.5,2.0,6.5,µm,0.9-1.1,0.9,1.1,µm,rod-shaped,1.0,,negative,166472,67871,1,,2021-12-14 05:35:23
10575,,,,,,,,,,,,positive,161945,67872,1,,2021-12-14 05:35:23
10576,0.8-1,0.8,1.0,µm,,,,,coccus-shaped,0.0,,negative,164421,67873,1,,2021-12-14 05:35:23
10577,1.4-2.8,1.4,2.8,µm,0.4-0.7,0.4,0.7,µm,rod-shaped,,,negative,166475,67874,1,,2021-12-14 05:35:23
10578,1.5-2,1.5,2.0,µm,0.3-0.6,0.3,0.6,µm,rod-shaped,,,negative,166476,67874,1,,2021-12-14 05:35:23
10579,1.2-1.6,1.2,1.6,µm,0.5-0.6,0.5,0.6,µm,rod-shaped,0.0,,negative,166483,67875,1,,2021-12-14 05:35:23
10580,1.1-1.8,1.1,1.8,µm,0.6-0.8,0.6,0.8,µm,rod-shaped,1.0,"monotrichous, polar",positive,166481,67876,1,,2021-12-14 05:35:23
10581,0.88-2.45,0.88,2.45,µm,0.49-0.52,0.49,0.52,µm,rod-shaped,0.0,,negative,166485,67877,1,,2021-12-14 05:35:23
10582,2.3-2.5,2.3,2.5,µm,0.7-0.9,0.7,0.9,µm,rod-shaped,1.0,peritrichous,positive,166490,67878,1,,2021-12-14 05:35:23
10583,0.7-4.5,0.7,4.5,µm,0.4-0.5,0.4,0.5,µm,rod-shaped,1.0,"monotrichous, polar",negative,166488,67879,1,,2021-12-14 05:35:23
10584,0.7-2.1,0.7,2.1,µm,0.4-0.6,0.4,0.6,µm,rod-shaped,0.0,,negative,166486,67880,1,,2021-12-14 05:35:23
10585,1-2.3,1.0,2.3,µm,0.3-0.6,0.3,0.6,µm,rod-shaped,0.0,,negative,166487,67880,1,,2021-12-14 05:35:23
10586,1.2-1.7,1.2,1.7,µm,0.3-0.6,0.3,0.6,µm,rod-shaped,1.0,gliding,negative,166518,67881,1,,2021-12-14 05:35:23
10587,0.8-1.5,0.8,1.5,µm,0.4-0.6,0.4,0.6,µm,rod-shaped,1.0,"monotrichous, polar",negative,166509,67882,1,,2021-12-14 05:35:23
10588,0.49-2,0.49,2.0,µm,0.2-0.25,0.2,0.25,µm,rod-shaped,0.0,,,158487,67883,1,,2021-12-14 05:35:23
10589,0.59-1.74,0.59,1.74,µm,0.2-0.25,0.2,0.25,µm,rod-shaped,,,,157948,67883,1,,2021-12-14 05:35:23
10590,0.3-0.5,0.3,0.5,µm,0.12-0.3,0.12,0.3,µm,rod-shaped,0.0,,positive,166149,67884,1,,2021-12-14 05:35:23
10591,1.3-2.5,1.3,2.5,µm,0.6-0.8,0.6,0.8,µm,rod-shaped,1.0,,negative,164126,67885,1,,2021-12-14 05:35:23
10592,,,,,,,,,rod-shaped,,,negative,166516,67886,1,,2021-12-14 05:35:23
10593,,,,,,,,,,0.0,,positive,166501,67887,1,,2021-12-14 05:35:23
10594,,,,,,,,,,0.0,,positive,166502,67887,1,,2021-12-14 05:35:23
10595,1.5-2.3,1.5,2.3,µm,0.8-1.2,0.8,1.2,µm,other,1.0,,negative,164374,67888,1,,2021-12-14 05:35:23
10596,1.2-2,1.2,2.0,µm,0.5-0.7,0.5,0.7,µm,rod-shaped,0.0,,negative,166492,67889,1,,2021-12-14 05:35:23
10597,,,,,,,,,,0.0,,positive,166540,67890,1,,2021-12-14 05:35:23
10598,,,,,,,,,,0.0,,positive,166541,67890,1,,2021-12-14 05:35:23
10599,,,,,,,,,,0.0,,positive,166542,67890,1,,2021-12-14 05:35:23
10600,0.6-1.5,0.6,1.5,µm,0.4-0.6,0.4,0.6,µm,rod-shaped,0.0,,positive,158504,67891,1,,2021-12-14 05:35:23
10601,2-5,2.0,5.0,µm,0.8,0.8,0.8,µm,rod-shaped,0.0,,negative,158507,67892,1,,2021-12-14 05:35:23
10602,1-2,1.0,2.0,µm,0.5-0.8,0.5,0.8,µm,rod-shaped,0.0,,negative,166493,67893,1,,2021-12-14 05:35:23
10603,2.3-2.8,2.3,2.8,µm,0.5-0.8,0.5,0.8,µm,rod-shaped,1.0,"monotrichous, polar",negative,166146,67894,1,,2021-12-14 05:35:23
10604,0.8-2,0.8,2.0,µm,0.3-1.2,0.3,1.2,µm,rod-shaped,0.0,,negative,166506,67895,1,,2021-12-14 05:35:23
10605,0.9-1.8,0.9,1.8,µm,0.5-0.7,0.5,0.7,µm,rod-shaped,1.0,,negative,166537,67896,1,,2021-12-14 05:35:23
10606,0.8-1.2,0.8,1.2,µm,0.6-0.7,0.6,0.7,µm,rod-shaped,1.0,,negative,166176,67897,1,,2021-12-14 05:35:23
10607,,,,,,,,,coccus-shaped,0.0,,positive,159066,67898,1,,2021-12-14 05:35:23
10608,,,,,,,,,rod-shaped,0.0,,positive,157226,67899,1,,2021-12-14 05:35:23
10609,,,,,,,,,coccus-shaped,,,,157226,67899,1,,2021-12-14 05:35:23
10610,,,,,,,,,rod-shaped,0.0,,positive,157225,67899,1,,2021-12-14 05:35:23
10611,,,,,,,,,coccus-shaped,,,,157225,67899,1,,2021-12-14 05:35:23
10612,3.2-3.6,3.2,3.6,µm,0.6-0.7,0.6,0.7,µm,rod-shaped,1.0,"monotrichous, polar",negative,166293,67900,1,,2021-12-14 05:35:23
10613,1.4-1.9,1.4,1.9,µm,0.8-1.1,0.8,1.1,µm,rod-shaped,0.0,,positive,160213,67901,1,,2021-12-14 05:35:23
10614,1.3-1.7,1.3,1.7,µm,0.7-1.1,0.7,1.1,µm,rod-shaped,0.0,,positive,160169,67901,1,,2021-12-14 05:35:23
10615,1.0-1.7,1.0,1.7,µm,0.4-0.6,0.4,0.6,µm,rod-shaped,1.0,,negative,164623,67902,1,,2021-12-14 05:35:23
10616,0.5,0.5,0.5,µm,0.4,0.4,0.4,µm,rod-shaped,,,negative,166346,67903,1,,2021-12-14 05:35:23
10617,,,,,,,,,coccus-shaped,1.0,,positive,166489,67904,1,,2021-12-14 05:35:23
10618,0.5-1.5,0.5,1.5,µm,0.3-0.6,0.3,0.6,µm,rod-shaped,,,,166489,67904,1,,2021-12-14 05:35:23
10619,1.0-2.5,1.0,2.5,µm,0.4-0.5,0.4,0.5,µm,rod-shaped,1.0,peritrichous,positive,158503,67905,1,,2021-12-14 05:35:23
10620,3.0-5.0,3.0,5.0,µm,0.5-1.0,0.5,1.0,µm,rod-shaped,0.0,,positive,166480,67906,1,,2021-12-14 05:35:23
10621,1.3-1.6,1.3,1.6,µm,0.4-0.6,0.4,0.6,µm,rod-shaped,0.0,,negative,166512,67907,1,,2021-12-14 05:35:23
10622,,,,,,,,,,,,positive,158479,67908,1,,2021-12-14 05:35:23
10623,0.8,0.8,0.8,µm,,,,,diplococcus-shaped,0.0,,positive,166482,67909,1,,2021-12-14 05:35:23
10624,1.0-2.0,1.0,2.0,µm,0.4-0.5,0.4,0.5,µm,rod-shaped,1.0,polar,negative,166474,67910,1,,2021-12-14 05:35:23
10625,1.2-2.7,1.2,2.7,µm,0.5-0.9,0.5,0.9,µm,rod-shaped,1.0,polar,negative,164329,67911,1,,2021-12-14 05:35:23
10626,0.8-1.3,0.8,1.3,µm,0.7-0.9,0.7,0.9,µm,rod-shaped,0.0,,negative,166470,67912,1,,2021-12-14 05:35:23
10627,8.1-10.9,8.1,10.9,µm,2.5-3.4,2.5,3.4,µm,rod-shaped,0.0,,negative,163871,67913,1,,2021-12-14 05:35:23
10628,1.1-7.5,1.1,7.5,µm,0.5-0.6,0.5,0.6,µm,rod-shaped,0.0,,positive,164731,67914,1,,2021-12-14 05:35:23
10629,0.8-1.8,0.8,1.8,µm,0.4-0.5,0.4,0.5,µm,rod-shaped,0.0,,negative,166152,67915,1,,2021-12-14 05:35:23
10630,0.8-2.5,0.8,2.5,µm,0.3-0.5,0.3,0.5,µm,rod-shaped,0.0,,negative,166153,67915,1,,2021-12-14 05:35:23
10631,1.5-2.7,1.5,2.7,µm,0.3-0.8,0.3,0.8,µm,rod-shaped,1.0,,negative,166469,67916,1,,2021-12-14 05:35:23
10632,,,,,,,,,filament-shaped,,,positive,164255,67917,1,,2021-12-14 05:35:23
10633,1.6-2.2,1.6,2.2,µm,0.9-1.1,0.9,1.1,µm,rod-shaped,0.0,,negative,159685,67918,1,,2021-12-14 05:35:23
10634,2.7-3.8,2.7,3.8,µm,0.7-0.9,0.7,0.9,µm,rod-shaped,1.0,polar,negative,158505,67919,1,,2021-12-14 05:35:23
10635,1.0-1.6,1.0,1.6,µm,0.4-0.6,0.4,0.6,µm,rod-shaped,1.0,polar,negative,166515,67920,1,,2021-12-14 05:35:23
10636,1.2-1.7,1.2,1.7,µm,0.4-0.6,0.4,0.6,µm,rod-shaped,0.0,,negative,166510,67921,1,,2021-12-14 05:35:23
10637,1.0-2.0,1.0,2.0,µm,0.2-0.5,0.2,0.5,µm,rod-shaped,,,negative,166508,67922,1,,2021-12-14 05:35:23
10638,1.0-2.5,1.0,2.5,µm,0.5-1.0,0.5,1.0,µm,rod-shaped,0.0,,positive,166494,67923,1,,2021-12-14 05:35:23
10639,1.0-2.0,1.0,2.0,µm,0.5,0.5,0.5,µm,rod-shaped,0.0,,negative,164468,67924,1,,2021-12-14 05:35:23
10640,0.9-1.3,0.9,1.3,µm,0.6-1.0,0.6,1.0,µm,rod-shaped,0.0,,negative,164090,68366,1,,2021-12-14 05:35:23
10641,0.8-1.4,0.8,1.4,µm,0.2,0.2,0.2,µm,rod-shaped,1.0,monotrichous,negative,166504,67925,1,,2021-12-14 05:35:23
10642,0.9-1.6,0.9,1.6,µm,0.4-0.6,0.4,0.6,µm,rod-shaped,,,negative,166505,67926,1,,2021-12-14 05:35:23
10643,5.5-8.0,5.5,8.0,µm,0.35-0.40,0.35,0.4,µm,filament-shaped,1.0,gliding,negative,166499,67927,1,,2021-12-14 05:35:23
10644,1.1-2.1,1.1,2.1,µm,0.4-0.9,0.4,0.9,µm,coccus-shaped,,,,166499,67927,1,,2021-12-14 05:35:23
10645,2.9-3.1,2.9,3.1,µm,0.6-0.8,0.6,0.8,µm,rod-shaped,0.0,,negative,164373,67928,1,,2021-12-14 05:35:23
10646,1,1.0,1.0,µm,1,1.0,1.0,µm,coccus-shaped,0.0,,negative,166511,67929,1,,2021-12-14 05:35:23
10647,1.4-2.7,1.4,2.7,µm,0.4-0.5,0.4,0.5,µm,rod-shaped,0.0,,negative,166543,67930,1,,2021-12-14 05:35:23
10648,0.8-1.4,0.8,1.4,µm,0.4-0.6,0.4,0.6,µm,rod-shaped,,,positive,158509,67932,1,,2021-12-14 05:35:23
10649,,,,,,,,,,0.0,,,158509,67932,1,,2021-12-14 05:35:23
10650,1.6-2.8,1.6,2.8,µm,0.5-0.7,0.5,0.7,µm,rod-shaped,1.0,,positive,164466,67933,1,,2021-12-14 05:35:23
10651,0.9-1.5,0.9,1.5,µm,0.4-0.5,0.4,0.5,µm,rod-shaped,1.0,gliding,negative,166491,67934,1,,2021-12-14 05:35:23
10652,1.0-2.0,1.0,2.0,µm,,,,,coccus-shaped,0.0,,negative,158506,67935,1,,2021-12-14 05:35:23
10653,1.0-2.0,1.0,2.0,µm,0.1-0.5,0.1,0.5,µm,rod-shaped,,,negative,166517,67936,1,,2021-12-14 05:35:23
10654,,,,,,,,,rod-shaped,,,negative,166507,67937,1,,2021-12-14 05:35:23
10655,1.0-1.5,1.0,1.5,µm,0.4-0.8,0.4,0.8,µm,rod-shaped,1.0,"monotrichous, polar",negative,166513,67938,1,,2021-12-14 05:35:23
10656,2.0-4.0,2.0,4.0,µm,0.9-1.0,0.9,1.0,µm,rod-shaped,0.0,,positive,166495,67939,1,,2021-12-14 05:35:23
10657,1.5-3.1,1.5,3.1,µm,0.6-0.7,0.6,0.7,µm,rod-shaped,0.0,,negative,166500,67940,1,,2021-12-14 05:35:23
10658,2.4-2.55,2.4,2.55,µm,0.63-0.7,0.63,0.7,µm,rod-shaped,0.0,,negative,166503,67941,1,,2021-12-14 05:35:23
10659,1.1-2.6,1.1,2.6,µm,0.8-1.1,0.8,1.1,µm,rod-shaped,1.0,,negative,166140,67942,1,,2021-12-14 05:35:23
10660,,,,,,,,,,,"monotrichous, polar",,166140,67942,1,,2021-12-14 05:35:23
10661,0.8-3.0,0.8,3.0,µm,0.3-0.5,0.3,0.5,µm,rod-shaped,0.0,,negative,166524,67943,1,,2021-12-14 05:35:23
10662,0.9-1.5,0.9,1.5,µm,0.4-0.6,0.4,0.6,µm,rod-shaped,1.0,peritrichous,negative,166544,67944,1,,2021-12-14 05:35:23
10663,1.4-2.5,1.4,2.5,µm,0.2-0.4,0.2,0.4,µm,rod-shaped,0.0,,negative,166539,67945,1,,2021-12-14 05:35:23
10664,,,,,,,,,spore-shaped,,,positive,166187,67946,1,,2021-12-14 05:35:23
10665,0.8-35.8,0.8,35.8,µm,,,,,pleomorphic-shaped,0.0,,negative,158510,67947,1,,2021-12-14 05:35:23
10666,1.76-3.64,1.76,3.64,µm,0.42-0.58,0.42,0.58,µm,helical-shaped,1.0,amphitrichous,,166531,67948,1,,2021-12-14 05:35:23
10667,0.8-1.2,0.8,1.2,µm,,,,,coccus-shaped,0.0,,positive,164194,67949,1,,2021-12-14 05:35:23
10668,0.6-0.7,0.6,0.7,µm,0.2-0.3,0.2,0.3,µm,rod-shaped,0.0,,negative,164276,67950,1,,2021-12-14 05:35:23
10669,1.9-2.2,1.9,2.2,µm,0.5-0.7,0.5,0.7,µm,rod-shaped,1.0,polar,negative,166533,67951,1,,2021-12-14 05:35:23
10670,1.0-2.0,1.0,2.0,µm,0.6-0.8,0.6,0.8,µm,rod-shaped,1.0,peritrichous,positive,166141,67952,1,,2021-12-14 05:35:23
10671,2.6-3.5,2.6,3.5,µm,0.5-1.0,0.5,1.0,µm,rod-shaped,1.0,,negative,164179,67953,1,,2021-12-14 05:35:23
10672,1.40-1.79,1.4,1.79,µm,0.71-0.86,0.71,0.86,µm,rod-shaped,0.0,,negative,166532,67954,1,,2021-12-14 05:35:23
10673,0.6-0.7,0.6,0.7,µm,,,,,coccus-shaped,0.0,,positive,164370,67955,1,,2021-12-14 05:35:23
10674,,,,,,,,,,,,positive,166184,67956,1,,2021-12-14 05:35:23
10675,1.2-6.0,1.2,6.0,µm,0.5-1.0,0.5,1.0,µm,rod-shaped,,,positive,166535,67957,1,,2021-12-14 05:35:23
10676,1.6-3.2,1.6,3.2,µm,0.5-0.7,0.5,0.7,µm,rod-shaped,1.0,,negative,166519,67958,1,,2021-12-14 05:35:23
10677,1.0-2.0,1.0,2.0,µm,0.6-0.9,0.6,0.9,µm,rod-shaped,1.0,gliding,negative,166522,67960,1,,2021-12-14 05:35:23
10678,,,,,,,,,rod-shaped,1.0,"monotrichous, polar",negative,166148,67961,1,,2021-12-14 05:35:23
10679,2.5-2.6,2.5,2.6,µm,0.8-0.9,0.8,0.9,µm,rod-shaped,1.0,peritrichous,negative,166170,67962,1,,2021-12-14 05:35:23
10680,0.9-1.3,0.9,1.3,µm,0.6-0.7,0.6,0.7,µm,rod-shaped,1.0,monopolar,negative,166171,67963,1,,2021-12-14 05:35:23
10681,1.0-2.0,1.0,2.0,µm,0.4-0.5,0.4,0.5,µm,rod-shaped,1.0,,negative,166529,67964,1,,2021-12-14 05:35:23
10682,1.6-2.1,1.6,2.1,µm,0.9-1.1,0.9,1.1,µm,rod-shaped,0.0,,negative,166530,67965,1,,2021-12-14 05:35:23
10684,3.9-10.8,3.9,10.8,µm,0.6-0.9,0.6,0.9,µm,rod-shaped,0.0,,negative,166297,67966,1,,2021-12-14 05:35:23
10685,2.50-5.92,2.5,5.92,µm,0.35-0.62,0.35,0.62,µm,rod-shaped,0.0,,negative,159686,67967,1,,2021-12-14 05:35:23
10686,1.4-3.3,1.4,3.3,µm,0.2-0.3,0.2,0.3,µm,rod-shaped,0.0,,negative,166526,67968,1,,2021-12-14 05:35:23
10687,1.1-1.8,1.1,1.8,µm,,,,,coccus-shaped,,,positive,166538,67969,1,,2021-12-14 05:35:23
10689,1.2-2.0,1.2,2.0,µm,0.6-0.7,0.6,0.7,µm,rod-shaped,0.0,,negative,166534,67970,1,,2021-12-14 05:35:23
10690,0.7-1.9,0.7,1.9,µm,0.2-0.5,0.2,0.5,µm,rod-shaped,,,negative,164064,67971,1,,2021-12-14 05:35:23
10691,4-38,4.0,38.0,µm,1.0-1.2,1.0,1.2,µm,rod-shaped,1.0,,negative,158129,67972,1,,2021-12-14 05:35:23
10692,1.3-4.7,1.3,4.7,µm,0.5-0.7,0.5,0.7,µm,rod-shaped,1.0,peritrichous,negative,166521,67973,1,,2021-12-14 05:35:23
10693,2.0-6.0,2.0,6.0,µm,1.0-1.5,1.0,1.5,µm,rod-shaped,0.0,,negative,164337,67974,1,,2021-12-14 05:35:23
10694,3.5-6.0,3.5,6.0,µm,1,1.0,1.0,µm,rod-shaped,0.0,,positive,166523,67975,1,,2021-12-14 05:35:23
10695,,,,,,,,,,,,positive,159625,67976,1,,2021-12-14 05:35:23
10696,2.0-4.0,2.0,4.0,µm,1.5-2.0,1.5,2.0,µm,rod-shaped,1.0,peritrichous,positive,166183,67977,1,,2021-12-14 05:35:23
10697,1.8-7.8,1.8,7.8,µm,0.4-0.8,0.4,0.8,µm,rod-shaped,1.0,gliding,negative,166175,67978,1,,2021-12-14 05:35:23
10698,3.2-4.5,3.2,4.5,µm,0.3-0.8,0.3,0.8,µm,rod-shaped,1.0,peritrichous,positive,166233,67979,1,,2021-12-14 05:35:23
10699,,,,,,,,,coccus-shaped,,,positive,160198,67980,1,,2021-12-14 05:35:23
10700,0.6-5.7,0.6,5.7,µm,0.2-1.3,0.2,1.3,µm,rod-shaped,1.0,"monotrichous, polar",negative,164190,67981,1,,2021-12-14 05:35:23
10701,1.0-2.0,1.0,2.0,µm,0.3-0.5,0.3,0.5,µm,rod-shaped,,,positive,164317,67982,1,,2021-12-14 05:35:23
10702,0.8-1.0,0.8,1.0,µm,0.2-0.3,0.2,0.3,µm,rod-shaped,,,negative,166151,67983,1,,2021-12-14 05:35:23
10703,2.0-6.0,2.0,6.0,µm,1.5-2.3,1.5,2.3,µm,rod-shaped,,,negative,166169,67984,1,,2021-12-14 05:35:23
10704,1.2-1.7,1.2,1.7,µm,0.7-1.0,0.7,1.0,µm,rod-shaped,0.0,,negative,164348,67985,1,,2021-12-14 05:35:23
10705,,,,,,,,,other,0.0,,positive,157686,67986,1,,2021-12-14 05:35:23
10706,1.4-20,1.4,20.0,µm,0.7-1.1,0.7,1.1,µm,rod-shaped,1.0,"monotrichous, polar",negative,166168,67987,1,,2021-12-14 05:35:23
10707,8.0-12.0,8.0,12.0,µm,2,2.0,2.0,µm,rod-shaped,0.0,,positive,159320,67988,1,,2021-12-14 05:35:23
10708,0.8-1.3,0.8,1.3,µm,,,,,coccus-shaped,0.0,,positive,160770,67989,1,,2021-12-14 05:35:23
10709,1.2-1.6,1.2,1.6,µm,0.3-0.4,0.3,0.4,µm,rod-shaped,0.0,,positive,166145,67990,1,,2021-12-14 05:35:23
10710,1.0-1.6,1.0,1.6,µm,0.5-1.0,0.5,1.0,µm,curved-shaped,0.0,,negative,166248,67991,1,,2021-12-14 05:35:23
10711,,,,,,,,,rod-shaped,,,,166248,67991,1,,2021-12-14 05:35:23
10712,2.1-3.4,2.1,3.4,µm,0.7,0.7,0.7,µm,rod-shaped,0.0,,positive,166328,67992,1,,2021-12-14 05:35:23
10713,2.4-3.7,2.4,3.7,µm,0.75,0.75,0.75,µm,rod-shaped,0.0,,positive,166329,67992,1,,2021-12-14 05:35:23
10715,0.7-1.0,0.7,1.0,µm,,,,,ovoid-shaped,0.0,,positive,166174,67994,1,,2021-12-14 05:35:23
10716,,,,,,,,,sphere-shaped,,,,166174,67994,1,,2021-12-14 05:35:23
10717,3.0-4.0,3.0,4.0,µm,0.5-0.8,0.5,0.8,µm,rod-shaped,1.0,peritrichous,negative,160507,67996,1,,2021-12-14 05:35:23
10718,,,,,,,,,filament-shaped,,,positive,166208,67997,1,,2021-12-14 05:35:23
10719,2.5,2.5,2.5,µm,0.5,0.5,0.5,µm,rod-shaped,1.0,,positive,166177,67998,1,,2021-12-14 05:35:23
10720,0.8-1.0,0.8,1.0,µm,0.4-0.5,0.4,0.5,µm,rod-shaped,0.0,,negative,166298,67999,1,,2021-12-14 05:35:23
10721,0.8-2.5,0.8,2.5,µm,0.8-1.4,0.8,1.4,µm,rod-shaped,0.0,,negative,159352,68000,1,,2021-12-14 05:35:23
10722,,,,,,,,,ovoid-shaped,,,,159352,68000,1,,2021-12-14 05:35:23
10723,1.4-2.2,1.4,2.2,µm,0.8-1.3,0.8,1.3,µm,rod-shaped,0.0,,negative,166178,68001,1,,2021-12-14 05:35:23
10724,,,,,,,,,,,,positive,164414,68002,1,,2021-12-14 05:35:23
10725,1.2-2.5,1.2,2.5,µm,,,,,vibrio-shaped,,,negative,166212,68003,1,,2021-12-14 05:35:23
10726,,,,,,,,,,1.0,"monotrichous, polar",,166212,68003,1,,2021-12-14 05:35:23
10727,,,,,,,,,,1.0,peritrichous,,166212,68003,1,,2021-12-14 05:35:23
10728,1.50-1.63,1.5,1.63,µm,0.78-0.84,0.78,0.84,µm,rod-shaped,0.0,,negative,160592,68004,1,,2021-12-14 05:35:23
10729,1.5-3.0,1.5,3.0,µm,1,1.0,1.0,µm,rod-shaped,0.0,,positive,166202,68005,1,,2021-12-14 05:35:23
10730,1.2-4.0,1.2,4.0,µm,0.6-0.8,0.6,0.8,µm,rod-shaped,0.0,,positive,166205,68006,1,,2021-12-14 05:35:23
10731,0.8-1.5,0.8,1.5,µm,0.3-0.5,0.3,0.5,µm,rod-shaped,1.0,"monotrichous, polar",negative,164339,68007,1,,2021-12-14 05:35:23
10732,1.6-2.5,1.6,2.5,µm,0.7-0.9,0.7,0.9,µm,rod-shaped,1.0,,negative,166194,68008,1,,2021-12-14 05:35:23
10733,0.8-1.5,0.8,1.5,µm,0.8-1.0,0.8,1.0,µm,rod-shaped,0.0,,negative,163904,68009,1,,2021-12-14 05:35:23
10734,1.9,1.9,1.9,µm,0.97,0.97,0.97,µm,rod-shaped,1.0,subpolar,negative,166188,68010,1,,2021-12-14 05:35:23
10735,,,,,,,,,filament-shaped,,,positive,157905,68011,1,,2021-12-14 05:35:23
10736,0.5-10.0,0.5,10.0,µm,0.5-1.0,0.5,1.0,µm,rod-shaped,0.0,,negative,166228,68012,1,,2021-12-14 05:35:23
10737,,,,,,,,,filament-shaped,,,,166228,68012,1,,2021-12-14 05:35:23
10738,0.7-3.0,0.7,3.0,µm,0.4-0.7,0.4,0.7,µm,rod-shaped,1.0,gliding,negative,166235,68013,1,,2021-12-14 05:35:23
10739,0.5-6.0,0.5,6.0,µm,0.2-0.6,0.2,0.6,µm,rod-shaped,1.0,polar,negative,166230,68014,1,,2021-12-14 05:35:23
10740,,,,,,,,,,0.0,,positive,166237,68015,1,,2021-12-14 05:35:23
10741,0.7-1.5,0.7,1.5,µm,0.3-0.6,0.3,0.6,µm,rod-shaped,0.0,,negative,166238,68016,1,,2021-12-14 05:35:23
10742,,,,,,,,,spore-shaped,0.0,,positive,166227,68017,1,,2021-12-14 05:35:23
10743,1.1-3.0,1.1,3.0,µm,0.5-0.8,0.5,0.8,µm,rod-shaped,0.0,,negative,166220,68018,1,,2021-12-14 05:35:23
10744,0.9-2.6,0.9,2.6,µm,0.3-1.0,0.3,1.0,µm,rod-shaped,0.0,,negative,166221,68018,1,,2021-12-14 05:35:23
10745,,,,,,,,,rod-shaped,,,negative,166218,68019,1,,2021-12-14 05:35:23
10746,,,,,,,,,coccus-shaped,,,,166218,68019,1,,2021-12-14 05:35:23
10747,,,,,,,,,ovoid-shaped,,,,166218,68019,1,,2021-12-14 05:35:23
10748,0.4-10.0,0.4,10.0,µm,0.4-0.8,0.4,0.8,µm,,0.0,,,166218,68019,1,,2021-12-14 05:35:23
10749,,,,,,,,,rod-shaped,,,positive,158836,68020,1,,2021-12-14 05:35:23
10750,,,,,,,,,coccus-shaped,,,,158836,68020,1,,2021-12-14 05:35:23
10751,3.5-5.0,3.5,5.0,µm,0.7-1.2,0.7,1.2,µm,rod-shaped,1.0,monotrichous,positive,166239,68021,1,,2021-12-14 05:35:23
10752,,,,,,,,,rod-shaped,,,positive,157981,68022,1,,2021-12-14 05:35:23
10753,,,,,,,,,rod-shaped,,,positive,158522,68023,1,,2021-12-14 05:35:23
10754,,,,,,,,,coccus-shaped,,,,158522,68023,1,,2021-12-14 05:35:23
10755,,,,,,,,,,0.0,,,158522,68023,1,,2021-12-14 05:35:23
10756,0.8-2.0,0.8,2.0,µm,0.5-0.8,0.5,0.8,µm,rod-shaped,1.0,"monotrichous, polar",negative,166229,68024,1,,2021-12-14 05:35:23
10757,,,,,,,,,,1.0,subpolar,negative,166232,68025,1,,2021-12-14 05:35:23
10758,,,,,,,,,,,peritrichous,,166232,68025,1,,2021-12-14 05:35:23
10759,2.2-2.7,2.2,2.7,µm,0.8-1.0,0.8,1.0,µm,rod-shaped,,,,166232,68025,1,,2021-12-14 05:35:23
10760,1.4-2.1,1.4,2.1,µm,0.9,0.9,0.9,µm,rod-shaped,1.0,monotrichous,negative,164488,68026,1,,2021-12-14 05:35:23
10761,,,,,,,,,,1.0,,negative,164525,68027,1,,2021-12-14 05:35:23
10762,,,,,,,,,,,,negative,166219,68028,1,,2021-12-14 05:35:23
10763,,,,,,,,,rod-shaped,,,,166219,68028,1,,2021-12-14 05:35:23
10764,,,,,,,,,,0.0,,,166219,68028,1,,2021-12-14 05:35:23
10765,3.0-4.0,3.0,4.0,µm,0.5-0.7,0.5,0.7,µm,rod-shaped,0.0,,negative,166285,68029,1,,2021-12-14 05:35:23
10766,0.7-1.2,0.7,1.2,µm,,,,,,0.0,,positive,166243,68030,1,,2021-12-14 05:35:23
10767,,,,,,,,,spore-shaped,,,,166243,68030,1,,2021-12-14 05:35:23
10768,1.3-3.0,1.3,3.0,µm,0.9,0.9,0.9,µm,rod-shaped,0.0,,negative,166256,68031,1,,2021-12-14 05:35:23
10769,1.3-2.5,1.3,2.5,µm,0.8,0.8,0.8,µm,rod-shaped,0.0,,negative,166257,68032,1,,2021-12-14 05:35:23
10770,,,,,,,,,,,,positive,166286,68033,1,,2021-12-14 05:35:23
10771,1.0-3.1,1.0,3.1,µm,0.3-0.5,0.3,0.5,µm,rod-shaped,1.0,,negative,166250,68034,1,,2021-12-14 05:35:23
10772,,,,,,,,,,,,negative,166262,68035,1,,2021-12-14 05:35:23
10773,0.7-1.5,0.7,1.5,µm,0.2-0.6,0.2,0.6,µm,rod-shaped,0.0,,negative,166265,68036,1,,2021-12-14 05:35:23
10774,,,,,,,,,coccus-shaped,,,,166265,68036,1,,2021-12-14 05:35:23
10775,1.5-6.0,1.5,6.0,µm,0.8-1.0,0.8,1.0,µm,rod-shaped,1.0,,negative,163855,68037,1,,2021-12-14 05:35:23
10776,,,,,,,,,,,,positive,159627,68038,1,,2021-12-14 05:35:23
10777,0.8-1.2,0.8,1.2,µm,0.15-0.3,0.15,0.3,µm,rod-shaped,1.0,peritrichous,negative,166267,68039,1,,2021-12-14 05:35:23
10778,1.3-3.5,1.3,3.5,µm,0.5-0.9,0.5,0.9,µm,rod-shaped,1.0,,negative,166225,68040,1,,2021-12-14 05:35:23
10779,1.0-1.8,1.0,1.8,µm,1.9-3.6,1.9,3.6,µm,rod-shaped,1.0,,negative,166276,68041,1,,2021-12-14 05:35:23
10780,0.8-2.0,0.8,2.0,µm,0.4-0.6,0.4,0.6,µm,rod-shaped,0.0,,negative,166283,68042,1,,2021-12-14 05:35:23
10781,0.9-3.4,0.9,3.4,µm,0.9-1.6,0.9,1.6,µm,rod-shaped,0.0,,negative,164516,68043,1,,2021-12-14 05:35:23
10782,,,,,,,,,rod-shaped,,,negative,166287,68044,1,,2021-12-14 05:35:23
10783,1.4-5-8,1.4,8.0,µm,0.5-1.2,0.5,1.2,µm,rod-shaped,,,positive,164504,68045,1,,2021-12-14 05:35:23
10784,1.0-2.5,1.0,2.5,µm,0.2-0.5,0.2,0.5,µm,curved-shaped,1.0,,negative,166273,68046,1,,2021-12-14 05:35:23
10785,,,,,,,,,rod-shaped,,,,166273,68046,1,,2021-12-14 05:35:23
10786,1.5-3.0,1.5,3.0,µm,0.3-0.5,0.3,0.5,µm,rod-shaped,1.0,polar,negative,164467,68047,1,,2021-12-14 05:35:23
10787,,,,,,,,,curved-shaped,,,,164467,68047,1,,2021-12-14 05:35:23
10788,,,,,,,,,,,,positive,164685,68048,1,,2021-12-14 05:35:23
10789,1.5-2.2,1.5,2.2,µm,1.1-1.4,1.1,1.4,µm,rod-shaped,1.0,monotrichous,positive,166332,68049,1,,2021-12-14 05:35:23
10790,1.2-5.9,1.2,5.9,µm,0.5-0.7,0.5,0.7,µm,rod-shaped,1.0,,positive,166386,68050,1,,2021-12-14 05:35:23
10791,0.8-1.9,0.8,1.9,µm,0.7-0.9,0.7,0.9,µm,rod-shaped,0.0,,negative,166343,68051,1,,2021-12-14 05:35:23
10792,0.4-0.5,0.4,0.5,µm,1.3-1.4,1.3,1.4,µm,rod-shaped,0.0,,negative,166408,68052,1,,2021-12-14 05:35:23
10793,0.5-1.0,0.5,1.0,µm,,,,,rod-shaped,1.0,,negative,166112,68053,1,,2021-12-14 05:35:23
10794,1.0-1.6,1.0,1.6,µm,0.5-0.7,0.5,0.7,µm,rod-shaped,1.0,polar,negative,166137,68054,1,,2021-12-14 05:35:23
10795,1.7-3.6,1.7,3.6,µm,0.4-0.6,0.4,0.6,µm,rod-shaped,1.0,gliding,negative,164449,68055,1,,2021-12-14 05:35:23
10796,,,,,,,,,rod-shaped,,,negative,163799,68056,1,,2021-12-14 05:35:23
10797,,,,,,,,,coccus-shaped,,,,163799,68056,1,,2021-12-14 05:35:23
10798,,,,,,,,,,1.0,"monotrichous, polar",,163799,68056,1,,2021-12-14 05:35:23
10799,,,,,,,,,rod-shaped,0.0,,negative,164428,68057,1,,2021-12-14 05:35:23
10800,,,,,,,,,rod-shaped,0.0,,negative,164419,68058,1,,2021-12-14 05:35:23
10801,1.7-10.5,1.7,10.5,µm,0.1-0.2,0.1,0.2,µm,rod-shaped,0.0,,negative,163760,68059,1,,2021-12-14 05:35:23
10802,2.1-2.2,2.1,2.2,µm,0.7-0.8,0.7,0.8,µm,rod-shaped,0.0,,negative,166115,68060,1,,2021-12-14 05:35:23
10803,1.3-1.8,1.3,1.8,µm,1.1-1.2,1.1,1.2,µm,rod-shaped,1.0,monotrichous,negative,166114,68061,1,,2021-12-14 05:35:23
10804,,,,,,,,,coccus-shaped,,,,166114,68061,1,,2021-12-14 05:35:23
10805,1.4-1.8,1.4,1.8,µm,0.5-0.7,0.5,0.7,µm,rod-shaped,0.0,,negative,166116,68062,1,,2021-12-14 05:35:23
10806,0.7-2.0,0.7,2.0,µm,0.3-0.7,0.3,0.7,µm,rod-shaped,0.0,,negative,166117,68063,1,,2021-12-14 05:35:23
10807,2.72-7.24,2.72,7.24,µm,0.42-0.46,0.42,0.46,µm,rod-shaped,0.0,,negative,164567,68064,1,,2021-12-14 05:35:23
10808,2.0-2.5,2.0,2.5,µm,1.0-1.5,1.0,1.5,µm,ovoid-shaped,0.0,,negative,166301,68065,1,,2021-12-14 05:35:23
10809,0.4-0.8,0.4,0.8,µm,1.2-2.0,1.2,2.0,µm,rod-shaped,1.0,,negative,166136,68066,1,,2021-12-14 05:35:23
10810,1.0-1.5,1.0,1.5,µm,0.4-0.7,0.4,0.7,µm,rod-shaped,0.0,,negative,166310,68067,1,,2021-12-14 05:35:23
10811,1.4-1.5,1.4,1.5,µm,0.6-0.7,0.6,0.7,µm,rod-shaped,0.0,,negative,166317,68068,1,,2021-12-14 05:35:23
10812,0.75-1.65,0.75,1.65,µm,0.3-0.4,0.3,0.4,µm,rod-shaped,1.0,peritrichous,negative,166135,68069,1,,2021-12-14 05:35:23
10813,1.0-6.0,1.0,6.0,µm,0.8-1.0,0.8,1.0,µm,pleomorphic-shaped,1.0,,negative,163753,68071,1,,2021-12-14 05:35:23
10814,,,,,,,,,rod-shaped,,,,163753,68071,1,,2021-12-14 05:35:23
10815,1.0-1.7,1.0,1.7,µm,0.5-0.7,0.5,0.7,µm,rod-shaped,0.0,,positive,166309,68072,1,,2021-12-14 05:35:23
10816,1.4-1.6,1.4,1.6,µm,0.8-1.0,0.8,1.0,µm,rod-shaped,1.0,,negative,166305,68073,1,,2021-12-14 05:35:23
10817,,,,,,,,,rod-shaped,0.0,,negative,166302,68074,1,,2021-12-14 05:35:23
10818,1.25-2.0,1.25,2.0,µm,0.5-0.7,0.5,0.7,µm,rod-shaped,1.0,,positive,164624,67902,1,,2021-12-14 05:35:23
10819,,,,,,,,,rod-shaped,1.0,,negative,166104,67902,1,,2021-12-14 05:35:23
10820,1.5-2.0,1.5,2.0,µm,0.8-1.0,0.8,1.0,µm,,,,,166104,68075,1,,2021-12-14 05:35:23
10821,1.0-1.2,1.0,1.2,µm,0.6-0.8,0.6,0.8,µm,pleomorphic-shaped,1.0,,negative,166103,68076,1,,2021-12-14 05:35:23
10822,,,,,,,,,rod-shaped,0.0,,negative,164323,68077,1,,2021-12-14 05:35:23
10823,1.4-2.6,1.4,2.6,µm,0.3-0.5,0.3,0.5,µm,rod-shaped,,,negative,166109,68078,1,,2021-12-14 05:35:23
10824,0.8-1.4,0.8,1.4,µm,0.8-1.3,0.8,1.3,µm,rod-shaped,0.0,,negative,166125,68079,1,,2021-12-14 05:35:23
10825,,,,,,,,,rod-shaped,1.0,,negative,166124,68080,1,,2021-12-14 05:35:23
10826,5.0-10.0,5.0,10.0,µm,0.5,0.5,0.5,µm,rod-shaped,1.0,gliding,negative,166111,68081,1,,2021-12-14 05:35:23
10827,0.8-1.2,0.8,1.2,µm,0.5-0.8,0.5,0.8,µm,rod-shaped,0.0,,negative,166122,68082,1,,2021-12-14 05:35:23
10828,,,,,,,,,rod-shaped,0.0,,positive,164320,68083,1,,2021-12-14 05:35:23
10829,3.1,3.1,3.1,µm,0.7,0.7,0.7,µm,rod-shaped,1.0,,positive,164475,68084,1,,2021-12-14 05:35:23
10830,,,,,,,,,,,,positive,159632,68085,1,,2021-12-14 05:35:23
10831,1.1-1.6,1.1,1.6,µm,0.4-0.5,0.4,0.5,µm,rod-shaped,0.0,,negative,166123,68086,1,,2021-12-14 05:35:23
10832,2.3-3.5,2.3,3.5,µm,0.3-0.7,0.3,0.7,µm,rod-shaped,1.0,,positive,166118,68087,1,,2021-12-14 05:35:23
10833,,,,,,,,,ovoid-shaped,,,negative,166399,68088,1,,2021-12-14 05:35:23
10834,,,,,,,,,sphere-shaped,,,,166399,68088,1,,2021-12-14 05:35:23
10835,1.8-2.2,1.8,2.2,µm,1.3-1.8,1.3,1.8,µm,,,,,166399,68088,1,,2021-12-14 05:35:23
10836,,,,,,,,,,1.0,"monotrichous, polar",,166399,68088,1,,2021-12-14 05:35:23
10837,1.4-2.0,1.4,2.0,µm,0.7-1.1,0.7,1.1,µm,coccus-shaped,,,,166396,68089,1,,2021-12-14 05:35:23
10838,,,,,,,,,,,,negative,166396,68089,1,,2021-12-14 05:35:23
10839,1.2-1.8,1.2,1.8,µm,0.8-1.2,0.8,1.2,µm,coccus-shaped,,,negative,166397,68089,1,,2021-12-14 05:35:23
10840,1.2-1.6,1.2,1.6,µm,0.8-1.0,0.8,1.0,µm,coccus-shaped,,,negative,166398,68089,1,,2021-12-14 05:35:23
10841,1.5-3.0,1.5,3.0,µm,0.5-1.0,0.5,1.0,µm,rod-shaped,1.0,monotrichous,negative,166126,68090,1,,2021-12-14 05:35:23
10842,1.6-2.4,1.6,2.4,µm,0.8-1.2,0.8,1.2,µm,ovoid-shaped,1.0,,negative,166370,68091,1,,2021-12-14 05:35:23
10843,1.5-2.3,1.5,2.3,µm,0.8-1.2,0.8,1.2,µm,ovoid-shaped,1.0,,negative,166410,68091,1,,2021-12-14 05:35:23
10844,1.3-1.9,1.3,1.9,µm,0.7-0.9,0.7,0.9,µm,ovoid-shaped,1.0,,negative,166409,68091,1,,2021-12-14 05:35:23
10845,1.5-2.1,1.5,2.1,µm,0.8-1.2,0.8,1.2,µm,other,1.0,,negative,159083,68092,1,,2021-12-14 05:35:23
10846,1.1-1.5,1.1,1.5,µm,0.6-0.8,0.6,0.8,µm,other,,,,160830,68160,1,,2021-12-14 05:35:23
10847,1.2-1.8,1.2,1.8,µm,0.6-1.0,0.6,1.0,µm,ovoid-shaped,,,,160632,68094,1,,2021-12-14 05:35:23
10848,,,,,,,,,,,,positive,164563,68095,1,,2021-12-14 05:35:23
10849,2.5-5.0,2.5,5.0,µm,1.0-2.0,1.0,2.0,µm,rod-shaped,0.0,,negative,166127,68096,1,,2021-12-14 05:35:23
10850,3.2-4.9,3.2,4.9,µm,1.2-1.4,1.2,1.4,µm,rod-shaped,0.0,,negative,164559,68097,1,,2021-12-14 05:35:23
10851,1.7-2.1,1.7,2.1,µm,0.8-1.2,0.8,1.2,µm,ovoid-shaped,,,negative,166401,68098,1,,2021-12-14 05:35:23
10852,1.2-1.6,1.2,1.6,µm,0.6-0.8,0.6,0.8,µm,other,,,negative,166385,68099,1,,2021-12-14 05:35:23
10853,1.8-2.6,1.8,2.6,µm,0.9-1.5,0.9,1.5,µm,rod-shaped,,,negative,166384,68100,1,,2021-12-14 05:35:23
10854,1.2-1.5,1.2,1.5,µm,1.0-1.2,1.0,1.2,µm,coccus-shaped,0.0,,negative,164650,68101,1,,2021-12-14 05:35:23
10855,,,,,,,,,coccus-shaped,0.0,,negative,166371,68101,1,,2021-12-14 05:35:23
10856,1.6,1.6,1.6,µm,0.9,0.9,0.9,µm,ovoid-shaped,,,,166391,68102,1,,2021-12-14 05:35:23
10857,1.4,1.4,1.4,µm,0.6,0.6,0.6,µm,rod-shaped,1.0,,negative,164554,68103,1,,2021-12-14 05:35:23
10858,2,2.0,2.0,µm,1.4,1.4,1.4,µm,,,,negative,166389,68104,1,,2021-12-14 05:35:23
10859,2.0-2.7,2.0,2.7,µm,0.7-0.8,0.7,0.8,µm,rod-shaped,1.0,,negative,164247,68105,1,,2021-12-14 05:35:23
10860,,,,,,,,,,,monotrichous,,164247,68105,1,,2021-12-14 05:35:23
10861,1.1-1.5,1.1,1.5,µm,0.9-1.1,0.9,1.1,µm,other,,,negative,166388,68106,1,,2021-12-14 05:35:23
10862,,,,,,,,,other,1.0,,negative,166404,68107,1,,2021-12-14 05:35:23
10863,2.3-2.5,2.3,2.5,µm,1.4-1.5,1.4,1.5,µm,other,,,negative,166405,68107,1,,2021-12-14 05:35:23
10864,,,,,,,,,,,,positive,164639,68108,1,,2021-12-14 05:35:23
10865,0.8-1.6,0.8,1.6,µm,0.2-0.7,0.2,0.7,µm,rod-shaped,0.0,,negative,166340,68109,1,,2021-12-14 05:35:23
10866,2.5-3.0,2.5,3.0,µm,0.5-1.0,0.5,1.0,µm,,1.0,,negative,166347,68110,1,,2021-12-14 05:35:23
10867,1.5-2.1,1.5,2.1,µm,0.7-1.1,0.7,1.1,µm,ovoid-shaped,,,negative,160127,68111,1,,2021-12-14 05:35:23
10868,,,,,,,,,rod-shaped,1.0,,negative,166342,68112,1,,2021-12-14 05:35:23
10869,,,,,,,,,ovoid-shaped,,,negative,166406,68113,1,,2021-12-14 05:35:23
10870,,,,,,,,,rod-shaped,,,negative,166407,68113,1,,2021-12-14 05:35:23
10871,,,,,,,,,ovoid-shaped,,,,166407,68113,1,,2021-12-14 05:35:23
10872,,,,,,,,,sphere-shaped,,,,166353,68114,1,,2021-12-14 05:35:23
10873,1.6-1.7,1.6,1.7,µm,1.3-1.5,1.3,1.5,µm,oval-shaped,,,negative,166353,68114,1,,2021-12-14 05:35:23
10874,,,,,,,,,,0.0,,,166353,68114,1,,2021-12-14 05:35:23
10875,2.3-3.2,2.3,3.2,µm,0.8-1.1,0.8,1.1,µm,rod-shaped,1.0,,negative,166381,68115,1,,2021-12-14 05:35:23
10876,1.0-3.0,1.0,3.0,µm,0.5-1.0,0.5,1.0,µm,rod-shaped,1.0,,negative,166382,68115,1,,2021-12-14 05:35:23
10877,1.5-2.0,1.5,2.0,µm,0.5-1.0,0.5,1.0,µm,rod-shaped,1.0,,positive,166351,68116,1,,2021-12-14 05:35:23
10878,1.1-1.8,1.1,1.8,µm,0.4-0.6,0.4,0.6,µm,rod-shaped,1.0,"monotrichous, polar",negative,166352,68117,1,,2021-12-14 05:35:23
10879,,,,,,,,,,0.0,,positive,166360,68118,1,,2021-12-14 05:35:23
10880,0.4-0.8,0.4,0.8,µm,,,,,coccus-shaped,0.0,,positive,166364,68119,1,,2021-12-14 05:35:23
10881,1.3-2.4,1.3,2.4,µm,0.6-0.9,0.6,0.9,µm,rod-shaped,1.0,monotrichous,negative,166138,68120,1,,2021-12-14 05:35:23
10882,0.5-2.0,0.5,2.0,µm,0.5-0.6,0.5,0.6,µm,rod-shaped,0.0,,negative,166316,68121,1,,2021-12-14 05:35:23
10883,1.9-5.2,1.9,5.2,µm,0.2-0.4,0.2,0.4,µm,rod-shaped,1.0,polar,negative,166179,68122,1,,2021-12-14 05:35:23
10884,3.5-4.5,3.5,4.5,µm,0.3-0.4,0.3,0.4,µm,rod-shaped,0.0,,positive,164230,68123,1,,2021-12-14 05:35:23
10885,3.5-4.5,3.5,4.5,µm,0.3-0.4,0.3,0.4,µm,rod-shaped,0.0,,positive,164229,68123,1,,2021-12-14 05:35:23
10886,1.2-3.5,1.2,3.5,µm,0.3-0.4,0.3,0.4,µm,rod-shaped,0.0,,positive,166527,68124,1,,2021-12-14 05:35:23
10887,0.5-1.5,0.5,1.5,µm,0.3-0.6,0.3,0.6,µm,rod-shaped,0.0,,negative,166525,68125,1,,2021-12-14 05:35:23
10888,,,,,,,,,rod-shaped,0.0,,positive,158508,68126,1,,2021-12-14 05:35:23
10889,0.9-1.1,0.9,1.1,µm,0.7-0.8,0.7,0.8,µm,coccus-shaped,0.0,,positive,166279,68127,1,,2021-12-14 05:35:23
10890,1.9,1.9,1.9,µm,,,,,rod-shaped,1.0,polar,negative,159312,68128,1,,2021-12-14 05:35:23
10891,2.0-2.5,2.0,2.5,µm,0.2-0.3,0.2,0.3,µm,rod-shaped,1.0,gliding,negative,166172,68129,1,,2021-12-14 05:35:23
10892,,,,,,,,,rod-shaped,1.0,peritrichous,negative,166295,68130,1,,2021-12-14 05:35:23
10893,0.2-0.9,0.2,0.9,µm,,,,,coccus-shaped,0.0,,negative,166180,68131,1,,2021-12-14 05:35:23
10894,0.5-2.0,0.5,2.0,µm,0.2-0.3,0.2,0.3,µm,rod-shaped,0.0,,positive,164709,68132,1,,2021-12-14 05:35:23
10895,1.09-1.38,1.09,1.38,µm,0.44-0.47,0.44,0.47,µm,rod-shaped,0.0,,positive,166181,68133,1,,2021-12-14 05:35:23
10896,3.0-5.0,3.0,5.0,µm,0.5-0.6,0.5,0.6,µm,rod-shaped,1.0,polar,variable,159374,68134,1,,2021-12-14 05:35:23
10897,,,,,,,,,rod-shaped,1.0,,positive,166186,68135,1,,2021-12-14 05:35:23
10898,1-4,1.0,4.0,µm,0.8-1,0.8,1.0,µm,rod-shaped,0.0,,positive,166165,68136,1,,2021-12-14 05:35:23
10899,1-2,1.0,2.0,µm,0.8-1,0.8,1.0,µm,rod-shaped,0.0,,positive,166164,68136,1,,2021-12-14 05:35:23
10900,1-3,1.0,3.0,µm,0.8-1.2,0.8,1.2,µm,rod-shaped,0.0,,positive,166163,68136,1,,2021-12-14 05:35:23
10901,1-4.5,1.0,4.5,µm,0.8-1,0.8,1.0,µm,rod-shaped,0.0,,positive,166162,68136,1,,2021-12-14 05:35:23
10902,1-2,1.0,2.0,µm,0.8-1,0.8,1.0,µm,rod-shaped,0.0,,positive,166161,68136,1,,2021-12-14 05:35:23
10903,1-2,1.0,2.0,µm,0.8-1,0.8,1.0,µm,rod-shaped,0.0,,positive,166160,68136,1,,2021-12-14 05:35:23
10904,1-8,1.0,8.0,µm,0.5-1,0.5,1.0,µm,rod-shaped,0.0,,positive,166159,68136,1,,2021-12-14 05:35:23
10905,2-7,2.0,7.0,µm,0.8-1,0.8,1.0,µm,rod-shaped,0.0,,positive,166158,68136,1,,2021-12-14 05:35:23
10906,1.5-8,1.5,8.0,µm,0.8-1,0.8,1.0,µm,rod-shaped,0.0,,positive,166157,68136,1,,2021-12-14 05:35:23
10907,2-9,2.0,9.0,µm,0.8-1.2,0.8,1.2,µm,rod-shaped,0.0,,positive,166156,68136,1,,2021-12-14 05:35:23
10908,2-10,2.0,10.0,µm,0.8-1.5,0.8,1.5,µm,rod-shaped,0.0,,positive,166155,68136,1,,2021-12-14 05:35:23
10909,1.3-1.6,1.3,1.6,µm,0.5-0.7,0.5,0.7,µm,rod-shaped,1.0,polar,negative,166236,68137,1,,2021-12-14 05:35:23
10910,1.56-1.71,1.56,1.71,µm,,,,,coccus-shaped,1.0,,negative,157913,68139,1,,2021-12-14 05:35:23
10911,1.1-1.3,1.1,1.3,µm,0.5,0.5,0.5,µm,rod-shaped,1.0,peritrichous,negative,166222,68140,1,,2021-12-14 05:35:23
10912,1.5-3.4,1.5,3.4,µm,,,,,coccus-shaped,0.0,,negative,159403,68141,1,,2021-12-14 05:35:23
10913,2-2.3,2.0,2.3,µm,0.4,0.4,0.4,µm,rod-shaped,0.0,,negative,166185,68142,1,,2021-12-14 05:35:23
10914,3.0-4.0,3.0,4.0,µm,0.8-1.0,0.8,1.0,µm,rod-shaped,1.0,polar,negative,166142,68143,1,,2021-12-14 05:35:23
10915,1-2,1.0,2.0,µm,0.8,0.8,0.8,µm,rod-shaped,0.0,,negative,159090,68144,1,,2021-12-14 05:35:23
10916,0.4-3,0.4,3.0,µm,0.4-0.8,0.4,0.8,µm,coccus-shaped,0.0,,negative,166167,68145,1,,2021-12-14 05:35:23
10917,2.0-9.0,2.0,9.0,µm,0.6-1.0,0.6,1.0,µm,rod-shaped,0.0,,negative,166182,68146,1,,2021-12-14 05:35:23
10918,1.0-1.9,1.0,1.9,µm,0.5-0.8,0.5,0.8,µm,rod-shaped,1.0,,negative,166144,68147,1,,2021-12-14 05:35:23
10919,,,,,,,,,rod-shaped,1.0,,negative,166166,68148,1,,2021-12-14 05:35:23
10920,,,,,,,,,,0.0,,positive,166150,68149,1,,2021-12-14 05:35:23
10921,0.8-1.3,0.8,1.3,µm,0.3-0.6,0.3,0.6,µm,rod-shaped,1.0,polar,negative,166206,68150,1,,2021-12-14 05:35:23
10922,1-5,1.0,5.0,µm,0.5,0.5,0.5,µm,rod-shaped,1.0,peritrichous,positive,166211,68151,1,,2021-12-14 05:35:23
10923,,,,,,,,,,0.0,,negative,166192,68152,1,,2021-12-14 05:35:23
10924,1,1.0,1.0,µm,0.5,0.5,0.5,µm,rod-shaped,1.0,,negative,164390,68153,1,,2021-12-14 05:35:23
10925,1.1-1.2,1.1,1.2,µm,0.5-0.6,0.5,0.6,µm,rod-shaped,0.0,,negative,166278,68154,1,,2021-12-14 05:35:23
10926,1.5-2.5,1.5,2.5,µm,0.5-0.6,0.5,0.6,µm,pleomorphic-shaped,0.0,,,163852,68155,1,,2021-12-14 05:35:23
10927,1-3.5,1.0,3.5,µm,0.5-0.6,0.5,0.6,µm,pleomorphic-shaped,1.0,,,163851,68155,1,,2021-12-14 05:35:23
10928,0.3-0.6,0.3,0.6,µm,,,,,coccus-shaped,0.0,,positive,166277,68156,1,,2021-12-14 05:35:23
10929,2.1,2.1,2.1,µm,0.98,0.98,0.98,µm,rod-shaped,1.0,polar,negative,164146,68157,1,,2021-12-14 05:35:23
10930,1.1-1.9,1.1,1.9,µm,0.5-0.9,0.5,0.9,µm,rod-shaped,1.0,,negative,166197,68158,1,,2021-12-14 05:35:23
10931,0.4-2.5,0.4,2.5,µm,0.4-0.6,0.4,0.6,µm,pleomorphic-shaped,0.0,,negative,166195,68159,1,,2021-12-14 05:35:23
10932,1-2,1.0,2.0,µm,,,,,coccus-shaped,1.0,,negative,166203,68160,1,,2021-12-14 05:35:23
10933,1.1-1.3,1.1,1.3,µm,0.6-0.7,0.6,0.7,µm,other,0.0,,negative,166154,68161,1,,2021-12-14 05:35:23
10934,1.0-1.2,1.0,1.2,µm,,,,,coccus-shaped,0.0,,positive,164124,68162,1,,2021-12-14 05:35:23
10935,0.8-1.2,0.8,1.2,µm,0.6-0.8,0.6,0.8,µm,rod-shaped,0.0,,negative,166147,68163,1,,2021-12-14 05:35:23
10936,0.6-2.0,0.6,2.0,µm,0.3-0.8,0.3,0.8,µm,rod-shaped,1.0,polar,negative,166173,68164,1,,2021-12-14 05:35:23
10937,1.0-2,1.0,2.0,µm,0.5-0.8,0.5,0.8,µm,rod-shaped,0.0,,positive,160818,68165,1,,2021-12-14 05:35:23
10938,,,,,,,,,,0.0,,positive,166143,68166,1,,2021-12-14 05:35:23
10939,0.5-0.8,0.5,0.8,µm,0.4-0.5,0.4,0.5,µm,rod-shaped,1.0,,negative,166213,68167,1,,2021-12-14 05:35:23
10940,,,,,,,,,,0.0,,positive,163941,68168,1,,2021-12-14 05:35:23
10941,1.5-1.6,1.5,1.6,µm,0.4-0.5,0.4,0.5,µm,rod-shaped,0.0,,negative,166201,68169,1,,2021-12-14 05:35:23
10942,1.8-3.0,1.8,3.0,µm,,,,,rod-shaped,0.0,,negative,159052,68170,1,,2021-12-14 05:35:23
10943,0.5-10.0,0.5,10.0,µm,0.2-0.4,0.2,0.4,µm,filament-shaped,0.0,,negative,166210,68171,1,,2021-12-14 05:35:23
10944,1.6,1.6,1.6,µm,0.5,0.5,0.5,µm,rod-shaped,1.0,gliding,negative,166196,68172,1,,2021-12-14 05:35:23
10945,1.7,1.7,1.7,µm,0.6,0.6,0.6,µm,rod-shaped,1.0,gliding,negative,164431,68172,1,,2021-12-14 05:35:23
10946,,,,,,,,,rod-shaped,0.0,,negative,166198,68173,1,,2021-12-14 05:35:23
10947,1.8-3.2,1.8,3.2,µm,0.4-0.5,0.4,0.5,µm,rod-shaped,1.0,gliding,negative,159925,68174,1,,2021-12-14 05:35:23
10948,2.2-5.1,2.2,5.1,µm,0.3-0.5,0.3,0.5,µm,rod-shaped,1.0,gliding,negative,166204,68174,1,,2021-12-14 05:35:23
10949,1.1-1.5,1.1,1.5,µm,1.1-1.3,1.1,1.3,µm,coccus-shaped,0.0,,negative,166193,68175,1,,2021-12-14 05:35:23
10950,0.4-4.0,0.4,4.0,µm,0.4-0.6,0.4,0.6,µm,pleomorphic-shaped,0.0,,negative,166207,68176,1,,2021-12-14 05:35:23
10951,1.2-2.2,1.2,2.2,µm,0.3-0.6,0.3,0.6,µm,rod-shaped,1.0,peritrichous,positive,164404,68177,1,,2021-12-14 05:35:23
10952,1.2-3.0,1.2,3.0,µm,0.6-0.7,0.6,0.7,µm,rod-shaped,1.0,monotrichous,positive,164402,68177,1,,2021-12-14 05:35:23
10953,,,,,,,,,,1.0,monopolar,negative,23375,68178,1,,2021-12-14 05:35:23
10954,0.8-1.0,0.8,1.0,µm,0.5-0.6,0.5,0.6,µm,pleomorphic-shaped,0.0,,negative,166199,68179,1,,2021-12-14 05:35:23
10955,,,,,,,,,,,,positive,164205,68180,1,,2021-12-14 05:35:23
10956,1.5-2.5,1.5,2.5,µm,0.5,0.5,0.5,µm,rod-shaped,1.0,,negative,159192,68181,1,,2021-12-14 05:35:23
10957,1.4-3.0,1.4,3.0,µm,0.4-0.6,0.4,0.6,µm,rod-shaped,0.0,,negative,166209,68182,1,,2021-12-14 05:35:23
10958,,,,,,,,,rod-shaped,0.0,,positive,166189,68184,1,,2021-12-14 05:35:23
10959,,,,,,,,,rod-shaped,0.0,,positive,166190,68184,1,,2021-12-14 05:35:23
10960,,,,,,,,,pleomorphic-shaped,0.0,,positive,166191,68184,1,,2021-12-14 05:35:23
10961,1.3-1.4,1.3,1.4,µm,0.7-0.8,0.7,0.8,µm,rod-shaped,1.0,"monotrichous, polar",negative,166214,68185,1,,2021-12-14 05:35:23
10962,2.0-2.2,2.0,2.2,µm,0.9-1.0,0.9,1.0,µm,rod-shaped,0.0,,negative,164502,68186,1,,2021-12-14 05:35:23
10963,0.7-1.3,0.7,1.3,µm,0.2-0.6,0.2,0.6,µm,pleomorphic-shaped,0.0,,positive,160006,68187,1,,2021-12-14 05:35:23
10964,1.3-2.0,1.3,2.0,µm,0.6-0.8,0.6,0.8,µm,rod-shaped,0.0,,negative,166268,68188,1,,2021-12-14 05:35:23
10965,1.6-2.2,1.6,2.2,µm,0.4-0.6,0.4,0.6,µm,rod-shaped,,,positive,166200,68189,1,,2021-12-14 05:35:23
10966,1,1.0,1.0,µm,,,,,coccus-shaped,0.0,,positive,164674,68190,1,,2021-12-14 05:35:23
10967,1,1.0,1.0,µm,,,,,coccus-shaped,0.0,,positive,166240,68190,1,,2021-12-14 05:35:23
10968,1,1.0,1.0,µm,,,,,coccus-shaped,0.0,,positive,166241,68190,1,,2021-12-14 05:35:23
10969,1,1.0,1.0,µm,,,,,coccus-shaped,0.0,,positive,166242,68190,1,,2021-12-14 05:35:23
10970,1,1.0,1.0,µm,,,,,coccus-shaped,0.0,,positive,164673,68190,1,,2021-12-14 05:35:23
10971,2-3,2.0,3.0,µm,0.5-1,0.5,1.0,µm,rod-shaped,0.0,,positive,164658,68191,1,,2021-12-14 05:35:23
10972,1-3,1.0,3.0,µm,1,1.0,1.0,µm,rod-shaped,0.0,,positive,164660,68191,1,,2021-12-14 05:35:23
10973,2-4,2.0,4.0,µm,1,1.0,1.0,µm,rod-shaped,0.0,,positive,164659,68191,1,,2021-12-14 05:35:23
10974,1-2,1.0,2.0,µm,1,1.0,1.0,µm,rod-shaped,0.0,,positive,164663,68191,1,,2021-12-14 05:35:23
10975,1-3,1.0,3.0,µm,1,1.0,1.0,µm,rod-shaped,0.0,,positive,164661,68191,1,,2021-12-14 05:35:23
10976,1-2,1.0,2.0,µm,1,1.0,1.0,µm,rod-shaped,0.0,,positive,164662,68191,1,,2021-12-14 05:35:23
10977,2-3,2.0,3.0,µm,1,1.0,1.0,µm,rod-shaped,0.0,,positive,164665,68191,1,,2021-12-14 05:35:23
10978,1,1.0,1.0,µm,1,1.0,1.0,µm,coccus-shaped,0.0,,positive,166234,68191,1,,2021-12-14 05:35:23
10979,2.5-4,2.5,4.0,µm,1,1.0,1.0,µm,rod-shaped,0.0,,positive,164664,68191,1,,2021-12-14 05:35:23
10980,1-6,1.0,6.0,µm,0.6-1,0.6,1.0,µm,rod-shaped,0.0,,negative,166223,68192,1,,2021-12-14 05:35:23
10981,,,,,,,,,,1.0,,negative,166139,68193,1,,2021-12-14 05:35:23
10982,0.7-1.3,0.7,1.3,µm,0.5-0.8,0.5,0.8,µm,rod-shaped,1.0,"monotrichous, polar",negative,166217,68194,1,,2021-12-14 05:35:23
10983,0.8-9,0.8,9.0,µm,0.3-1,0.3,1.0,µm,pleomorphic-shaped,0.0,,negative,166231,68195,1,,2021-12-14 05:35:23
10984,1-2.5,1.0,2.5,µm,0.5,0.5,0.5,µm,rod-shaped,1.0,,negative,161846,68196,1,,2021-12-14 05:35:23
10985,3.2-3.3,3.2,3.3,µm,1.3-1.5,1.3,1.5,µm,rod-shaped,0.0,,negative,166226,68197,1,,2021-12-14 05:35:23
10986,1.3-1.6,1.3,1.6,µm,0.5-0.6,0.5,0.6,µm,rod-shaped,1.0,,positive,166224,68198,1,,2021-12-14 05:35:23
10987,1-1.4,1.0,1.4,µm,0.2-0.4,0.2,0.4,µm,rod-shaped,0.0,,positive,159616,68199,1,,2021-12-14 05:35:23
10988,,,,,,,,,,1.0,,negative,166215,68193,1,,2021-12-14 05:35:23
10989,,,,,,,,,,1.0,,negative,166216,68193,1,,2021-12-14 05:35:23
10990,2.0-2.5,2.0,2.5,µm,0.5-1.0,0.5,1.0,µm,rod-shaped,1.0,,negative,164413,68200,1,,2021-12-14 05:35:23
10991,1-2,1.0,2.0,µm,0.5-0.8,0.5,0.8,µm,rod-shaped,1.0,,negative,164545,68201,1,,2021-12-14 05:35:23
10992,1.2-1.6,1.2,1.6,µm,0.6-0.7,0.6,0.7,µm,rod-shaped,1.0,"monotrichous, polar",negative,164259,68202,1,,2021-12-14 05:35:23
10993,1.0-2.8,1.0,2.8,µm,0.3-0.9,0.3,0.9,µm,rod-shaped,0.0,,negative,166097,68203,1,,2021-12-14 05:35:23
10994,4.8-5.4,4.8,5.4,µm,0.7-0.8,0.7,0.8,µm,rod-shaped,1.0,"monotrichous, polar",negative,166254,68204,1,,2021-12-14 05:35:23
10995,,,,,,,,,rod-shaped,0.0,,negative,166260,68205,1,,2021-12-14 05:35:23
10996,2.2-3.6,2.2,3.6,µm,0.6-0.7,0.6,0.7,µm,rod-shaped,0.0,,negative,166252,68206,1,,2021-12-14 05:35:23
10997,3.5-4.0,3.5,4.0,µm,0.8-1.0,0.8,1.0,µm,rod-shaped,1.0,"monotrichous, polar",negative,166251,68207,1,,2021-12-14 05:35:23
10998,,,,,,,,,,0.0,,negative,164558,68208,1,,2021-12-14 05:35:23
10999,0.8-1.5,0.8,1.5,µm,0.3-0.5,0.3,0.5,µm,rod-shaped,1.0,gliding,negative,166270,68209,1,,2021-12-14 05:35:23
11000,1-9,1.0,9.0,µm,0.4-0.6,0.4,0.6,µm,rod-shaped,0.0,,positive,166249,68210,1,,2021-12-14 05:35:23
11001,,,,,,,,,,0.0,,positive,157980,68211,1,,2021-12-14 05:35:23
11002,4.7-10.8,4.7,10.8,µm,0.8-1.1,0.8,1.1,µm,rod-shaped,1.0,gliding,negative,164447,68212,1,,2021-12-14 05:35:23
11003,1.7,1.7,1.7,µm,0.6,0.6,0.6,µm,rod-shaped,1.0,,positive,160327,68213,1,,2021-12-14 05:35:23
11004,,,,,,,,,rod-shaped,0.0,,negative,166263,68214,1,,2021-12-14 05:35:23
11005,2.0-2.3,2.0,2.3,µm,1.0-1.5,1.0,1.5,µm,rod-shaped,1.0,polar,negative,164420,68215,1,,2021-12-14 05:35:23
11006,1.5,1.5,1.5,µm,0.3,0.3,0.3,µm,rod-shaped,1.0,lophotrichous,negative,164180,68216,1,,2021-12-14 05:35:23
11007,1.6-2.7,1.6,2.7,µm,0.4-0.6,0.4,0.6,µm,rod-shaped,1.0,peritrichous,positive,164308,68217,1,,2021-12-14 05:35:23
11008,1-2,1.0,2.0,µm,0.4-0.5,0.4,0.5,µm,rod-shaped,0.0,,negative,160625,68218,1,,2021-12-14 05:35:23
11009,1.6-3.5,1.6,3.5,µm,0.4-0.7,0.4,0.7,µm,rod-shaped,1.0,polar,negative,166261,68219,1,,2021-12-14 05:35:23
11010,1.2-1.8,1.2,1.8,µm,0.6-0.7,0.6,0.7,µm,rod-shaped,1.0,polar,negative,166264,68220,1,,2021-12-14 05:35:23
11011,0.66-1.33,0.66,1.33,µm,0.25-0.4,0.25,0.4,µm,rod-shaped,0.0,,negative,164092,68221,1,,2021-12-14 05:35:23
11012,0.66-1.33,0.66,1.33,,,,,,rod-shaped,0.0,,positive,157972,68222,1,,2021-12-14 05:35:23
11013,1.4-2.8,1.4,2.8,µm,0.4-0.5,0.4,0.5,µm,rod-shaped,0.0,,negative,166247,68223,1,,2021-12-14 05:35:23
11014,1.9-4.0,1.9,4.0,µm,0.4-0.6,0.4,0.6,µm,rod-shaped,0.0,,negative,166258,68224,1,,2021-12-14 05:35:23
11015,2-4,2.0,4.0,µm,1,1.0,1.0,µm,rod-shaped,0.0,,negative,166255,68225,1,,2021-12-14 05:35:23
11016,1.3-2.1,1.3,2.1,µm,0.6-1,0.6,1.0,µm,rod-shaped,1.0,gliding,negative,166253,68226,1,,2021-12-14 05:35:23
11017,,,,,,,,,filament-shaped,0.0,,positive,166244,68227,1,,2021-12-14 05:35:23
11018,2-5,2.0,5.0,µm,,,,,rod-shaped,,,positive,159203,68228,1,,2021-12-14 05:35:23
11019,1.3-2.5,1.3,2.5,µm,0.2-0.5,0.2,0.5,µm,rod-shaped,0.0,,positive,164547,68229,1,,2021-12-14 05:35:23
11020,1.1-2.8,1.1,2.8,µm,0.5,0.5,0.5,µm,coccus-shaped,0.0,,negative,166246,68230,1,,2021-12-14 05:35:23
11021,0.8-1.8,0.8,1.8,µm,0.3-0.8,0.3,0.8,µm,pleomorphic-shaped,0.0,,negative,166288,68231,1,,2021-12-14 05:35:23
11022,0.7-1.7,0.7,1.7,µm,0.5-0.7,0.5,0.7,µm,pleomorphic-shaped,0.0,,negative,166289,68231,1,,2021-12-14 05:35:23
11023,,,,,,,,,pleomorphic-shaped,,,negative,166266,68232,1,,2021-12-14 05:35:23
11024,1.3-3.1,1.3,3.1,µm,0.3-0.6,0.3,0.6,µm,rod-shaped,1.0,polar,negative,166272,68233,1,,2021-12-14 05:35:23
11025,1-2,1.0,2.0,µm,0.6-0.8,0.6,0.8,µm,rod-shaped,1.0,polar,negative,166290,68234,1,,2021-12-14 05:35:23
11026,1-2.5,1.0,2.5,µm,0.6-0.8,0.6,0.8,µm,rod-shaped,1.0,polar,negative,166291,68234,1,,2021-12-14 05:35:23
11027,,,,,,,,,rod-shaped,0.0,,positive,166269,68235,1,,2021-12-14 05:35:23
11028,1.7-2.5,1.7,2.5,µm,0.4-0.8,0.4,0.8,µm,rod-shaped,0.0,,negative,166284,68236,1,,2021-12-14 05:35:23
11029,2.0-2.8,2.0,2.8,µm,0.3-0.4,0.3,0.4,µm,rod-shaped,0.0,,negative,166280,68237,1,,2021-12-14 05:35:23
11030,1.93-2.28,1.93,2.28,µm,0.65-0.77,0.65,0.77,µm,rod-shaped,1.0,,positive,159377,68238,1,,2021-12-14 05:35:23
11031,1.64-3.21,1.64,3.21,µm,0.48-0.51,0.48,0.51,µm,rod-shaped,0.0,,negative,166271,68239,1,,2021-12-14 05:35:23
11032,1.5-4.4,1.5,4.4,µm,0.6-0.8,0.6,0.8,µm,rod-shaped,0.0,,negative,158883,68240,1,,2021-12-14 05:35:23
11033,0.8-1.2,0.8,1.2,µm,0.3-0.5,0.3,0.5,µm,rod-shaped,,,negative,166282,68241,1,,2021-12-14 05:35:23
11034,1.7-2.1,1.7,2.1,µm,0.4-0.6,0.4,0.6,µm,rod-shaped,0.0,,negative,166292,68242,1,,2021-12-14 05:35:23
11035,0.5-1,0.5,1.0,µm,0.3,0.3,0.3,µm,vibrio-shaped,1.0,polar,negative,164426,68243,1,,2021-12-14 05:35:23
11036,1-2.5,1.0,2.5,µm,0.5-0.8,0.5,0.8,µm,rod-shaped,1.0,,negative,163887,68244,1,,2021-12-14 05:35:23
11037,4,4.0,4.0,µm,1,1.0,1.0,µm,rod-shaped,1.0,,positive,166294,68245,1,,2021-12-14 05:35:23
11038,1.5-3.2,1.5,3.2,µm,0.8-1.2,0.8,1.2,µm,pleomorphic-shaped,0.0,,negative,166275,68246,1,,2021-12-14 05:35:23
11039,1-3,1.0,3.0,µm,0.3-0.6,0.3,0.6,µm,rod-shaped,,,negative,166281,68247,1,,2021-12-14 05:35:23
11040,0.5,0.5,0.5,µm,0.3,0.3,0.3,µm,rod-shaped,,,positive,159679,68248,1,,2021-12-14 05:35:23
11041,1.5-6.0,1.5,6.0,µm,0.3-0.5,0.3,0.5,µm,rod-shaped,0.0,,negative,164616,68249,1,,2021-12-14 05:35:23
11042,2.5,2.5,2.5,µm,0.3,0.3,0.3,µm,rod-shaped,1.0,,negative,166274,68250,1,,2021-12-14 05:35:23
11043,0.8-3.4,0.8,3.4,µm,0.8-1.1,0.8,1.1,µm,pleomorphic-shaped,,,positive,164371,68251,1,,2021-12-14 05:35:23
11044,2-3,2.0,3.0,µm,0.6-0.8,0.6,0.8,µm,rod-shaped,1.0,polar,negative,166380,68252,1,,2021-12-14 05:35:23
11045,0.6-0.8,0.6,0.8,µm,1.0-1.5,1.0,1.5,µm,rod-shaped,,,negative,166331,68253,1,,2021-12-14 05:35:23
11046,,,,,,,,,filament-shaped,0.0,,positive,164452,68254,1,,2021-12-14 05:35:23
11047,0.6-0.7,0.6,0.7,µm,0.4-0.5,0.4,0.5,µm,rod-shaped,,,negative,166098,68255,1,,2021-12-14 05:35:23
11048,0.9-1.5,0.9,1.5,µm,0.3-0.4,0.3,0.4,µm,rod-shaped,0.0,,negative,166099,68256,1,,2021-12-14 05:35:23
11049,1.4-2.3,1.4,2.3,µm,0.5-0.6,0.5,0.6,µm,rod-shaped,0.0,,negative,164417,68257,1,,2021-12-14 05:35:23
11050,1.7-5.0,1.7,5.0,µm,0.7-1.0,0.7,1.0,µm,rod-shaped,0.0,,negative,166120,68258,1,,2021-12-14 05:35:23
11051,,,,,,,,,rod-shaped,1.0,,negative,166119,68259,1,,2021-12-14 05:35:23
11052,1.8-2.5,1.8,2.5,µm,0.3-0.6,0.3,0.6,µm,rod-shaped,1.0,gliding,negative,166121,68260,1,,2021-12-14 05:35:23
11053,,,,,,,,,rod-shaped,0.0,,negative,164350,68261,1,,2021-12-14 05:35:23
11054,0.7-1.7,0.7,1.7,µm,0.3-0.5,0.3,0.5,µm,rod-shaped,0.0,,negative,166100,68262,1,,2021-12-14 05:35:23
11055,1.2-1.7,1.2,1.7,µm,0.4-0.6,0.4,0.6,µm,rod-shaped,1.0,gliding,negative,164448,68263,1,,2021-12-14 05:35:23
11056,1.1-1.8,1.1,1.8,µm,0.6-0.8,0.6,0.8,µm,rod-shaped,0.0,,positive,166134,68264,1,,2021-12-14 05:35:23
11057,2.3-3.7,2.3,3.7,µm,1.2-1.4,1.2,1.4,µm,rod-shaped,1.0,gliding,negative,164450,68265,1,,2021-12-14 05:35:23
11058,1.6-1.8,1.6,1.8,µm,0.6-0.8,0.6,0.8,µm,coccus-shaped,0.0,,negative,164465,68266,1,,2021-12-14 05:35:23
11059,1.9-5.4,1.9,5.4,µm,0.8-1.1,0.8,1.1,µm,rod-shaped,0.0,,negative,162600,68268,1,,2021-12-14 05:35:23
11060,2-5,2.0,5.0,µm,0.8,0.8,0.8,µm,rod-shaped,1.0,,negative,159185,68269,1,,2021-12-14 05:35:23
11061,,,,,,,,,rod-shaped,,,negative,166133,68270,1,,2021-12-14 05:35:23
11062,1.2-2.0,1.2,2.0,µm,0.7-0.8,0.7,0.8,µm,rod-shaped,0.0,,negative,164192,68271,1,,2021-12-14 05:35:23
11063,1-4,1.0,4.0,µm,0.3-0.8,0.3,0.8,µm,rod-shaped,1.0,gliding,negative,166320,68272,1,,2021-12-14 05:35:23
11064,3-4,3.0,4.0,µm,0.9-1.0,0.9,1.0,µm,rod-shaped,0.0,,positive,166303,68273,1,,2021-12-14 05:35:23
11065,2-3,2.0,3.0,µm,1.0-1.1,1.0,1.1,µm,rod-shaped,1.0,,positive,166376,68274,1,,2021-12-14 05:35:23
11066,1.6-5.2,1.6,5.2,µm,0.2-0.4,0.2,0.4,µm,rod-shaped,1.0,polar,positive,166377,68275,1,,2021-12-14 05:35:23
11067,,,,,,,,,rod-shaped,1.0,gliding,negative,166350,68276,1,,2021-12-14 05:35:23
11068,2-5,2.0,5.0,µm,0.3-0.6,0.3,0.6,µm,rod-shaped,1.0,,positive,166101,68277,1,,2021-12-14 05:35:23
11069,,,,,,,,,,0.0,,positive,166402,68278,1,,2021-12-14 05:35:23
11070,,,,,,,,,,,,positive,166321,68279,1,,2021-12-14 05:35:23
11071,1.2-1.3,1.2,1.3,µm,0.9-1.0,0.9,1.0,µm,rod-shaped,1.0,polar,negative,166383,68280,1,,2021-12-14 05:35:23
11072,0.4-1.2,0.4,1.2,µm,0.1-0.3,0.1,0.3,µm,rod-shaped,0.0,,positive,164369,68281,1,,2021-12-14 05:35:23
11073,2-3.6,2.0,3.6,µm,1-1.7,1.0,1.7,µm,rod-shaped,1.0,,negative,166308,68282,1,,2021-12-14 05:35:23
11074,0.5-1.5,0.5,1.5,µm,0.3-0.6,0.3,0.6,µm,rod-shaped,1.0,,negative,166318,68283,1,,2021-12-14 05:35:23
11075,1.4-1.8,1.4,1.8,µm,0.5-0.7,0.5,0.7,µm,rod-shaped,1.0,,negative,166333,68284,1,,2021-12-14 05:35:23
11076,,,,,,,,,,,,positive,164598,68285,1,,2021-12-14 05:35:23
11077,,,,,,,,,,0.0,,positive,166390,68286,1,,2021-12-14 05:35:23
11078,1.3-1.8,1.3,1.8,µm,1.0-1.6,1.0,1.6,µm,rod-shaped,1.0,polar,negative,166379,68287,1,,2021-12-14 05:35:23
11079,1.1-1.4,1.1,1.4,µm,0.6-0.7,0.6,0.7,µm,pleomorphic-shaped,0.0,,positive,166403,68288,1,,2021-12-14 05:35:23
11080,1.6,1.6,1.6,µm,0.5,0.5,0.5,µm,rod-shaped,0.0,,negative,166296,68289,1,,2021-12-14 05:35:23
11081,,,,,,,,,rod-shaped,,,negative,166311,68291,1,,2021-12-14 05:35:23
11082,,,,,,,,,rod-shaped,,,negative,166312,68291,1,,2021-12-14 05:35:23
11083,0.6-2.0,0.6,2.0,µm,0.2-0.5,0.2,0.5,µm,rod-shaped,1.0,gliding,negative,166337,68290,1,,2021-12-14 05:35:23
11084,1.3-1.7,1.3,1.7,µm,0.9-1.0,0.9,1.0,µm,rod-shaped,1.0,polar,negative,166374,68292,1,,2021-12-14 05:35:23
11085,3.7-4.2,3.7,4.2,µm,0.5-1.5,0.5,1.5,µm,rod-shaped,0.0,,negative,164473,68293,1,,2021-12-14 05:35:23
11086,3.5-4.0,3.5,4.0,µm,1.0-1.5,1.0,1.5,µm,rod-shaped,1.0,,positive,166341,68294,1,,2021-12-14 05:35:23
11087,,,,,,,,,rod-shaped,0.0,,negative,166344,68295,1,,2021-12-14 05:35:23
11088,2-3.5,2.0,3.5,µm,1-1.2,1.0,1.2,µm,rod-shaped,1.0,polar,negative,166324,68296,1,,2021-12-14 05:35:23
11089,1.3-3.2,1.3,3.2,µm,0.5-0.8,0.5,0.8,µm,rod-shaped,1.0,polar,negative,166315,68297,1,,2021-12-14 05:35:23
11090,0.5-1.3,0.5,1.3,µm,0.3-0.5,0.3,0.5,µm,rod-shaped,1.0,,negative,166378,68298,1,,2021-12-14 05:35:23
11091,1.2-1.4,1.2,1.4,µm,0.5-0.6,0.5,0.6,µm,rod-shaped,0.0,,negative,166313,68299,1,,2021-12-14 05:35:23
11092,15.5-20,15.5,20.0,µm,7.5-8,7.5,8.0,µm,ellipsoidal,0.0,,negative,166319,68300,1,,2021-12-14 05:35:23
11093,,,,,,,,,rod-shaped,0.0,,negative,162196,68301,1,,2021-12-14 05:35:23
11094,0.7-1.2,0.7,1.2,µm,0.5-0.7,0.5,0.7,µm,rod-shaped,0.0,,positive,164638,68302,1,,2021-12-14 05:35:23
11095,1.8-3.8,1.8,3.8,µm,0.8-1.2,0.8,1.2,µm,rod-shaped,1.0,polar,positive,166335,68303,1,,2021-12-14 05:35:23
11096,,,,,,,,,rod-shaped,1.0,,positive,166336,68304,1,,2021-12-14 05:35:23
11097,1.9-3,1.9,3.0,µm,0.8-1,0.8,1.0,µm,rod-shaped,0.0,,positive,166338,68305,1,,2021-12-14 05:35:23
11098,1.2-1.6,1.2,1.6,µm,0.8-1,0.8,1.0,µm,rod-shaped,1.0,polar,negative,166375,68306,1,,2021-12-14 05:35:23
11099,1.8-2.3,1.8,2.3,µm,0.4-0.5,0.4,0.5,µm,rod-shaped,0.0,,positive,164573,68307,1,,2021-12-14 05:35:23
11100,2.7-3.6,2.7,3.6,µm,1.0-1.2,1.0,1.2,µm,rod-shaped,1.0,,negative,166339,68308,1,,2021-12-14 05:35:23
11101,1.0-1.3,1.0,1.3,µm,0.6-0.64,0.6,0.64,µm,rod-shaped,1.0,gliding,negative,166415,68309,1,,2021-12-14 05:35:23
11102,1.4-2.5,1.4,2.5,µm,0.4-0.5,0.4,0.5,µm,rod-shaped,1.0,,positive,166345,68310,1,,2021-12-14 05:35:23
11103,,,,,,,,,coccus-shaped,0.0,,negative,163942,68311,1,,2021-12-14 05:35:23
11104,2.4-2.6,2.4,2.6,µm,0.7-0.8,0.7,0.8,µm,rod-shaped,0.0,,negative,166356,68312,1,,2021-12-14 05:35:23
11105,1.4-2.2,1.4,2.2,µm,0.6-1.2,0.6,1.2,µm,pleomorphic-shaped,1.0,,negative,166357,68313,1,,2021-12-14 05:35:23
11106,,,,,,,,,,1.0,,positive,164277,68314,1,,2021-12-14 05:35:23
11107,1.5-2.0,1.5,2.0,µm,0.6-0.8,0.6,0.8,µm,rod-shaped,1.0,,negative,166369,68315,1,,2021-12-14 05:35:23
11108,1.5-2.0,1.5,2.0,µm,0.3-0.5,0.3,0.5,µm,rod-shaped,0.0,,negative,166366,68316,1,,2021-12-14 05:35:23
11109,0.2-1.5,0.2,1.5,µm,0.2-0.3,0.2,0.3,µm,pleomorphic-shaped,0.0,,negative,166412,68317,1,,2021-12-14 05:35:23
11110,1.9-2.0,1.9,2.0,µm,0.3-0.4,0.3,0.4,µm,rod-shaped,0.0,,negative,166355,68318,1,,2021-12-14 05:35:23
11111,2.1-3.1,2.1,3.1,µm,0.15-0.3,0.15,0.3,µm,rod-shaped,1.0,polar,negative,166392,68319,1,,2021-12-14 05:35:23
11112,2.9-5.3,2.9,5.3,µm,1-1.2,1.0,1.2,µm,rod-shaped,0.0,,negative,164676,68320,1,,2021-12-14 05:35:23
11113,0.8-2,0.8,2.0,µm,0.3-0.7,0.3,0.7,µm,rod-shaped,1.0,polar,negative,166367,68321,1,,2021-12-14 05:35:23
11114,0.8-2,0.8,2.0,µm,0.3-0.7,0.3,0.7,µm,rod-shaped,,,negative,166368,68322,1,,2021-12-14 05:35:23
11115,0.7-1.6,0.7,1.6,µm,0.3-0.4,0.3,0.4,µm,rod-shaped,1.0,polar,negative,166113,68323,1,,2021-12-14 05:35:23
11116,1.2-2.5,1.2,2.5,µm,,,,,rod-shaped,1.0,polar,negative,160797,68324,1,,2021-12-14 05:35:23
11117,2.7,2.7,2.7,µm,1.3,1.3,1.3,µm,rod-shaped,0.0,,negative,166108,68325,1,,2021-12-14 05:35:23
11118,,,,,,,,,,0.0,,positive,166107,68326,1,,2021-12-14 05:35:23
11119,1-2.8,1.0,2.8,µm,0.5-0.8,0.5,0.8,µm,rod-shaped,0.0,,positive,164491,68327,1,,2021-12-14 05:35:23
11120,1.5-2,1.5,2.0,µm,0.7-0.9,0.7,0.9,µm,rod-shaped,0.0,,positive,160441,68328,1,,2021-12-14 05:35:23
11121,1.6-2.9,1.6,2.9,µm,0.5-0.7,0.5,0.7,µm,rod-shaped,1.0,polar,positive,166102,68329,1,,2021-12-14 05:35:23
11122,1.4-2.9,1.4,2.9,µm,0.6-0.8,0.6,0.8,µm,rod-shaped,1.0,,negative,166106,68330,1,,2021-12-14 05:35:23
11123,6-7,6.0,7.0,µm,1-1.2,1.0,1.2,µm,rod-shaped,1.0,,positive,166105,68331,1,,2021-12-14 05:35:23
11124,,,,,,,,,,0.0,,positive,159507,68332,1,,2021-12-14 05:35:23
11125,1.4-1.8,1.4,1.8,µm,0.7-0.9,0.7,0.9,µm,other,,,,166400,68333,1,,2021-12-14 05:35:23
11126,1-2,1.0,2.0,µm,0.7-0.8,0.7,0.8,µm,rod-shaped,1.0,polar,negative,166110,68334,1,,2021-12-14 05:35:23
11127,2-8,2.0,8.0,µm,1.2-1.5,1.2,1.5,µm,rod-shaped,1.0,,negative,166128,68335,1,,2021-12-14 05:35:23
11128,2-4,2.0,4.0,µm,1-1.2,1.0,1.2,µm,rod-shaped,1.0,,negative,166129,68335,1,,2021-12-14 05:35:23
11129,0.7-1.4,0.7,1.4,µm,0.2-0.5,0.2,0.5,µm,rod-shaped,0.0,,negative,166131,68336,1,,2021-12-14 05:35:23
11130,1.2-1.7,1.2,1.7,µm,0.5-0.6,0.5,0.6,µm,rod-shaped,1.0,polar,negative,166132,68337,1,,2021-12-14 05:35:23
11131,,,,,,,,,,,,positive,166299,68338,1,,2021-12-14 05:35:23
11132,,,,,,,,,,,,positive,166300,68338,1,,2021-12-14 05:35:23
11133,2.1-2.7,2.1,2.7,µm,1.7-2.1,1.7,2.1,µm,pleomorphic-shaped,,,negative,166393,68339,1,,2021-12-14 05:35:23
11134,1.9-2.7,1.9,2.7,µm,0.8-1.2,0.8,1.2,µm,other,,,negative,166394,68339,1,,2021-12-14 05:35:23
11135,1.7-2.3,1.7,2.3,µm,1.1-1.5,1.1,1.5,µm,other,,,negative,166395,68339,1,,2021-12-14 05:35:23
11136,,,,,,,,,rod-shaped,0.0,,negative,166306,68340,1,,2021-12-14 05:35:23
11137,,,,,,,,,,,,positive,166130,68341,1,,2021-12-14 05:35:23
11138,4.8-8,4.8,8.0,µm,,,,,rod-shaped,1.0,,negative,166323,68342,1,,2021-12-14 05:35:23
11139,1,1.0,1.0,µm,,,,,,,,positive,164341,68343,1,,2021-12-14 05:35:23
11140,0.8-1.5,0.8,1.5,µm,0.4-0.5,0.4,0.5,µm,rod-shaped,1.0,polar,negative,166307,68344,1,,2021-12-14 05:35:23
11141,2.2-2.6,2.2,2.6,µm,0.4-0.6,0.4,0.6,µm,rod-shaped,1.0,polar,negative,164174,68345,1,,2021-12-14 05:35:23
11142,2.6-3.2,2.6,3.2,µm,0.5-0.7,0.5,0.7,µm,rod-shaped,1.0,polar,negative,164175,68345,1,,2021-12-14 05:35:23
11143,1-1.7,1.0,1.7,µm,0.4-0.7,0.4,0.7,µm,rod-shaped,0.0,,negative,164701,68346,1,,2021-12-14 05:35:23
11144,0.8-1,0.8,1.0,µm,0.8-1,0.8,1.0,µm,pleomorphic-shaped,0.0,,positive,166304,68347,1,,2021-12-14 05:35:23
11145,1.4-6.0,1.4,6.0,µm,0.7-0.8,0.7,0.8,µm,rod-shaped,0.0,,positive,166325,68347,1,,2021-12-14 05:35:23
11146,,,,,,,,,,,,positive,166322,68348,1,,2021-12-14 05:35:23
11147,1.3-1.9,1.3,1.9,µm,0.5-0.9,0.5,0.9,µm,other,1.0,,negative,166387,68349,1,,2021-12-14 05:35:23
11148,1.5-3.1,1.5,3.1,µm,0.8-1.1,0.8,1.1,µm,rod-shaped,,,negative,166372,68350,1,,2021-12-14 05:35:23
11149,1.5-2,1.5,2.0,µm,0.9-1,0.9,1.0,µm,rod-shaped,1.0,,negative,166326,68351,1,,2021-12-14 05:35:23
11150,1.8-2.4,1.8,2.4,µm,0.9-1,0.9,1.0,µm,rod-shaped,1.0,,negative,166327,68351,1,,2021-12-14 05:35:23
11151,2.4-3.1,2.4,3.1,µm,0.9-1.1,0.9,1.1,µm,rod-shaped,1.0,,negative,166354,68351,1,,2021-12-14 05:35:23
11152,1.7-2.7,1.7,2.7,µm,0.8-0.9,0.8,0.9,µm,rod-shaped,1.0,,negative,166330,68351,1,,2021-12-14 05:35:23
11153,1.4-2.0,1.4,2.0,µm,,,,,other,0.0,,negative,160831,68352,1,,2021-12-14 05:35:23
11154,0.5-1.2,0.5,1.2,µm,0.4-0.5,0.4,0.5,µm,rod-shaped,1.0,,negative,166334,68353,1,,2021-12-14 05:35:23
11155,1.9-2.8,1.9,2.8,µm,0.9-1.2,0.9,1.2,µm,rod-shaped,1.0,polar,negative,166373,68354,1,,2021-12-14 05:35:23
11156,1-1.2,1.0,1.2,µm,0.6-0.8,0.6,0.8,µm,other,1.0,polar,negative,166365,68355,1,,2021-12-14 05:35:23
11157,1.3-1.9,1.3,1.9,µm,0.8-1.2,0.8,1.2,µm,other,,,negative,160572,68355,1,,2021-12-14 05:35:23
11158,1.1-1.7,1.1,1.7,µm,0.6-0.8,0.6,0.8,µm,other,,,negative,160122,68355,1,,2021-12-14 05:35:23
11159,1.1-1.3,1.1,1.3,µm,0.5-0.7,0.5,0.7,µm,other,,,negative,166358,68355,1,,2021-12-14 05:35:23
11160,1.1-1.5,1.1,1.5,µm,0.6-0.8,0.6,0.8,µm,other,,,negative,160326,68355,1,,2021-12-14 05:35:23
11161,1-1.4,1.0,1.4,µm,0.5-0.7,0.5,0.7,µm,other,,,negative,160513,68355,1,,2021-12-14 05:35:23
11162,1.2-1.6,1.2,1.6,µm,0.7-0.9,0.7,0.9,µm,other,,,negative,160162,68355,1,,2021-12-14 05:35:23
11163,1.1-1.5,1.1,1.5,µm,0.5-0.7,0.5,0.7,µm,other,,,negative,160128,68355,1,,2021-12-14 05:35:23
11164,0.7-2.3,0.7,2.3,µm,0.6-1,0.6,1.0,µm,rod-shaped,1.0,polar,negative,164703,68356,1,,2021-12-14 05:35:23
11165,1.2-1.5,1.2,1.5,µm,0.8-1,0.8,1.0,µm,rod-shaped,,,negative,166361,68357,1,,2021-12-14 05:35:23
11166,3.2-3.5,3.2,3.5,µm,1-1.1,1.0,1.1,µm,rod-shaped,,,negative,166362,68357,1,,2021-12-14 05:35:23
11167,1.2-1.6,1.2,1.6,µm,0.6-0.8,0.6,0.8,µm,other,1.0,,negative,160642,68358,1,,2021-12-14 05:35:23
11168,1.2-1.8,1.2,1.8,µm,0.5-0.9,0.5,0.9,µm,other,,,negative,166414,68358,1,,2021-12-14 05:35:23
11169,1.1-1.5,1.1,1.5,µm,0.9-1.1,0.9,1.1,µm,other,,,negative,160299,68358,1,,2021-12-14 05:35:23
11170,1.6-2.2,1.6,2.2,µm,1.1-1.5,1.1,1.5,µm,other,,,negative,160477,68358,1,,2021-12-14 05:35:23
11171,1.2-1.4,1.2,1.4,µm,0.7-0.9,0.7,0.9,µm,other,,,negative,160662,68358,1,,2021-12-14 05:35:23
11172,1.7,1.7,1.7,µm,0.8,0.8,0.8,µm,rod-shaped,0.0,,negative,166359,68359,1,,2021-12-14 05:35:23
11173,2.8,2.8,2.8,µm,0.7,0.7,0.7,µm,rod-shaped,0.0,,negative,166363,68359,1,,2021-12-14 05:35:23
11174,0.6-1,0.6,1.0,µm,,,,,coccus-shaped,0.0,,positive,164571,68361,1,,2021-12-14 05:35:23
11175,1.1-2.8,1.1,2.8,µm,0.6-0.8,0.6,0.8,µm,rod-shaped,0.0,,negative,166411,68362,1,,2021-12-14 05:35:23
11176,2.5-4,2.5,4.0,µm,0.7-0.9,0.7,0.9,µm,rod-shaped,,,positive,166348,68363,1,,2021-12-14 05:35:23
11177,2.5-3.5,2.5,3.5,µm,0.7-1,0.7,1.0,µm,rod-shaped,,,positive,166349,68363,1,,2021-12-14 05:35:23
11178,0.8-1,0.8,1.0,µm,0.45-0.5,0.45,0.5,µm,rod-shaped,0.0,,negative,166413,68364,1,,2021-12-14 05:35:23
11179,2.5-8,2.5,8.0,µm,1.3-1.5,1.3,1.5,µm,rod-shaped,1.0,,negative,164451,68365,1,,2021-12-14 05:35:23
11180,30,30.0,30.0,µm,0.8,0.8,0.8,µm,filament-shaped,,,negative,164451,68365,1,,2021-12-14 05:35:23
